   1.1237514e+00   1.1177070e+00   1.1224091e+00   1.1352619e+00   1.1138967e+00   1.0912371e+00   1.2636399e+00   1.1330102e+00   1.1484770e+00   1.1042108e+00   1.1356174e+00   1.1363179e+00   1.1563530e+00   1.1132956e+00   1.0972855e+00   1.1003526e+00   1.1511586e+00   1.1245046e+00   1.1799567e+00   1.1589233e+00   1.1288329e+00   1.1058823e+00   1.1394170e+00   1.1319634e+00   1.1190769e+00
   1.1049325e+00   1.0841860e+00   1.0918767e+00   1.0875896e+00   1.0885244e+00   1.0813046e+00   1.0844073e+00   1.0843313e+00   1.0879649e+00   1.0854575e+00   1.0842772e+00   1.0822110e+00   1.1046024e+00   1.0846163e+00   1.0825839e+00   1.0851912e+00   1.0865779e+00   1.0857860e+00   1.1102713e+00   1.0777583e+00   1.0810659e+00   1.0842628e+00   1.0844074e+00   1.0846103e+00   1.0830515e+00
   1.1014154e+00   1.0835386e+00   1.0843920e+00   1.0855598e+00   1.0842488e+00   1.0809737e+00   1.0839230e+00   1.0840332e+00   1.0858231e+00   1.0840229e+00   1.0839865e+00   1.0817458e+00   1.0943100e+00   1.0836101e+00   1.0832666e+00   1.0838119e+00   1.0841599e+00   1.0840035e+00   1.1024902e+00   1.0772361e+00   1.0808552e+00   1.0843054e+00   1.0836280e+00   1.0839976e+00   1.0843218e+00
   1.1002833e+00   1.0835248e+00   1.0840808e+00   1.0842945e+00   1.0841775e+00   1.0813254e+00   1.0839020e+00   1.0840146e+00   1.0854005e+00   1.0839667e+00   1.0839726e+00   1.0817411e+00   1.0923836e+00   1.0835866e+00   1.0842753e+00   1.0835283e+00   1.0841493e+00   1.0839510e+00   1.1010686e+00   1.0770099e+00   1.0808390e+00   1.0842925e+00   1.0834227e+00   1.0838404e+00   1.0842713e+00
   1.0999635e+00   1.0835219e+00   1.0843008e+00   1.0842884e+00   1.0841014e+00   1.0843068e+00   1.0838954e+00   1.0840123e+00   1.0844149e+00   1.0842886e+00   1.0839706e+00   1.0842305e+00   1.0922673e+00   1.0835765e+00   1.0842955e+00   1.0834856e+00   1.0841412e+00   1.0838913e+00   1.1010534e+00   1.0770022e+00   1.0807254e+00   1.0842855e+00   1.0833109e+00   1.0837413e+00   1.0842645e+00
   1.0997351e+00   1.0835484e+00   1.0842955e+00   1.0842686e+00   1.0842599e+00   1.0842931e+00   1.0838912e+00   1.0840083e+00   1.0843023e+00   1.0842913e+00   1.0839674e+00   1.0842938e+00   1.0920126e+00   1.0835680e+00   1.0842950e+00   1.0842811e+00   1.0841336e+00   1.0838869e+00   1.1010031e+00   1.0840132e+00   1.0807237e+00   1.0842768e+00   1.0839240e+00   1.0837231e+00   1.0842583e+00
   1.0994475e+00   1.0835120e+00   1.0842865e+00   1.0841960e+00   1.0840172e+00   1.0842926e+00   1.0838874e+00   1.0843001e+00   1.0842922e+00   1.0842992e+00   1.0839643e+00   1.0842830e+00   1.0918661e+00   1.0835608e+00   1.0842990e+00   1.0842990e+00   1.0841248e+00   1.0838821e+00   1.1009786e+00   1.0842032e+00   1.0807051e+00   1.0842690e+00   1.0843004e+00   1.0835690e+00   1.0842489e+00
   1.0991070e+00   1.0835038e+00   1.0842656e+00   1.0841854e+00   1.0840152e+00   1.0842990e+00   1.0838738e+00   1.0842946e+00   1.0842986e+00   1.0842991e+00   1.0840808e+00   1.0842746e+00   1.0917956e+00   1.0842998e+00   1.0842990e+00   1.0842990e+00   1.0841121e+00   1.0838702e+00   1.1009615e+00   1.0841943e+00   1.0806871e+00   1.0842567e+00   1.0842982e+00   1.0842957e+00   1.0842387e+00
   1.0987873e+00   1.0834985e+00   1.0842255e+00   1.0841718e+00   1.0839824e+00   1.0842990e+00   1.0838646e+00   1.0842984e+00   1.0842990e+00   1.0842991e+00   1.0839795e+00   1.0842529e+00   1.0913287e+00   1.0842934e+00   1.0842990e+00   1.0842990e+00   1.0842989e+00   1.0838555e+00   1.1009606e+00   1.0842812e+00   1.0843001e+00   1.0842458e+00   1.0842978e+00   1.0842994e+00   1.0842440e+00
   1.0982898e+00   1.0842930e+00   1.0842973e+00   1.0842981e+00   1.0843006e+00   1.0842990e+00   1.0843004e+00   1.0842921e+00   1.0842990e+00   1.0842991e+00   1.0842982e+00   1.0842996e+00   1.0911915e+00   1.0842990e+00   1.0842990e+00   1.0842990e+00   1.0842992e+00   1.0842955e+00   1.1009605e+00   1.0842991e+00   1.0843004e+00   1.0842990e+00   1.0842990e+00   1.0842994e+00   1.0842993e+00
