   3.4330017e+04   5.3203024e+04   5.4912009e+04   5.4761006e+04   6.4096812e+04   5.2632149e+04   5.2269561e+04   5.3939123e+04   5.0537853e+04   5.3983208e+04   5.5959907e+04   5.7459090e+04   4.9465314e+04   3.6174480e+04   3.4330017e+04   5.0460114e+04   6.8285134e+04   5.1264574e+04   5.3733044e+04   5.3780181e+04   5.3179746e+04   5.2374495e+04   5.8010688e+04   5.1674376e+04   3.4330017e+04
   7.3390369e+04   6.0188346e+04   6.7465980e+04   6.1099175e+04   6.4313114e+04   7.1993614e+04   7.2910245e+04   5.1183768e+04   7.6157391e+04   7.2962765e+04   7.8402238e+04   6.5789231e+04   8.3159580e+04   8.4552422e+04   8.7262783e+04   6.0988159e+04   6.4729788e+04   6.3305930e+04   7.1973165e+04   6.0829418e+04   7.6027288e+04   7.5698499e+04   6.4809993e+04   7.7534529e+04   2.1827724e+05
   6.6195169e+04   6.1183773e+04   6.0663306e+04   6.0560661e+04   5.9873172e+04   6.0946088e+04   6.3442566e+04   6.1266174e+04   6.1795747e+04   5.9776759e+04   6.1361486e+04   6.1866409e+04   6.0949083e+04   6.4809781e+04   6.5145646e+04   5.9756714e+04   6.0044552e+04   6.0444644e+04   6.1410280e+04   6.2483390e+04   6.1785330e+04   6.0921154e+04   6.1254482e+04   6.0613022e+04   6.8928714e+04
   5.9699788e+04   5.9595595e+04   5.9087366e+04   5.9288619e+04   5.8630461e+04   5.9612268e+04   5.9528884e+04   5.9126968e+04   5.9130045e+04   5.8958128e+04   5.8855121e+04   5.8878455e+04   5.9409365e+04   5.9503573e+04   5.9155013e+04   5.9102943e+04   5.8661453e+04   5.9003345e+04   5.9286596e+04   5.9827303e+04   5.9191062e+04   5.9276068e+04   5.8940481e+04   5.9347671e+04   5.9553315e+04
   5.8593498e+04   5.8600103e+04   5.8530447e+04   5.8578412e+04   5.8512071e+04   5.8643900e+04   5.8652358e+04   5.8538486e+04   5.8566354e+04   5.8545657e+04   5.8533776e+04   5.8530078e+04   5.8561522e+04   5.8576237e+04   5.8552643e+04   5.8563754e+04   5.8515553e+04   5.8545939e+04   5.8566084e+04   5.8623564e+04   5.8568865e+04   5.8588287e+04   5.8540169e+04   5.8577198e+04   5.8561737e+04
   5.8508069e+04   5.8509141e+04   5.8506793e+04   5.8507713e+04   5.8505558e+04   5.8510642e+04   5.8509170e+04   5.8505950e+04   5.8506773e+04   5.8506395e+04   5.8505912e+04   5.8506464e+04   5.8508066e+04   5.8508849e+04   5.8506791e+04   5.8507922e+04   5.8505777e+04   5.8506874e+04   5.8507832e+04   5.8510180e+04   5.8506926e+04   5.8507465e+04   5.8506393e+04   5.8507967e+04   5.8507350e+04
   5.8505464e+04   5.8505478e+04   5.8505456e+04   5.8505461e+04   5.8505450e+04   5.8505482e+04   5.8505487e+04   5.8505453e+04   5.8505456e+04   5.8505455e+04   5.8505453e+04   5.8505460e+04   5.8505477e+04   5.8505465e+04   5.8505455e+04   5.8505464e+04   5.8505452e+04   5.8505459e+04   5.8505468e+04   5.8505493e+04   5.8505457e+04   5.8505462e+04   5.8505458e+04   5.8505468e+04   5.8505465e+04
   5.8505450e+04   5.8505450e+04   5.8505450e+04   5.8505450e+04   5.8505450e+04   5.8505450e+04   5.8505450e+04   5.8505450e+04   5.8505450e+04   5.8505450e+04   5.8505450e+04   5.8505450e+04   5.8505450e+04   5.8505450e+04   5.8505450e+04   5.8505450e+04   5.8505450e+04   5.8505450e+04   5.8505450e+04   5.8505450e+04   5.8505450e+04   5.8505450e+04   5.8505450e+04   5.8505450e+04   5.8505450e+04
   5.8505450e+04   5.8505450e+04   5.8505450e+04   5.8505450e+04   5.8505450e+04   5.8505450e+04   5.8505450e+04   5.8505450e+04   5.8505450e+04   5.8505450e+04   5.8505450e+04   5.8505450e+04   5.8505450e+04   5.8505450e+04   5.8505450e+04   5.8505450e+04   5.8505450e+04   5.8505450e+04   5.8505450e+04   5.8505450e+04   5.8505450e+04   5.8505450e+04   5.8505450e+04   5.8505450e+04   5.8505450e+04
   5.8505450e+04   5.8505450e+04   5.8505450e+04   5.8505450e+04   5.8505450e+04   5.8505450e+04   5.8505450e+04   5.8505450e+04   5.8505450e+04   5.8505450e+04   5.8505450e+04   5.8505450e+04   5.8505450e+04   5.8505450e+04   5.8505450e+04   5.8505450e+04   5.8505450e+04   5.8505450e+04   5.8505450e+04   5.8505450e+04   5.8505450e+04   5.8505450e+04   5.8505450e+04   5.8505450e+04   5.8505450e+04
