  -2.1264075e+03  -1.3455861e+03  -2.9138322e+03  -2.2977386e+03  -2.0445122e+03  -1.4926932e+03  -2.3339390e+03  -2.4937777e+03  -1.1161549e+03  -2.1597767e+03  -2.2441939e+03  -2.2440962e+03  -8.9618277e+02  -2.6653305e+03  -1.5744587e+03  -2.4895249e+03  -1.8170963e+03  -2.6388666e+03  -2.2182200e+03  -2.7473457e+03  -1.6674730e+03  -2.8836849e+03  -3.6625657e+02  -1.4378375e+03  -1.2126613e+02
  -6.2725538e+02  -2.6678093e+02  -4.2676909e+02  -4.3633062e+02  -5.3128387e+02   1.4132186e+02  -4.1543605e+02  -2.6324843e+02  -7.7396016e+02  -5.4544514e+02  -3.8475601e+02  -5.3352738e+02  -7.4706846e+02  -1.5183046e+02  -4.1268510e+02   2.8564554e+01  -4.9239892e+02  -4.0079074e+02  -2.9014707e+02  -5.9146082e+02  -8.3124400e+02  -3.3113069e+02  -2.0322189e+01  -8.4981836e+02  -5.8201837e+02
  -2.7924873e+02  -2.1306120e+02  -2.4323652e+02  -1.0935497e+02  -3.4743350e+02   2.2470006e+02   8.9836007e+01  -9.7249832e+01  -1.6781615e+02  -4.4198389e+02  -2.0467732e+02   2.2512518e+02  -3.9577324e+02  -8.1145319e+01  -4.1384627e+02  -7.7845604e+01  -3.2484595e+02   1.3156619e+02  -3.6082728e+01  -2.0878472e+02  -5.1232329e+02  -8.4386901e+01  -1.1877377e+02  -3.5783721e+02  -3.4611332e+02
  -1.6840068e+02  -1.5814032e+02  -1.1722472e+02  -1.3488549e+02  -1.1243396e+02  -1.1990849e+02  -1.4275594e+02  -1.8486964e+02  -2.4612810e+02  -1.8176105e+02  -1.4729456e+02  -1.4961438e+02  -3.1208294e+02  -1.8057239e+02  -1.4770547e+02  -2.8560151e+02  -1.5183288e+02  -1.0552540e+02  -1.0357008e+02   3.3775086e+01  -2.5895764e+02  -1.4306774e+02  -3.0297115e+02  -1.3664095e+02  -2.3469981e+02
  -2.6962812e+02  -0.0000000e+00  -2.8536741e+02  -6.5706370e+01  -2.1065933e+02  -0.0000000e+00  -3.0497112e+02  -2.2944365e+02  -1.7384212e+02  -0.0000000e+00  -0.0000000e+00  -0.0000000e+00  -0.0000000e+00   2.5231702e-01  -2.7605894e+02  -2.2862083e+02  -0.0000000e+00  -1.9963071e+02  -2.2566736e+02  -1.9183736e+02  -0.0000000e+00  -1.6410702e+02  -0.0000000e+00  -1.7939753e+02  -0.0000000e+00
  -3.4509220e+02  -0.0000000e+00  -0.0000000e+00  -2.4338182e+02  -2.9944624e+02  -0.0000000e+00  -0.0000000e+00  -3.0703955e+02  -3.3454495e+02  -0.0000000e+00  -0.0000000e+00  -0.0000000e+00  -0.0000000e+00  -0.0000000e+00  -0.0000000e+00  -0.0000000e+00  -0.0000000e+00  -3.1099628e+02  -0.0000000e+00  -3.1503204e+02  -0.0000000e+00  -0.0000000e+00  -0.0000000e+00  -3.4190599e+02  -0.0000000e+00
  -3.8316982e+02  -3.9252763e+02  -3.8456279e+02  -3.3037319e+02  -3.5447711e+02  -3.4097481e+02  -3.8217980e+02  -3.3596563e+02  -3.6480398e+02  -0.0000000e+00  -3.6676918e+02  -3.8420375e+02  -2.1603736e+00  -0.0000000e+00  -3.6865074e+02  -3.7922670e+02  -0.0000000e+00  -3.4715270e+02  -3.7255271e+02  -3.4780735e+02  -3.8485221e+02  -3.4223533e+02  -3.8881303e+02  -3.7340436e+02  -3.8773660e+02
  -3.8952116e+02  -3.9962321e+02  -3.9198884e+02  -3.8186983e+02  -3.6444454e+02  -3.6755943e+02  -3.8453104e+02  -3.4511105e+02  -3.7178089e+02  -3.8011134e+02  -3.9778508e+02  -3.8958848e+02  -2.1603736e+00  -0.0000000e+00  -3.8135903e+02  -3.9409842e+02  -0.0000000e+00  -3.7793941e+02  -3.8080475e+02  -3.9762638e+02  -3.9138194e+02  -3.4582952e+02  -3.9488771e+02  -3.7983742e+02  -3.9833379e+02
  -3.9999469e+02  -4.0000508e+02  -3.9975604e+02  -3.8339710e+02  -3.9646723e+02  -3.7628093e+02  -3.9879656e+02  -3.5730340e+02  -3.9909777e+02  -3.8011134e+02  -3.9945386e+02  -3.9119049e+02  -2.1615138e+00  -0.0000000e+00  -3.9917951e+02  -3.9977610e+02  -0.0000000e+00  -3.8244411e+02  -4.0000320e+02  -4.0000206e+02  -3.9482923e+02  -3.9687808e+02  -3.9914141e+02  -3.8160847e+02  -3.9963616e+02
  -4.0000553e+02  -4.0000550e+02  -3.9995298e+02  -3.8642700e+02  -3.9734150e+02  -3.9015154e+02  -3.9894366e+02  -3.9982060e+02  -3.9997288e+02  -3.9282788e+02  -3.9954417e+02  -3.9581143e+02  -1.0652804e+01  -0.0000000e+00  -3.9961809e+02  -4.0000543e+02  -0.0000000e+00  -3.9817774e+02  -4.0000411e+02  -4.0000503e+02  -4.0000456e+02  -3.9888468e+02  -3.9998958e+02  -3.8780250e+02  -3.9999285e+02
