   1.1249848e+00   9.9794773e-01   9.9746564e-01   9.3026208e-01   1.0872093e+00   1.1391692e+00   1.2444414e+00   1.1020991e+00   8.5941897e-01   7.3723503e-01   1.1625461e+00   6.2716095e-01   8.9808987e-01   1.4254949e+00   6.8544397e-01   1.4136811e+00   9.9736696e-01   1.0840560e+00   1.0659084e+00   9.1907748e-01   1.2097451e+00   1.1467122e+00   1.0924743e+00   1.2853448e+00   1.2877845e+00
   1.1347508e+00   8.4612708e-01   9.3112387e-01   7.8415846e-01   1.2672165e+00   1.0257467e+00   1.2990795e+00   1.0211990e+00   7.6365575e-01   1.2137229e+00   1.3553022e+00   6.4742754e-01   1.0593562e+00   1.3660987e+00   5.9345229e-01   1.1805532e+00   1.0394426e+00   8.9312760e-01   8.6999790e-01   1.1052733e+00   1.4049068e+00   9.8375823e-01   9.9066720e-01   1.5405059e+00   1.3564587e+00
   1.0307189e+00   7.7274750e-01   9.0990004e-01   6.5426137e-01   1.3213362e+00   9.4792962e-01   1.3203911e+00   1.2998294e+00   8.7009167e-01   1.0103234e+00   1.3355159e+00   6.3996530e-01   1.0746418e+00   1.3100661e+00   6.8890508e-01   1.1317838e+00   1.0261612e+00   7.6794744e-01   8.3912546e-01   9.9954541e-01   1.3699702e+00   1.2823784e+00   9.8976935e-01   1.5043907e+00   1.2166005e+00
   1.0235535e+00   7.6835631e-01   8.8031134e-01   7.1329239e-01   1.3197395e+00   7.5991172e-01   1.3067314e+00   1.2928271e+00   8.7097302e-01   9.8149818e-01   1.2855962e+00   6.2372608e-01   9.9498820e-01   1.3378681e+00   6.8534565e-01   1.1152188e+00   1.0143326e+00   9.0872499e-01   9.8147847e-01   9.8290311e-01   1.3468211e+00   1.2054780e+00   9.8884320e-01   1.4942971e+00   1.0762884e+00
   1.0092458e+00   7.7412912e-01   8.5915723e-01   7.0768763e-01   1.3826963e+00   1.0501143e+00   1.3382311e+00   1.2889370e+00   8.5477334e-01   9.5563797e-01   1.2729998e+00   8.0143366e-01   1.0429694e+00   1.5627074e+00   6.8710436e-01   1.1122313e+00   1.0095942e+00   8.8504754e-01   9.8157680e-01   9.8738889e-01   1.3459863e+00   1.1534682e+00   9.6770927e-01   1.4932842e+00   1.0251865e+00
   1.0171355e+00   1.0515992e+00   7.5536631e-01   7.1722686e-01   1.3204149e+00   1.0503707e+00   1.3329266e+00   1.2870512e+00   9.7550786e-01   9.5173652e-01   1.2444303e+00   9.2507882e-01   1.0418027e+00   1.5463430e+00   9.2131871e-01   1.3101547e+00   9.6726272e-01   8.7717672e-01   9.8081141e-01   9.8121925e-01   1.2777817e+00   1.1588995e+00   8.8425133e-01   1.4715795e+00   1.0328625e+00
   1.0172894e+00   1.0527526e+00   7.1267626e-01   9.3221108e-01   1.2661233e+00   1.0530515e+00   1.3334193e+00   1.3823109e+00   9.7138870e-01   9.5164717e-01   1.1944481e+00   9.2352563e-01   1.0413583e+00   1.5179199e+00   9.3886316e-01   1.3216034e+00   1.1356509e+00   9.5575753e-01   9.7585988e-01   9.8112779e-01   1.2736332e+00   1.1554843e+00   8.8356194e-01   1.4642399e+00   1.0237557e+00
   9.9741765e-01   1.0460268e+00   1.2864519e+00   9.0110752e-01   1.2416408e+00   1.0597940e+00   1.3333619e+00   1.4457648e+00   9.7119908e-01   9.4986498e-01   1.1347827e+00   9.2308146e-01   1.0299080e+00   1.5180585e+00   9.6156374e-01   1.3220241e+00   1.1349470e+00   9.7218477e-01   9.6912299e-01   9.7758695e-01   1.2730296e+00   1.1526384e+00   1.0553552e+00   1.4622323e+00   1.0234961e+00
   9.9832617e-01   1.0448603e+00   1.2491241e+00   9.8011741e-01   1.2418723e+00   1.0656497e+00   1.2819564e+00   1.4486082e+00   9.8516062e-01   9.6168413e-01   1.1322908e+00   9.2661081e-01   1.0283131e+00   1.5182207e+00   9.6169941e-01   1.2475253e+00   1.1347612e+00   9.7221021e-01   9.6891418e-01   9.7492615e-01   1.2720990e+00   1.1526236e+00   1.0551725e+00   1.4622206e+00   1.0233709e+00
   9.9834160e-01   1.0448972e+00   1.0311834e+00   9.7903419e-01   1.2899112e+00   1.0665786e+00   1.2813318e+00   1.5966144e+00   9.8539434e-01   9.6126207e-01   1.1322768e+00   9.2646714e-01   1.0280746e+00   1.7338672e+00   9.6168055e-01   1.2459836e+00   1.1408776e+00   9.7204322e-01   9.8586720e-01   9.7499785e-01   1.2725996e+00   1.1524933e+00   1.0604971e+00   1.4694020e+00   1.0279442e+00
