   1.6241695e+01   5.5000000e+00   5.5000000e+00   5.5000000e+00   5.5000000e+00   5.5000000e+00   5.5000000e+00   5.5000000e+00   5.5000000e+00   5.5000000e+00   7.5000000e+00   7.5000000e+00   5.5000000e+00   1.7652384e+02   1.1136191e+01   6.5914698e+01   5.5000000e+00   1.9772463e+02   5.5000000e+00   1.6132855e+02   5.5000000e+00   5.5000000e+00   5.5000000e+00   7.5000000e+00   5.5000000e+00
   1.0692674e+02   9.9599953e+01   1.4227385e+02   9.7204296e+01   1.0056545e+02   1.4105724e+02   1.3468427e+02   1.2662486e+02   1.2455771e+02   1.4000553e+02   1.7047914e+02   1.2312305e+02   1.4542074e+02   1.4217908e+02   1.2097070e+02   1.4115773e+02   9.1598895e+01   1.1701334e+02   1.6610702e+02   1.4543733e+02   7.6264457e+01   1.3970038e+02   6.2285882e+01   1.3617515e+02   1.7486012e+02
   1.2276039e+02   1.0968908e+02   1.1390046e+02   1.1089234e+02   1.0863907e+02   1.0724137e+02   1.0822956e+02   1.0701447e+02   1.0824004e+02   1.2590943e+02   1.1439588e+02   1.1777879e+02   1.1922217e+02   1.0437044e+02   1.0901134e+02   1.0446445e+02   1.0035390e+02   1.1042049e+02   1.1336413e+02   1.0946885e+02   1.1960430e+02   1.1373280e+02   1.1089250e+02   1.1005799e+02   1.0838358e+02
   1.0722520e+02   1.0796941e+02   1.0759857e+02   1.0743372e+02   1.0737805e+02   1.0227094e+02   1.0933906e+02   1.1232747e+02   1.1176574e+02   1.0715950e+02   9.9460987e+01   9.9866783e+01   1.1478992e+02   1.0395301e+02   1.0742549e+02   1.0428587e+02   1.1027081e+02   1.0837118e+02   1.0749197e+02   1.1003635e+02   1.0782713e+02   1.0794799e+02   1.0811688e+02   1.0273287e+02   1.0737475e+02
   1.0962108e+02   1.0736878e+02   1.0737333e+02   1.0737526e+02   1.0738026e+02   1.0186625e+02   1.0773618e+02   1.0748021e+02   1.0738067e+02   1.0737925e+02   9.9313821e+01   9.9249933e+01   1.0749710e+02   1.0714739e+02   1.0738414e+02   1.0574376e+02   9.9241385e+01   1.0749163e+02   1.0738098e+02   1.0738760e+02   1.0761896e+02   1.0744140e+02   1.0747090e+02   9.9357201e+01   1.0738392e+02
   1.0737939e+02   1.0737582e+02   1.0737657e+02   1.0737530e+02   1.0737525e+02   1.0186625e+02   1.0738427e+02   1.0737743e+02   1.0737535e+02   1.0737443e+02   9.9240586e+01   9.9239180e+01   1.0737662e+02   1.0196485e+02   1.0737560e+02   9.9238524e+01   9.9259018e+01   1.0737547e+02   1.0737524e+02   1.0737791e+02   1.0737529e+02   1.0737631e+02   1.0737601e+02   9.9239649e+01   1.0737520e+02
   1.0737515e+02   1.0737514e+02   1.0737515e+02   1.0737514e+02   1.0737514e+02   9.9317307e+01   1.0737516e+02   1.0737515e+02   1.0737514e+02   1.0737525e+02   9.9238484e+01   9.9238470e+01   1.0737515e+02   1.0018759e+02   1.0737514e+02   9.9238481e+01   9.9238490e+01   1.0737514e+02   1.0737514e+02   1.0737514e+02   1.0737514e+02   1.0737515e+02   1.0737514e+02   9.9238467e+01   1.0737514e+02
   1.0737514e+02   1.0737514e+02   1.0737514e+02   1.0737514e+02   1.0737514e+02   9.9245708e+01   1.0737514e+02   1.0737514e+02   1.0737514e+02   1.0737514e+02   9.9238464e+01   9.9238464e+01   1.0737514e+02   9.9775739e+01   1.0737514e+02   9.9238464e+01   9.9238464e+01   1.0737514e+02   1.0737514e+02   1.0737514e+02   1.0737514e+02   1.0737514e+02   1.0737514e+02   9.9238464e+01   1.0737514e+02
   1.0737514e+02   1.0737514e+02   1.0737514e+02   1.0737514e+02   1.0737514e+02   9.9238464e+01   1.0737514e+02   1.0737514e+02   1.0737514e+02   1.0737514e+02   9.9238464e+01   9.9238464e+01   1.0737514e+02   9.9478989e+01   1.0737514e+02   9.9238464e+01   9.9238464e+01   1.0737514e+02   1.0737514e+02   1.0737514e+02   1.0737514e+02   1.0737514e+02   1.0737514e+02   9.9238464e+01   1.0737514e+02
   1.0737514e+02   1.0737514e+02   1.0737514e+02   1.0737514e+02   1.0737514e+02   9.9238464e+01   1.0737514e+02   1.0737514e+02   1.0737514e+02   1.0737514e+02   9.9238464e+01   9.9238464e+01   1.0737514e+02   9.9429304e+01   1.0737514e+02   9.9238464e+01   9.9238464e+01   1.0737514e+02   1.0737514e+02   1.0737514e+02   1.0737514e+02   1.0737514e+02   1.0737514e+02   9.9238464e+01   1.0737514e+02
