   0.0000000e+00   0.0000000e+00   0.0000000e+00   0.0000000e+00   0.0000000e+00   0.0000000e+00   0.0000000e+00   0.0000000e+00   0.0000000e+00   0.0000000e+00   0.0000000e+00   0.0000000e+00   0.0000000e+00   2.6074189e-03   0.0000000e+00   6.3692731e-04   0.0000000e+00   0.0000000e+00   0.0000000e+00   3.1108966e-05   0.0000000e+00   0.0000000e+00   0.0000000e+00   0.0000000e+00   0.0000000e+00
   1.7829900e-01   2.7735683e-01   8.7237176e-01   1.4690996e+00   7.3117160e-01   1.9323434e-01   1.8156172e-01   2.3875897e-01   5.3090779e-01   2.6351538e-01   2.0832016e-01   2.3343135e-01   2.8479503e-01   1.4478212e-01   4.1138236e-01   1.3687195e-01   3.2432686e-01   1.8823139e-01   1.9880163e-01   1.5343714e-01   7.7078510e-01   2.9012719e-01   1.2999500e+00   4.9611557e-01   1.8797374e-01
   2.6759470e-02   1.4826453e-02   2.6791850e-02   2.8958907e-02   1.3671908e-02   4.2678006e-02   1.8524242e-02   2.5042321e-02   1.9101335e-02   1.5069664e-02   1.6837695e-02   2.3053275e-02   5.5552416e-02   5.5492522e-02   1.2287009e-02   1.2817923e-02   1.6133779e-02   6.8508623e-03   1.8574240e-02   6.4079282e-03   8.0077027e-03   5.7489079e-03   2.0556886e-02   3.6929129e-02   2.6922219e-02
   9.3040935e-03   3.9556500e-03   4.5411925e-03   1.7888771e-03   2.2327199e-03   1.1204562e-02   2.0317150e-03   3.6669168e-03   1.1540172e-03   8.0829317e-03   7.9857517e-03   3.6333446e-03   5.6569658e-03   4.7135285e-02   4.0120370e-04   2.5847947e-03   2.4845856e-03   1.3395373e-03   2.7356169e-03   2.5833842e-03   5.5759568e-03   2.8598836e-03   1.4480411e-03   3.7374348e-03   1.2632491e-03
   1.0951808e-03   1.9662932e-04   9.9886687e-04   6.6542955e-05   7.5149674e-06   3.3100583e-04   7.2780749e-04   5.6828686e-04   0.0000000e+00   1.5729289e-03   1.7328799e-03   3.9919167e-04   8.8967539e-04   3.1203345e-02   1.0684505e-04   1.0152114e-03   3.5771708e-04   1.3438543e-04   2.1348736e-05   3.0268844e-04   2.6495483e-05   1.1902382e-04   1.6938882e-04   3.9859668e-04   8.1242572e-05
   0.0000000e+00   0.0000000e+00   2.6744445e-05   0.0000000e+00   0.0000000e+00   3.3100583e-04   0.0000000e+00   0.0000000e+00   0.0000000e+00   5.9823701e-05   0.0000000e+00   0.0000000e+00   0.0000000e+00   6.1837687e-03   0.0000000e+00   3.0390548e-05   8.8378551e-06   0.0000000e+00   0.0000000e+00   0.0000000e+00   0.0000000e+00   0.0000000e+00   0.0000000e+00   3.2158061e-07   0.0000000e+00
   0.0000000e+00   0.0000000e+00   0.0000000e+00   0.0000000e+00   0.0000000e+00   0.0000000e+00   0.0000000e+00   0.0000000e+00   0.0000000e+00   0.0000000e+00   0.0000000e+00   0.0000000e+00   0.0000000e+00   1.6441650e-04   0.0000000e+00   0.0000000e+00   0.0000000e+00   0.0000000e+00   0.0000000e+00   0.0000000e+00   0.0000000e+00   0.0000000e+00   0.0000000e+00   0.0000000e+00   0.0000000e+00
   0.0000000e+00   0.0000000e+00   0.0000000e+00   0.0000000e+00   0.0000000e+00   0.0000000e+00   0.0000000e+00   0.0000000e+00   0.0000000e+00   0.0000000e+00   0.0000000e+00   0.0000000e+00   0.0000000e+00   0.0000000e+00   0.0000000e+00   0.0000000e+00   0.0000000e+00   0.0000000e+00   0.0000000e+00   0.0000000e+00   0.0000000e+00   0.0000000e+00   0.0000000e+00   0.0000000e+00   0.0000000e+00
   0.0000000e+00   0.0000000e+00   0.0000000e+00   0.0000000e+00   0.0000000e+00   0.0000000e+00   0.0000000e+00   0.0000000e+00   0.0000000e+00   0.0000000e+00   0.0000000e+00   0.0000000e+00   0.0000000e+00   0.0000000e+00   0.0000000e+00   0.0000000e+00   0.0000000e+00   0.0000000e+00   0.0000000e+00   0.0000000e+00   0.0000000e+00   0.0000000e+00   0.0000000e+00   0.0000000e+00   0.0000000e+00
   0.0000000e+00   0.0000000e+00   0.0000000e+00   0.0000000e+00   0.0000000e+00   0.0000000e+00   0.0000000e+00   0.0000000e+00   0.0000000e+00   0.0000000e+00   0.0000000e+00   0.0000000e+00   0.0000000e+00   0.0000000e+00   0.0000000e+00   0.0000000e+00   0.0000000e+00   0.0000000e+00   0.0000000e+00   0.0000000e+00   0.0000000e+00   0.0000000e+00   0.0000000e+00   0.0000000e+00   0.0000000e+00
