   2.9523210e-04   2.2703667e-04   1.0214576e-04   1.3348637e-04   5.2132946e-05   2.2792816e-05   9.2473042e-05   1.4283245e-04   8.6396659e-05   3.0099955e-05   2.3759147e-04   1.2914754e-05   6.8564080e-05   5.0322096e-05   2.4050799e-05   1.4987676e-04   1.1353487e-04   1.8526589e-04   2.4976449e-04   8.2720627e-05   3.3588949e-04   1.8179760e-04   1.9854945e-04   2.0914305e-04   0.0000000e+00
   1.2177313e-02   1.7292485e-02   1.2218893e-02   1.6023947e-02   1.8892256e-02   1.2138120e-02   9.4313802e-03   1.2636106e-02   1.6292650e-02   7.3633258e-03   2.0408413e-02   2.5621560e-02   2.1204226e-02   1.6448886e-02   2.2168315e-02   1.3931250e-02   1.8690668e-02   1.4498988e-02   7.6913057e-03   1.3541091e-02   2.0235080e-02   1.2953704e-02   6.7946117e-03   1.6826289e-02   2.6242178e-02
   2.3816310e-03   4.5819849e-03   2.8233701e-03   3.9012990e-03   1.3011567e-03   9.2020958e-04   7.9321998e-04   3.6995435e-03   2.7331479e-03   4.4361642e-03   2.7143990e-03   1.7506165e-03   4.8618959e-03   9.0605830e-04   4.7310254e-03   2.5525366e-03   1.9887181e-03   2.9048686e-03   2.0905422e-03   2.7711444e-03   3.0244083e-03   2.5640869e-03   2.1293338e-03   3.1755330e-03   4.2345970e-03
   2.1079681e-04   1.1773505e-04   2.2739696e-04   4.9144239e-04   6.0876932e-04   9.4325379e-05   1.4885157e-04   4.0212372e-04   4.7684833e-04   3.3210407e-04   3.8593263e-04   1.8681630e-04   5.1876177e-04   3.2992414e-04   1.1670642e-03   3.9735051e-04   3.8699743e-04   7.5747378e-04   4.5076587e-04   2.2597998e-04   1.0967715e-04   4.1401692e-04   6.5020168e-04   1.1326350e-04   3.3653854e-04
   0.0000000e+00   0.0000000e+00   2.7998353e-07   2.5605920e-05   1.9297383e-05   0.0000000e+00   0.0000000e+00   0.0000000e+00   0.0000000e+00   0.0000000e+00   7.0640233e-06   0.0000000e+00   0.0000000e+00   0.0000000e+00   8.9067383e-05   0.0000000e+00   0.0000000e+00   8.6088386e-07   0.0000000e+00   2.1088831e-06   0.0000000e+00   1.8525256e-07   3.8903398e-06   0.0000000e+00   0.0000000e+00
   0.0000000e+00   0.0000000e+00   0.0000000e+00   0.0000000e+00   0.0000000e+00   0.0000000e+00   0.0000000e+00   0.0000000e+00   0.0000000e+00   0.0000000e+00   0.0000000e+00   0.0000000e+00   0.0000000e+00   0.0000000e+00   0.0000000e+00   0.0000000e+00   0.0000000e+00   0.0000000e+00   0.0000000e+00   0.0000000e+00   0.0000000e+00   0.0000000e+00   0.0000000e+00   0.0000000e+00   0.0000000e+00
   0.0000000e+00   0.0000000e+00   0.0000000e+00   0.0000000e+00   0.0000000e+00   0.0000000e+00   0.0000000e+00   0.0000000e+00   0.0000000e+00   0.0000000e+00   0.0000000e+00   0.0000000e+00   0.0000000e+00   0.0000000e+00   0.0000000e+00   0.0000000e+00   0.0000000e+00   0.0000000e+00   0.0000000e+00   0.0000000e+00   0.0000000e+00   0.0000000e+00   0.0000000e+00   0.0000000e+00   0.0000000e+00
   0.0000000e+00   0.0000000e+00   0.0000000e+00   0.0000000e+00   0.0000000e+00   0.0000000e+00   0.0000000e+00   0.0000000e+00   0.0000000e+00   0.0000000e+00   0.0000000e+00   0.0000000e+00   0.0000000e+00   0.0000000e+00   0.0000000e+00   0.0000000e+00   0.0000000e+00   0.0000000e+00   0.0000000e+00   0.0000000e+00   0.0000000e+00   0.0000000e+00   0.0000000e+00   0.0000000e+00   0.0000000e+00
   0.0000000e+00   0.0000000e+00   0.0000000e+00   0.0000000e+00   0.0000000e+00   0.0000000e+00   0.0000000e+00   0.0000000e+00   0.0000000e+00   0.0000000e+00   0.0000000e+00   0.0000000e+00   0.0000000e+00   0.0000000e+00   0.0000000e+00   0.0000000e+00   0.0000000e+00   0.0000000e+00   0.0000000e+00   0.0000000e+00   0.0000000e+00   0.0000000e+00   0.0000000e+00   0.0000000e+00   0.0000000e+00
   0.0000000e+00   0.0000000e+00   0.0000000e+00   0.0000000e+00   0.0000000e+00   0.0000000e+00   0.0000000e+00   0.0000000e+00   0.0000000e+00   0.0000000e+00   0.0000000e+00   0.0000000e+00   0.0000000e+00   0.0000000e+00   0.0000000e+00   0.0000000e+00   0.0000000e+00   0.0000000e+00   0.0000000e+00   0.0000000e+00   0.0000000e+00   0.0000000e+00   0.0000000e+00   0.0000000e+00   0.0000000e+00
