   3.0574394e+00   2.1538249e+00   2.1690539e+00   2.3953264e+00   2.4857106e+00   2.5034880e+00   2.4558602e+00   2.3020322e+00   2.1820368e+00   2.3968611e+00   2.3433735e+00   2.1899236e+00   2.3135796e+00   2.6876840e+00   3.0067631e+00   2.2595326e+00   2.3464142e+00   2.2998092e+00   2.8594273e+00   2.3796912e+00   2.2902920e+00   2.3087232e+00   2.3799978e+00   2.4401637e+00   2.5277372e+00
   3.5489583e+00   3.0820837e+00   2.9992757e+00   2.9905260e+00   2.9506653e+00   3.2013752e+00   2.9757077e+00   2.9363042e+00   2.9702996e+00   3.2418587e+00   3.0333824e+00   2.9427422e+00   4.4519751e+00   2.6066622e+00   4.5652303e+00   3.0445312e+00   3.0345258e+00   3.9462946e+00   3.9228554e+00   2.9841139e+00   2.9459600e+00   3.1450563e+00   3.0531876e+00   2.9520519e+00   3.0647366e+00
   2.9249212e+00   2.9254213e+00   2.9251370e+00   2.9251545e+00   2.9249556e+00   2.9249490e+00   2.9251714e+00   2.9248814e+00   2.9251498e+00   2.9251621e+00   2.9249898e+00   2.9249930e+00   2.9249612e+00   2.9251182e+00   2.9250693e+00   2.9252142e+00   2.9249564e+00   2.9250434e+00   2.9250145e+00   2.9250351e+00   2.9264650e+00   2.9250157e+00   2.9251655e+00   2.9249365e+00   2.9249423e+00
   2.9248313e+00   2.9248324e+00   2.9248307e+00   2.9248316e+00   2.9248315e+00   2.9248320e+00   2.9248316e+00   2.9248322e+00   2.9248310e+00   2.9248316e+00   2.9248312e+00   2.9248311e+00   2.9248316e+00   2.9248320e+00   2.9248314e+00   2.9248311e+00   2.9248313e+00   2.9248313e+00   2.9248319e+00   2.9248309e+00   2.9248314e+00   2.9248311e+00   2.9248311e+00   2.9248312e+00   2.9248313e+00
   2.9248306e+00   2.9248306e+00   2.9248306e+00   2.9248306e+00   2.9248306e+00   2.9248306e+00   2.9248306e+00   2.9248306e+00   2.9248306e+00   2.9248306e+00   2.9248306e+00   2.9248306e+00   2.9248306e+00   2.9248306e+00   2.9248306e+00   2.9248306e+00   2.9248306e+00   2.9248306e+00   2.9248306e+00   2.9248306e+00   2.9248306e+00   2.9248306e+00   2.9248306e+00   2.9248306e+00   2.9248306e+00
   2.9248306e+00   2.9248306e+00   2.9248306e+00   2.9248306e+00   2.9248306e+00   2.9248306e+00   2.9248306e+00   2.9248306e+00   2.9248306e+00   2.9248306e+00   2.9248306e+00   2.9248306e+00   2.9248306e+00   2.9248306e+00   2.9248306e+00   2.9248306e+00   2.9248306e+00   2.9248306e+00   2.9248306e+00   2.9248306e+00   2.9248306e+00   2.9248306e+00   2.9248306e+00   2.9248306e+00   2.9248306e+00
   2.9248306e+00   2.9248306e+00   2.9248306e+00   2.9248306e+00   2.9248306e+00   2.9248306e+00   2.9248306e+00   2.9248306e+00   2.9248306e+00   2.9248306e+00   2.9248306e+00   2.9248306e+00   2.9248306e+00   2.9248306e+00   2.9248306e+00   2.9248306e+00   2.9248306e+00   2.9248306e+00   2.9248306e+00   2.9248306e+00   2.9248306e+00   2.9248306e+00   2.9248306e+00   2.9248306e+00   2.9248306e+00
   2.9248306e+00   2.9248306e+00   2.9248306e+00   2.9248306e+00   2.9248306e+00   2.9248306e+00   2.9248306e+00   2.9248306e+00   2.9248306e+00   2.9248306e+00   2.9248306e+00   2.9248306e+00   2.9248306e+00   2.9248306e+00   2.9248306e+00   2.9248306e+00   2.9248306e+00   2.9248306e+00   2.9248306e+00   2.9248306e+00   2.9248306e+00   2.9248306e+00   2.9248306e+00   2.9248306e+00   2.9248306e+00
   2.9248306e+00   2.9248306e+00   2.9248306e+00   2.9248306e+00   2.9248306e+00   2.9248306e+00   2.9248306e+00   2.9248306e+00   2.9248306e+00   2.9248306e+00   2.9248306e+00   2.9248306e+00   2.9248306e+00   2.9248306e+00   2.9248306e+00   2.9248306e+00   2.9248306e+00   2.9248306e+00   2.9248306e+00   2.9248306e+00   2.9248306e+00   2.9248306e+00   2.9248306e+00   2.9248306e+00   2.9248306e+00
   2.9248306e+00   2.9248306e+00   2.9248306e+00   2.9248306e+00   2.9248306e+00   2.9248306e+00   2.9248306e+00   2.9248306e+00   2.9248306e+00   2.9248306e+00   2.9248306e+00   2.9248306e+00   2.9248306e+00   2.9248306e+00   2.9248306e+00   2.9248306e+00   2.9248306e+00   2.9248306e+00   2.9248306e+00   2.9248306e+00   2.9248306e+00   2.9248306e+00   2.9248306e+00   2.9248306e+00   2.9248306e+00
