   3.3733614e-01   3.7395591e-01   4.2042605e-01   4.8110152e-01   9.2108353e-01   6.0643977e-01   1.2343537e+00   5.6593368e-01   5.1190336e-01   3.2823152e-01   6.2606394e-01   8.3130236e-01   6.9874981e-01   4.8601966e-01   5.3608694e-01   1.1675323e+00   6.5979142e-01   9.3143807e-01   6.2770028e-01   1.1526287e+00   8.7738299e-01   3.0999014e-01   8.0758731e-01   5.8862572e-01   9.2608016e-01
   1.5600575e-01   1.9289625e-01   1.4080821e-01   1.6221713e-01   7.7533267e-01   2.2021557e-01   1.9120306e-01   1.4926889e-01   1.8160866e-01   1.2990063e-01   1.4403426e-01   2.0386946e-01   1.6511111e-01   1.7031898e-01   1.7811856e-01   1.7641405e-01   1.3813050e-01   1.6727933e-01   1.4950234e-01   3.6619410e-01   2.5021341e-01   1.3264852e-01   1.9603547e-01   1.7358790e-01   1.8412492e-01
   1.4309474e-01   1.6644556e-01   1.2968621e-01   1.5097164e-01   7.5792172e-01   2.0616137e-01   1.5735717e-01   1.4091497e-01   1.7424016e-01   1.0546070e-01   1.2785535e-01   1.7458380e-01   1.4749810e-01   1.3641633e-01   1.6562176e-01   1.4830150e-01   1.1765471e-01   1.4531081e-01   1.2968587e-01   3.4405924e-01   2.3750138e-01   1.1362862e-01   1.6822680e-01   1.5623070e-01   1.1610432e-01
   1.3864794e-01   1.6592121e-01   1.1746314e-01   1.0876377e-01   7.5607657e-01   1.9663037e-01   1.5640012e-01   1.4000857e-01   1.7394525e-01   1.0335718e-01   1.2724217e-01   1.7411893e-01   1.4430924e-01   1.3397069e-01   1.1123893e-01   1.2093063e-01   1.1728338e-01   1.4264709e-01   1.2833506e-01   3.3690817e-01   2.3654143e-01   1.1306852e-01   1.5704815e-01   1.4926577e-01   1.1330050e-01
   1.3839594e-01   1.6579632e-01   1.1087807e-01   1.0578121e-01   7.5386273e-01   1.1011980e-01   1.5614461e-01   1.3991493e-01   1.7354175e-01   9.4376052e-02   1.2714568e-01   1.0737805e-01   1.4415858e-01   1.3361638e-01   1.0952350e-01   1.1728981e-01   1.1694982e-01   1.4019721e-01   1.2832239e-01   3.3612120e-01   2.3197013e-01   1.1282740e-01   1.5379107e-01   1.4535612e-01   1.1309577e-01
   1.3836410e-01   1.6547579e-01   1.1068029e-01   1.0485779e-01   6.1448288e-01   1.0956008e-01   1.5596853e-01   1.3974976e-01   1.7300059e-01   9.3964934e-02   1.2702649e-01   9.8266822e-02   1.4353365e-01   1.3324367e-01   1.0947062e-01   9.5937972e-02   1.1664537e-01   1.3997661e-01   1.2827780e-01   1.4511102e-01   2.3177718e-01   1.1248641e-01   1.5364213e-01   1.4440887e-01   1.1287691e-01
   1.3825105e-01   1.6482540e-01   1.1021611e-01   1.0194876e-01   6.0738349e-01   1.0954084e-01   1.5574989e-01   1.3166153e-01   1.7264926e-01   9.3738878e-02   1.2688807e-01   9.7805267e-02   1.4348636e-01   1.3282443e-01   1.0936076e-01   9.3766157e-02   1.1630162e-01   1.3976347e-01   1.2824951e-01   1.2876169e-01   2.0016620e-01   1.1203904e-01   1.2642652e-01   1.1560920e-01   1.1255574e-01
   1.3810966e-01   1.6443847e-01   1.0905036e-01   1.0087521e-01   6.0412805e-01   1.0936188e-01   1.5520681e-01   1.3129762e-01   1.7190673e-01   9.3738772e-02   1.2669784e-01   9.7199013e-02   1.4347033e-01   1.1131737e-01   1.0936065e-01   9.3738799e-02   1.1564434e-01   1.3916352e-01   1.2823965e-01   1.2801216e-01   1.9905169e-01   1.1157026e-01   1.2506568e-01   9.4090499e-02   1.1199059e-01
   1.3797711e-01   1.6379922e-01   1.0486888e-01   9.9963293e-02   6.0291631e-01   1.0936081e-01   1.5457961e-01   1.3083873e-01   1.7185252e-01   9.3738750e-02   1.2566218e-01   9.5617341e-02   1.2856842e-01   1.0970672e-01   1.0936063e-01   9.3738776e-02   1.0941988e-01   1.3847111e-01   1.2823889e-01   1.2564446e-01   9.4040482e-02   1.1089796e-01   1.2502115e-01   9.3743922e-02   1.1097883e-01
   1.3777130e-01   1.4630891e-01   1.0254127e-01   9.3778943e-02   5.9109281e-01   1.0936076e-01   1.4062654e-01   1.2937266e-01   1.7185025e-01   9.3738727e-02   1.1565654e-01   9.3740291e-02   1.1229123e-01   1.0938503e-01   1.0936063e-01   9.3738775e-02   1.0936171e-01   1.2525895e-01   1.2823867e-01   1.2502615e-01   9.3755371e-02   1.0938136e-01   1.2498551e-01   9.3738881e-02   1.0936206e-01
