  -5.0622985e+03  -5.1105870e+03  -4.2033570e+03  -6.6767890e+03  -4.4135974e+03  -7.3062667e+03  -4.9485419e+03  -4.2701321e+03  -4.4447887e+03  -6.4513697e+03  -5.6223497e+03  -4.1862566e+03  -4.9068586e+03  -4.9189794e+03  -3.7750518e+03  -3.4902453e+03  -4.4397040e+03  -3.8472261e+03  -4.8208160e+03  -4.9708803e+03  -4.8772344e+03  -6.4085133e+03  -3.6049272e+03  -7.4267234e+03  -6.0330857e+03
  -4.4334829e+03  -4.2699725e+03  -5.7616534e+03  -9.2464211e+03  -1.1422374e+04  -8.9421330e+03  -3.7543470e+03  -6.8252792e+03  -4.0820338e+03  -7.2913902e+03  -7.5355001e+03  -3.6710053e+03  -7.4597722e+03  -3.6278752e+03  -5.9460323e+03  -4.4416974e+03  -6.1768591e+03  -5.2402779e+03  -3.8517818e+03  -5.5055859e+03  -4.0789733e+03  -8.8380283e+03  -4.5026614e+03  -5.2569979e+03  -9.4952849e+03
  -4.4334829e+03  -4.9019973e+03  -5.4398826e+03  -3.9176667e+03  -5.0063508e+03  -4.3393773e+03  -6.8035970e+03  -6.8252792e+03  -4.0820338e+03  -1.0277015e+04  -4.2402397e+03  -3.6710053e+03  -6.8726853e+03  -4.5268000e+03  -7.7432326e+03  -4.4084536e+03  -3.9126460e+03  -5.2402779e+03  -3.8517818e+03  -4.5747234e+03  -3.3039586e+03  -6.2947770e+03  -4.3751535e+03   4.5600633e+02  -6.1079964e+03
  -4.5027772e+03  -3.8990448e+03  -4.1550535e+03  -3.5588015e+03  -4.2082846e+03  -4.5870229e+03  -7.3648354e+02  -4.1470584e+03  -4.0820338e+03  -4.4597420e+03  -2.9745954e+03  -3.6710053e+03  -4.3036573e+03   4.8882151e+02  -7.7432326e+03  -3.1759322e+03  -3.7471632e+03  -4.0759465e+03  -4.2869470e+03  -3.5392750e+03  -5.2285328e+03  -3.7296841e+03  -3.9377129e+03   4.5600633e+02  -4.1643486e+03
  -3.6833901e+03  -4.2649961e+03  -3.8986341e+03  -4.1060901e+03  -4.2210473e+03  -3.8510870e+03  -7.3648354e+02  -4.1767175e+03  -3.8102004e+03  -3.8479197e+03  -4.3814545e+03  -3.5494958e+03  -3.9775178e+03  -3.8965115e+03  -3.7638511e+03  -3.4132274e+03  -3.6275242e+03  -3.8273197e+03  -4.2869470e+03  -3.4733501e+03  -3.7009959e+03  -3.8155582e+03  -3.8557066e+03  -3.6648826e+03  -4.1572038e+03
  -4.3630958e+03  -4.5173683e+03  -4.5265043e+03  -4.5278637e+03  -4.5285771e+03  -4.4406276e+03  -3.8995926e+03  -4.5276010e+03  -4.5202632e+03  -4.5224639e+03  -4.5243189e+03  -4.5211409e+03  -4.3872695e+03  -4.2573296e+03  -4.3838342e+03  -4.4895488e+03  -4.3991693e+03  -4.4940721e+03  -4.3935707e+03  -4.3908097e+03  -4.4396219e+03  -4.4404288e+03  -4.5263871e+03  -4.2831449e+03  -4.5276813e+03
  -4.5276142e+03  -4.5291121e+03  -4.5291196e+03  -4.5291196e+03  -4.5291197e+03  -4.5291092e+03  -4.5143611e+03  -4.5291197e+03  -4.5291189e+03  -4.5291187e+03  -4.5291183e+03  -4.5291194e+03  -4.5290935e+03  -4.5290241e+03  -4.5291134e+03  -4.5291162e+03  -4.5289231e+03  -4.5291179e+03  -4.5271186e+03  -4.5289909e+03  -4.5291136e+03  -4.5290710e+03  -4.5291194e+03  -4.5290490e+03  -4.5291196e+03
  -4.5291197e+03  -4.5291197e+03  -4.5291197e+03  -4.5291197e+03  -4.5291197e+03  -4.5291197e+03  -4.5291194e+03  -4.5291197e+03  -4.5291197e+03  -4.5291197e+03  -4.5291197e+03  -4.5291197e+03  -4.5291197e+03  -4.5291197e+03  -4.5291197e+03  -4.5291197e+03  -4.5291197e+03  -4.5291197e+03  -4.5291197e+03  -4.5291197e+03  -4.5291197e+03  -4.5291197e+03  -4.5291197e+03  -4.5291197e+03  -4.5291197e+03
  -4.5291197e+03  -4.5291197e+03  -4.5291197e+03  -4.5291197e+03  -4.5291197e+03  -4.5291197e+03  -4.5291197e+03  -4.5291197e+03  -4.5291197e+03  -4.5291197e+03  -4.5291197e+03  -4.5291197e+03  -4.5291197e+03  -4.5291197e+03  -4.5291197e+03  -4.5291197e+03  -4.5291197e+03  -4.5291197e+03  -4.5291197e+03  -4.5291197e+03  -4.5291197e+03  -4.5291197e+03  -4.5291197e+03  -4.5291197e+03  -4.5291197e+03
  -4.5291197e+03  -4.5291197e+03  -4.5291197e+03  -4.5291197e+03  -4.5291197e+03  -4.5291197e+03  -4.5291197e+03  -4.5291197e+03  -4.5291197e+03  -4.5291197e+03  -4.5291197e+03  -4.5291197e+03  -4.5291197e+03  -4.5291197e+03  -4.5291197e+03  -4.5291197e+03  -4.5291197e+03  -4.5291197e+03  -4.5291197e+03  -4.5291197e+03  -4.5291197e+03  -4.5291197e+03  -4.5291197e+03  -4.5291197e+03  -4.5291197e+03
