   0.0000000e+00   0.0000000e+00   0.0000000e+00   0.0000000e+00   0.0000000e+00   0.0000000e+00   0.0000000e+00   0.0000000e+00   0.0000000e+00   0.0000000e+00   0.0000000e+00   0.0000000e+00   0.0000000e+00   0.0000000e+00   0.0000000e+00   0.0000000e+00   0.0000000e+00   0.0000000e+00   0.0000000e+00   0.0000000e+00   0.0000000e+00   0.0000000e+00   0.0000000e+00   0.0000000e+00   0.0000000e+00
   1.0925497e-01   9.9973803e-02   9.9913621e-02   2.4997935e-01   8.1364726e-02   2.5003235e-01   9.9984660e-02   8.5698931e-02   9.9999967e-02   2.8577048e-02   8.4410259e-02   9.8021092e-02   9.9953465e-02   9.9853247e-02   9.9943520e-02   9.0575064e-02   2.5004011e-01   8.5338528e-02   9.9822740e-02   2.4914679e-01   1.2183593e-01   9.9794813e-02   9.9235024e-02   9.9995697e-02   8.7173464e-02
   0.0000000e+00   9.9307546e-02   9.7184817e-02   9.8801066e-02   1.3522711e-05   9.9627834e-02   4.4422315e-02   5.1544567e-04   9.9827972e-02   4.2345219e-05   1.5178104e-04   5.2195441e-02   9.8074702e-02   9.5330964e-02   9.7840110e-02   8.9628749e-04   9.9893969e-02   3.4812547e-03   9.2444884e-02   9.2329914e-02   0.0000000e+00   9.1607050e-02   6.5477413e-02   9.9856868e-02   0.0000000e+00
   0.0000000e+00   1.5472975e-04   5.5932240e-06   5.0224373e-05   1.0275845e-07   4.8104732e-04   1.9308423e-06   1.2356039e-07   9.9111585e-04   1.9282266e-09   2.7321732e-07   3.1986933e-06   5.0738613e-05   4.3139514e-05   5.7818241e-05   3.1747848e-07   2.8383874e-02   5.2738270e-07   4.9163760e-06   2.8262976e-05   0.0000000e+00   1.2765268e-06   3.4787134e-07   5.5129868e-03   0.0000000e+00
   0.0000000e+00   6.7470521e-09   5.7977524e-09   3.6131778e-08   5.8027657e-14   7.6733500e-08   5.0347684e-09   5.5589755e-11   4.5357598e-08   1.4576488e-12   2.3523405e-12   7.4271996e-11   1.1123200e-08   3.9701559e-09   4.5506582e-09   8.0950061e-12   4.8676868e-08   2.4363429e-10   1.6290412e-09   6.1479296e-10   0.0000000e+00   2.9000224e-10   9.7177176e-10   3.8395874e-08   0.0000000e+00
   0.0000000e+00   1.2066644e-12   3.9292643e-14   3.3318626e-12   1.4802974e-16   0.0000000e+00   4.9812006e-14   2.1834386e-15   1.8222461e-12   0.0000000e+00   2.9605947e-16   1.4802974e-16   3.5083048e-14   3.5749181e-14   4.8701783e-14   3.4046839e-15   8.0548901e-12   0.0000000e+00   1.1842379e-15   1.4358884e-14   0.0000000e+00   2.5905204e-15   3.3306691e-15   4.9293902e-13   0.0000000e+00
   0.0000000e+00   0.0000000e+00   0.0000000e+00   0.0000000e+00   0.0000000e+00   0.0000000e+00   0.0000000e+00   0.0000000e+00   0.0000000e+00   0.0000000e+00   0.0000000e+00   0.0000000e+00   0.0000000e+00   0.0000000e+00   0.0000000e+00   0.0000000e+00   0.0000000e+00   0.0000000e+00   0.0000000e+00   0.0000000e+00   0.0000000e+00   0.0000000e+00   0.0000000e+00   0.0000000e+00   0.0000000e+00
   0.0000000e+00   0.0000000e+00   0.0000000e+00   0.0000000e+00   0.0000000e+00   0.0000000e+00   0.0000000e+00   0.0000000e+00   0.0000000e+00   0.0000000e+00   0.0000000e+00   0.0000000e+00   0.0000000e+00   0.0000000e+00   0.0000000e+00   0.0000000e+00   0.0000000e+00   0.0000000e+00   0.0000000e+00   0.0000000e+00   0.0000000e+00   0.0000000e+00   0.0000000e+00   0.0000000e+00   0.0000000e+00
   0.0000000e+00   0.0000000e+00   0.0000000e+00   0.0000000e+00   0.0000000e+00   0.0000000e+00   0.0000000e+00   0.0000000e+00   0.0000000e+00   0.0000000e+00   0.0000000e+00   0.0000000e+00   0.0000000e+00   0.0000000e+00   0.0000000e+00   0.0000000e+00   0.0000000e+00   0.0000000e+00   0.0000000e+00   0.0000000e+00   0.0000000e+00   0.0000000e+00   0.0000000e+00   0.0000000e+00   0.0000000e+00
   0.0000000e+00   0.0000000e+00   0.0000000e+00   0.0000000e+00   0.0000000e+00   0.0000000e+00   0.0000000e+00   0.0000000e+00   0.0000000e+00   0.0000000e+00   0.0000000e+00   0.0000000e+00   0.0000000e+00   0.0000000e+00   0.0000000e+00   0.0000000e+00   0.0000000e+00   0.0000000e+00   0.0000000e+00   0.0000000e+00   0.0000000e+00   0.0000000e+00   0.0000000e+00   0.0000000e+00   0.0000000e+00
