   2.5000000e-03   2.5000000e-03   2.5000000e-03   2.5000000e-03   2.5000000e-03   2.5000000e-03   2.5000000e-03   2.5000000e-03   2.5000000e-03   2.5000000e-03   2.5000000e-03   2.5000000e-03   2.5000000e-03   2.5000000e-03   2.5000000e-03   2.5000000e-03   2.5000000e-03   2.5000000e-03   2.5000000e-03   2.5000000e-03   2.5000000e-03   2.5000000e-03   2.5000000e-03   2.5000000e-03   2.5000000e-03
   1.3244166e-02   1.1827042e-02   9.6307368e-03   1.2997764e-02   1.3273193e-02   1.4008169e-02   1.2027177e-02   1.0020732e-02   1.3193368e-02   8.4109096e-03   1.1300217e-02   1.1111256e-02   1.3424789e-02   1.2570571e-02   1.2573680e-02   1.0555886e-02   1.3269198e-02   1.0570168e-02   1.3054379e-02   1.2184416e-02   1.2453041e-02   9.0527794e-03   1.0443323e-02   1.0404741e-02   1.3118652e-02
   1.2690177e-02   1.2735810e-02   1.2721437e-02   1.2726305e-02   1.2728673e-02   1.2784363e-02   1.2726397e-02   1.2738195e-02   1.2722772e-02   1.2737009e-02   1.2730449e-02   1.2718407e-02   1.2729147e-02   1.2736974e-02   1.2722713e-02   1.2727308e-02   1.2721294e-02   1.2686948e-02   1.2724301e-02   1.2736733e-02   1.2720753e-02   1.2726651e-02   1.2722945e-02   1.2731882e-02   1.2729073e-02
   1.2665868e-02   1.2719058e-02   1.2719055e-02   1.2719055e-02   1.2719054e-02   1.2719063e-02   1.2719054e-02   1.2719055e-02   1.2719054e-02   1.2719056e-02   1.2719057e-02   1.2665922e-02   1.2719055e-02   1.2719056e-02   1.2719054e-02   1.2719054e-02   1.2719056e-02   1.2665478e-02   1.2719055e-02   1.2719056e-02   1.2698396e-02   1.2719074e-02   1.2719054e-02   1.2719063e-02   1.2719054e-02
   1.2665239e-02   1.2719054e-02   1.2719054e-02   1.2719054e-02   1.2719054e-02   1.2719054e-02   1.2719054e-02   1.2719054e-02   1.2719054e-02   1.2719054e-02   1.2719054e-02   1.2665241e-02   1.2719054e-02   1.2719054e-02   1.2719054e-02   1.2719054e-02   1.2719054e-02   1.2665235e-02   1.2719054e-02   1.2719054e-02   1.2680867e-02   1.2719054e-02   1.2719054e-02   1.2719054e-02   1.2719054e-02
   1.2665233e-02   1.2719054e-02   1.2719054e-02   1.2719054e-02   1.2719054e-02   1.2719054e-02   1.2719054e-02   1.2719054e-02   1.2719054e-02   1.2719054e-02   1.2719054e-02   1.2665233e-02   1.2719054e-02   1.2719054e-02   1.2719054e-02   1.2719054e-02   1.2719054e-02   1.2665233e-02   1.2719054e-02   1.2719054e-02   1.2671300e-02   1.2719054e-02   1.2719054e-02   1.2719054e-02   1.2719054e-02
   1.2665233e-02   1.2719054e-02   1.2719054e-02   1.2719054e-02   1.2719054e-02   1.2719054e-02   1.2719054e-02   1.2719054e-02   1.2719054e-02   1.2719054e-02   1.2719054e-02   1.2665233e-02   1.2719054e-02   1.2719054e-02   1.2719054e-02   1.2719054e-02   1.2719054e-02   1.2665233e-02   1.2719054e-02   1.2719054e-02   1.2666871e-02   1.2719054e-02   1.2719054e-02   1.2719054e-02   1.2719054e-02
   1.2665233e-02   1.2719054e-02   1.2719054e-02   1.2719054e-02   1.2719054e-02   1.2719054e-02   1.2719054e-02   1.2719054e-02   1.2719054e-02   1.2719054e-02   1.2719054e-02   1.2665233e-02   1.2719054e-02   1.2719054e-02   1.2719054e-02   1.2719054e-02   1.2719054e-02   1.2665233e-02   1.2719054e-02   1.2719054e-02   1.2665554e-02   1.2719054e-02   1.2719054e-02   1.2719054e-02   1.2719054e-02
   1.2665233e-02   1.2719054e-02   1.2719054e-02   1.2719054e-02   1.2719054e-02   1.2719054e-02   1.2719054e-02   1.2719054e-02   1.2719054e-02   1.2719054e-02   1.2719054e-02   1.2665233e-02   1.2719054e-02   1.2719054e-02   1.2719054e-02   1.2719054e-02   1.2719054e-02   1.2665233e-02   1.2719054e-02   1.2719054e-02   1.2665238e-02   1.2719054e-02   1.2719054e-02   1.2719054e-02   1.2719054e-02
   1.2665233e-02   1.2719054e-02   1.2719054e-02   1.2719054e-02   1.2719054e-02   1.2719054e-02   1.2719054e-02   1.2719054e-02   1.2719054e-02   1.2719054e-02   1.2719054e-02   1.2665233e-02   1.2719054e-02   1.2719054e-02   1.2719054e-02   1.2719054e-02   1.2719054e-02   1.2665233e-02   1.2719054e-02   1.2719054e-02   1.2665236e-02   1.2719054e-02   1.2719054e-02   1.2719054e-02   1.2719054e-02
