   2.2303032e+04   2.2303025e+04   2.2302852e+04   2.2303345e+04   2.2303003e+04   2.2303210e+04   2.2303033e+04   2.2302936e+04   2.2302964e+04   2.2302872e+04   2.2303323e+04   2.2302996e+04   2.2302959e+04   2.2303008e+04   2.2303007e+04   2.2302885e+04   2.2303001e+04   2.2302970e+04   2.2303015e+04   2.2302968e+04   2.2302835e+04   2.2303371e+04   2.2302876e+04   2.2302938e+04   2.2302784e+04
   2.7291387e+04   2.7599116e+04   2.7802075e+04   2.7899083e+04   2.7661137e+04   2.6895681e+04   2.9602395e+04   2.8065688e+04   2.7773978e+04   2.7574129e+04   2.7419261e+04   2.7636989e+04   2.8065177e+04   2.7115596e+04   2.7644311e+04   2.7402382e+04   2.8190352e+04   2.8453145e+04   2.7975162e+04   2.7483021e+04   2.8922383e+04   2.7289967e+04   2.7571074e+04   2.7543354e+04   2.7538480e+04
   2.6887568e+04   2.6887757e+04   2.6887907e+04   2.6889126e+04   2.6888458e+04   2.6889401e+04   2.6888964e+04   2.6887812e+04   2.6888759e+04   2.6889598e+04   2.6888244e+04   2.6888670e+04   2.6888463e+04   2.6889523e+04   2.6888649e+04   2.6890135e+04   2.6887878e+04   2.6888637e+04   2.6889595e+04   2.6890245e+04   2.6889309e+04   2.6889530e+04   2.6888627e+04   2.6888393e+04   2.6888295e+04
   2.6887422e+04   2.6887422e+04   2.6887422e+04   2.6887423e+04   2.6887422e+04   2.6887422e+04   2.6887423e+04   2.6887422e+04   2.6887422e+04   2.6887422e+04   2.6887422e+04   2.6887423e+04   2.6887423e+04   2.6887422e+04   2.6887422e+04   2.6887423e+04   2.6887422e+04   2.6887422e+04   2.6887423e+04   2.6887422e+04   2.6887423e+04   2.6887423e+04   2.6887422e+04   2.6887422e+04   2.6887422e+04
   2.6887422e+04   2.6887422e+04   2.6887422e+04   2.6887422e+04   2.6887422e+04   2.6887422e+04   2.6887422e+04   2.6887422e+04   2.6887422e+04   2.6887422e+04   2.6887422e+04   2.6887422e+04   2.6887422e+04   2.6887422e+04   2.6887422e+04   2.6887422e+04   2.6887422e+04   2.6887422e+04   2.6887422e+04   2.6887422e+04   2.6887422e+04   2.6887422e+04   2.6887422e+04   2.6887422e+04   2.6887422e+04
   2.6887422e+04   2.6887422e+04   2.6887422e+04   2.6887422e+04   2.6887422e+04   2.6887422e+04   2.6887422e+04   2.6887422e+04   2.6887422e+04   2.6887422e+04   2.6887422e+04   2.6887422e+04   2.6887422e+04   2.6887422e+04   2.6887422e+04   2.6887422e+04   2.6887422e+04   2.6887422e+04   2.6887422e+04   2.6887422e+04   2.6887422e+04   2.6887422e+04   2.6887422e+04   2.6887422e+04   2.6887422e+04
   2.6887422e+04   2.6887422e+04   2.6887422e+04   2.6887422e+04   2.6887422e+04   2.6887422e+04   2.6887422e+04   2.6887422e+04   2.6887422e+04   2.6887422e+04   2.6887422e+04   2.6887422e+04   2.6887422e+04   2.6887422e+04   2.6887422e+04   2.6887422e+04   2.6887422e+04   2.6887422e+04   2.6887422e+04   2.6887422e+04   2.6887422e+04   2.6887422e+04   2.6887422e+04   2.6887422e+04   2.6887422e+04
   2.6887422e+04   2.6887422e+04   2.6887422e+04   2.6887422e+04   2.6887422e+04   2.6887422e+04   2.6887422e+04   2.6887422e+04   2.6887422e+04   2.6887422e+04   2.6887422e+04   2.6887422e+04   2.6887422e+04   2.6887422e+04   2.6887422e+04   2.6887422e+04   2.6887422e+04   2.6887422e+04   2.6887422e+04   2.6887422e+04   2.6887422e+04   2.6887422e+04   2.6887422e+04   2.6887422e+04   2.6887422e+04
   2.6887422e+04   2.6887422e+04   2.6887422e+04   2.6887422e+04   2.6887422e+04   2.6887422e+04   2.6887422e+04   2.6887422e+04   2.6887422e+04   2.6887422e+04   2.6887422e+04   2.6887422e+04   2.6887422e+04   2.6887422e+04   2.6887422e+04   2.6887422e+04   2.6887422e+04   2.6887422e+04   2.6887422e+04   2.6887422e+04   2.6887422e+04   2.6887422e+04   2.6887422e+04   2.6887422e+04   2.6887422e+04
   2.6887422e+04   2.6887422e+04   2.6887422e+04   2.6887422e+04   2.6887422e+04   2.6887422e+04   2.6887422e+04   2.6887422e+04   2.6887422e+04   2.6887422e+04   2.6887422e+04   2.6887422e+04   2.6887422e+04   2.6887422e+04   2.6887422e+04   2.6887422e+04   2.6887422e+04   2.6887422e+04   2.6887422e+04   2.6887422e+04   2.6887422e+04   2.6887422e+04   2.6887422e+04   2.6887422e+04   2.6887422e+04
