   3.7127088e+03   3.9050790e+03   3.1160630e+03   2.4423119e+03   2.8694763e+03   1.7925398e+03   2.8354501e+03   2.2679355e+03   7.8257371e+02   7.2030581e+02   3.2356728e+03   1.2939370e+03   4.5390446e+03   3.3533554e+03   3.7589764e+03   3.2498051e+03   2.3847386e+03   2.2808983e+03   3.2981266e+03   3.5097898e+03   1.9854272e+03   2.6788137e+03   2.5637188e+03   3.8371056e+03   3.7729870e+03
   1.7042643e+05   2.0071141e+05   6.7892925e+04   1.6360935e+05   1.7984846e+05   1.7232883e+05   8.0655446e+04   1.9138923e+05   1.7393411e+05   1.9696002e+05   2.1084880e+05   2.3032746e+05   1.2070905e+05   2.0640950e+05   1.8876791e+05   1.9608804e+05   1.5813338e+05   1.7145620e+05   1.9350057e+05   1.9725537e+05   1.9396137e+05   1.2129907e+05   2.0827540e+05   2.0207927e+05   2.2909040e+05
   2.6442545e+04   8.0356517e+04   2.8530680e+04   4.2125324e+04   1.0467735e+04   3.6104807e+04   3.1229510e+04   6.2292397e+04   4.9814162e+04   7.0982526e+04   4.5146136e+04   9.0956711e+04   2.2829844e+04   6.1385802e+04   2.8607966e+04   6.1338119e+04   5.4416290e+04   4.0401140e+04   8.4925703e+04   5.0124905e+04   9.2535813e+04   1.9960339e+04   1.4213588e+05   3.6082727e+04   8.4769754e+04
   1.5664502e+03   2.2823322e+03   8.5369884e+02   1.6134144e+03   2.0937899e+03   1.9951088e+03   8.2159901e+02   1.7806595e+03   9.0469429e+02   1.8635053e+03   1.8397897e+03   3.8377458e+03   1.4436939e+03   1.3326808e+03   1.3446047e+03   1.5833862e+03   1.2360688e+03   1.6432066e+03   2.0719454e+03   1.1270716e+03   2.1462473e+03   4.0838517e+02   8.0669600e+03   1.8984495e+03   1.7594269e+03
   2.5945239e+01   4.5103838e+01   1.3270250e+01   2.0161116e+01   2.9176982e+01   5.9464371e+01   2.2424435e+01   6.8072083e+01   4.1101874e+01   3.8013303e+01   6.1951235e+01   3.5465009e+01   4.9102779e+01   5.4475014e+01   4.8754864e+01   2.4416814e+01   3.8444409e+01   4.6592858e+01   5.6418050e+01   6.3492966e+01   6.3947443e+01   2.7298834e+01   6.1973243e+01   3.8921094e+01   4.0618672e+01
   2.4138915e-01   1.0282958e+00   8.8379780e-02   2.4196009e-01   2.1695140e-01   7.7627821e-01   2.9815453e-01   7.3761723e-01   8.9079109e-01   3.7213886e-01   3.5580953e-01   6.1684043e-01   5.3356863e-01   5.9432179e-01   3.7382618e-01   2.6068040e-01   5.4426419e-01   3.2192401e-01   7.7986965e-01   4.3261461e-01   7.9162257e-01   2.6088230e-01   1.0258302e+00   3.5166426e-01   4.9325116e-01
   6.7679771e-04   3.3128577e-03   1.6605941e-04   6.8547341e-04   7.7113177e-04   1.4295202e-03   8.4096524e-04   1.3547278e-03   1.0376463e-03   4.5588301e-04   1.3626991e-03   2.3282788e-03   3.5046758e-04   6.6378977e-04   1.5502063e-03   2.2503368e-04   7.4564748e-04   9.3585909e-04   2.8837032e-03   1.6620688e-03   1.0439149e-03   1.5882246e-03   4.4524178e-03   1.2953280e-03   8.4157488e-04
   0.0000000e+00   0.0000000e+00   0.0000000e+00   0.0000000e+00   0.0000000e+00   0.0000000e+00   0.0000000e+00   0.0000000e+00   0.0000000e+00   0.0000000e+00   0.0000000e+00   0.0000000e+00   0.0000000e+00   0.0000000e+00   0.0000000e+00   0.0000000e+00   0.0000000e+00   0.0000000e+00   0.0000000e+00   0.0000000e+00   0.0000000e+00   0.0000000e+00   0.0000000e+00   0.0000000e+00   0.0000000e+00
   0.0000000e+00   0.0000000e+00   0.0000000e+00   0.0000000e+00   0.0000000e+00   0.0000000e+00   0.0000000e+00   0.0000000e+00   0.0000000e+00   0.0000000e+00   0.0000000e+00   0.0000000e+00   0.0000000e+00   0.0000000e+00   0.0000000e+00   0.0000000e+00   0.0000000e+00   0.0000000e+00   0.0000000e+00   0.0000000e+00   0.0000000e+00   0.0000000e+00   0.0000000e+00   0.0000000e+00   0.0000000e+00
   0.0000000e+00   0.0000000e+00   0.0000000e+00   0.0000000e+00   0.0000000e+00   0.0000000e+00   0.0000000e+00   0.0000000e+00   0.0000000e+00   0.0000000e+00   0.0000000e+00   0.0000000e+00   0.0000000e+00   0.0000000e+00   0.0000000e+00   0.0000000e+00   0.0000000e+00   0.0000000e+00   0.0000000e+00   0.0000000e+00   0.0000000e+00   0.0000000e+00   0.0000000e+00   0.0000000e+00   0.0000000e+00
