   2.8073434e+04   3.2073420e+04   5.3178642e+04   3.5905552e+04   3.5469970e+04   2.9197248e+04   3.9419231e+04   3.1855792e+04   2.9342004e+04   4.5032790e+04   3.3807718e+04   3.8848111e+04   2.7911515e+04   3.5607215e+04   3.7640221e+04   4.2233424e+04   5.2635017e+04   6.8786527e+04   3.6649507e+04   5.1225245e+04   2.0886141e+04   4.8772603e+04   3.5266643e+04   4.1437317e+04   3.1738253e+04
   1.0242049e+03   5.7876634e+02   8.6983766e+02   1.4303258e+03   7.4126195e+02   1.2480816e+03   5.4549349e+02   7.6818386e+02   9.4545592e+02   5.4152581e+02   5.7043196e+02   1.1663121e+03   7.7264236e+02   6.9025992e+02   8.5482730e+02   6.7059484e+02   6.4061411e+02   5.8740247e+02   1.0299560e+03   9.3101848e+02   9.1372157e+02   1.2662329e+03   6.0299995e+02   8.3158673e+02   1.0728447e+03
   1.4209106e+01   9.8834688e+00   1.1209300e+01   1.3702115e+01   6.3295089e+00   1.2901082e+01   4.9472682e+00   8.2162638e+00   9.3403101e+00   9.9989351e+00   5.5122001e+00   1.3338117e+01   1.3539023e+01   6.4158860e+00   1.1064337e+01   1.2912611e+01   7.4857181e+00   1.1635121e+01   1.1234285e+01   1.1381578e+01   6.9213202e+00   1.4836320e+01   1.0591432e+01   7.3288421e+00   1.1255595e+01
   5.5626721e-02   2.9302378e-02   4.2383262e-02   5.4771537e-02   1.6861548e-02   6.2975872e-02   2.0188426e-02   2.4189211e-02   4.2287791e-02   4.0035893e-02   4.0999401e-02   6.5634992e-02   3.3403502e-02   2.8166829e-02   9.4995871e-02   4.2443752e-02   4.3637365e-02   5.2744245e-02   5.9195367e-02   6.0876883e-02   5.2961392e-02   6.1020125e-02   3.2075417e-02   4.1618101e-02   3.3339100e-02
   2.7226143e-05   0.0000000e+00   0.0000000e+00   1.2064211e-05   0.0000000e+00   1.0173414e-05   0.0000000e+00   0.0000000e+00   3.0876061e-05   6.2382602e-07   7.6276718e-07   2.5139036e-05   5.6975798e-06   0.0000000e+00   1.1681971e-04   1.5233532e-06   2.7774179e-06   0.0000000e+00   6.6135426e-06   1.2671059e-05   8.0089284e-06   7.1420363e-06   1.5334366e-06   7.9705323e-06   0.0000000e+00
   0.0000000e+00   0.0000000e+00   0.0000000e+00   0.0000000e+00   0.0000000e+00   0.0000000e+00   0.0000000e+00   0.0000000e+00   0.0000000e+00   0.0000000e+00   0.0000000e+00   0.0000000e+00   0.0000000e+00   0.0000000e+00   0.0000000e+00   0.0000000e+00   0.0000000e+00   0.0000000e+00   0.0000000e+00   0.0000000e+00   0.0000000e+00   0.0000000e+00   0.0000000e+00   0.0000000e+00   0.0000000e+00
   0.0000000e+00   0.0000000e+00   0.0000000e+00   0.0000000e+00   0.0000000e+00   0.0000000e+00   0.0000000e+00   0.0000000e+00   0.0000000e+00   0.0000000e+00   0.0000000e+00   0.0000000e+00   0.0000000e+00   0.0000000e+00   0.0000000e+00   0.0000000e+00   0.0000000e+00   0.0000000e+00   0.0000000e+00   0.0000000e+00   0.0000000e+00   0.0000000e+00   0.0000000e+00   0.0000000e+00   0.0000000e+00
   0.0000000e+00   0.0000000e+00   0.0000000e+00   0.0000000e+00   0.0000000e+00   0.0000000e+00   0.0000000e+00   0.0000000e+00   0.0000000e+00   0.0000000e+00   0.0000000e+00   0.0000000e+00   0.0000000e+00   0.0000000e+00   0.0000000e+00   0.0000000e+00   0.0000000e+00   0.0000000e+00   0.0000000e+00   0.0000000e+00   0.0000000e+00   0.0000000e+00   0.0000000e+00   0.0000000e+00   0.0000000e+00
   0.0000000e+00   0.0000000e+00   0.0000000e+00   0.0000000e+00   0.0000000e+00   0.0000000e+00   0.0000000e+00   0.0000000e+00   0.0000000e+00   0.0000000e+00   0.0000000e+00   0.0000000e+00   0.0000000e+00   0.0000000e+00   0.0000000e+00   0.0000000e+00   0.0000000e+00   0.0000000e+00   0.0000000e+00   0.0000000e+00   0.0000000e+00   0.0000000e+00   0.0000000e+00   0.0000000e+00   0.0000000e+00
   0.0000000e+00   0.0000000e+00   0.0000000e+00   0.0000000e+00   0.0000000e+00   0.0000000e+00   0.0000000e+00   0.0000000e+00   0.0000000e+00   0.0000000e+00   0.0000000e+00   0.0000000e+00   0.0000000e+00   0.0000000e+00   0.0000000e+00   0.0000000e+00   0.0000000e+00   0.0000000e+00   0.0000000e+00   0.0000000e+00   0.0000000e+00   0.0000000e+00   0.0000000e+00   0.0000000e+00   0.0000000e+00
