   1.1210958e-03   0.0000000e+00   0.0000000e+00   1.8004229e-04   0.0000000e+00   3.7492596e-03   2.0685573e-03   0.0000000e+00   9.0930694e-05   3.1526808e-03   0.0000000e+00   0.0000000e+00   7.9539419e-04   0.0000000e+00   8.7998296e-04   0.0000000e+00   3.3715123e-04   0.0000000e+00   0.0000000e+00   0.0000000e+00   2.5465742e-03   0.0000000e+00   7.8355418e-05   2.7636088e-03   1.1779676e-03
   7.9368862e+00   6.7372599e+00   5.2459493e+00   6.1278191e+00   7.0716774e+00   2.9987474e+00   4.6238352e+00   5.5300095e+00   7.5319055e+00   6.0114750e+00   5.9457833e+00   6.5178991e+00   7.0341170e+00   8.1191810e+00   6.5190334e+00   3.7635871e+00   4.0896521e+00   6.8150103e+00   5.6387200e+00   8.5694957e+00   8.1624392e+00   4.1909859e+00   2.9446192e+00   7.3952418e+00   4.6921557e+00
   2.4529362e+00   2.3839168e+00   1.5581031e+00   1.4552899e+00   1.9834734e+00   1.6091109e+00   1.0339752e+00   1.5878898e+00   3.1718049e+00   3.1477172e+00   2.7894982e+00   1.0475302e+00   2.6845576e+00   2.6755256e+00   3.0008641e+00   2.2975992e+00   3.3448432e+00   1.5102386e+00   1.7468280e+00   2.8080519e+00   3.2294588e+00   5.0317296e-01   1.4212568e+00   3.1771807e+00   1.8501049e+00
   9.6704663e-01   1.0197952e+00   6.8308665e-01   1.4257749e+00   3.0154047e-01   4.6258947e-01   3.0647866e-01   7.2397108e-01   1.5465234e+00   9.8033910e-01   7.8048830e-01   3.1800730e-01   1.3953387e+00   1.1013013e+00   6.7563184e-01   7.1464276e-01   5.1597136e-01   1.2884716e+00   7.2564987e-01   7.1393786e-01   1.3475384e+00   2.6336076e-01   6.7470303e-01   1.0061965e+00   8.0858638e-01
   8.9053463e-02   0.0000000e+00   1.6319703e-02   1.4655613e-01   2.2783455e-02   0.0000000e+00   1.9174133e-02   4.4592597e-02   1.3204488e-01   0.0000000e+00   0.0000000e+00   0.0000000e+00   0.0000000e+00   2.8001891e-02   2.0905227e-02   2.1658455e-02   0.0000000e+00   1.2785895e-01   4.3103864e-02   2.9628156e-02   0.0000000e+00   2.2116368e-02   0.0000000e+00   7.5803735e-02   0.0000000e+00
   2.8737622e-04   0.0000000e+00   0.0000000e+00   2.4186396e-03   7.9425508e-04   0.0000000e+00   0.0000000e+00   4.0963823e-04   5.9793352e-04   0.0000000e+00   0.0000000e+00   0.0000000e+00   0.0000000e+00   0.0000000e+00   0.0000000e+00   0.0000000e+00   0.0000000e+00   3.2633488e-04   0.0000000e+00   4.0674321e-04   0.0000000e+00   0.0000000e+00   0.0000000e+00   1.0650043e-03   0.0000000e+00
   0.0000000e+00   0.0000000e+00   0.0000000e+00   0.0000000e+00   0.0000000e+00   0.0000000e+00   0.0000000e+00   0.0000000e+00   0.0000000e+00   0.0000000e+00   0.0000000e+00   0.0000000e+00   0.0000000e+00   0.0000000e+00   0.0000000e+00   0.0000000e+00   0.0000000e+00   0.0000000e+00   0.0000000e+00   0.0000000e+00   0.0000000e+00   0.0000000e+00   0.0000000e+00   0.0000000e+00   0.0000000e+00
   0.0000000e+00   0.0000000e+00   0.0000000e+00   0.0000000e+00   0.0000000e+00   0.0000000e+00   0.0000000e+00   0.0000000e+00   0.0000000e+00   0.0000000e+00   0.0000000e+00   0.0000000e+00   0.0000000e+00   0.0000000e+00   0.0000000e+00   0.0000000e+00   0.0000000e+00   0.0000000e+00   0.0000000e+00   0.0000000e+00   0.0000000e+00   0.0000000e+00   0.0000000e+00   0.0000000e+00   0.0000000e+00
   0.0000000e+00   0.0000000e+00   0.0000000e+00   0.0000000e+00   0.0000000e+00   0.0000000e+00   0.0000000e+00   0.0000000e+00   0.0000000e+00   0.0000000e+00   0.0000000e+00   0.0000000e+00   0.0000000e+00   0.0000000e+00   0.0000000e+00   0.0000000e+00   0.0000000e+00   0.0000000e+00   0.0000000e+00   0.0000000e+00   0.0000000e+00   0.0000000e+00   0.0000000e+00   0.0000000e+00   0.0000000e+00
   0.0000000e+00   0.0000000e+00   0.0000000e+00   0.0000000e+00   0.0000000e+00   0.0000000e+00   0.0000000e+00   0.0000000e+00   0.0000000e+00   0.0000000e+00   0.0000000e+00   0.0000000e+00   0.0000000e+00   0.0000000e+00   0.0000000e+00   0.0000000e+00   0.0000000e+00   0.0000000e+00   0.0000000e+00   0.0000000e+00   0.0000000e+00   0.0000000e+00   0.0000000e+00   0.0000000e+00   0.0000000e+00
