   2.8894791e+03   2.8958156e+03   2.8992837e+03   2.7153721e+03   2.8946023e+03   2.8895170e+03   2.8906246e+03   2.8981378e+03   2.8900507e+03   2.8890375e+03   2.8888284e+03   2.8920162e+03   2.8857616e+03   2.8976648e+03   2.8904630e+03   2.8930632e+03   2.9040092e+03   2.8889500e+03   2.8897316e+03   2.8955875e+03   2.8944139e+03   2.8969603e+03   2.8910168e+03   2.8905315e+03   2.9024334e+03
   3.0158542e+03   2.9995827e+03   3.0068466e+03   3.0676581e+03   2.9964215e+03   3.0139415e+03   3.0059194e+03   3.0343687e+03   3.6282408e+03   3.3263615e+03   3.0312819e+03   3.0327876e+03   4.3735547e+03   3.0172851e+03   3.0097756e+03   3.0166071e+03   3.0087467e+03   3.8486237e+03   3.1081240e+03   3.1894623e+03   3.4469125e+03   3.0258027e+03   3.0651347e+03   3.0196374e+03   3.0020746e+03
   2.9955299e+03   2.9951125e+03   2.9947244e+03   2.9969482e+03   2.9949425e+03   2.9955261e+03   2.9951412e+03   2.9954162e+03   2.9953633e+03   2.9951663e+03   2.9950288e+03   2.9955309e+03   2.9952002e+03   2.9952476e+03   2.9961915e+03   2.9949810e+03   2.9950645e+03   2.9952037e+03   2.9953549e+03   2.9955098e+03   2.9961532e+03   2.9952044e+03   2.9955974e+03   2.9950330e+03   2.9945913e+03
   2.9944386e+03   2.9944336e+03   2.9944301e+03   2.9944664e+03   2.9944388e+03   2.9944407e+03   2.9944317e+03   2.9944308e+03   2.9944422e+03   2.9944447e+03   2.9944349e+03   2.9944490e+03   2.9944430e+03   2.9944361e+03   2.9944446e+03   2.9944343e+03   2.9944324e+03   2.9944360e+03   2.9944404e+03   2.9944455e+03   2.9944513e+03   2.9944386e+03   2.9944431e+03   2.9944346e+03   2.9944279e+03
   2.9944246e+03   2.9944245e+03   2.9944245e+03   2.9944247e+03   2.9944245e+03   2.9944246e+03   2.9944246e+03   2.9944245e+03   2.9944246e+03   2.9944246e+03   2.9944245e+03   2.9944246e+03   2.9944246e+03   2.9944245e+03   2.9944247e+03   2.9944245e+03   2.9944246e+03   2.9944246e+03   2.9944246e+03   2.9944247e+03   2.9944246e+03   2.9944246e+03   2.9944246e+03   2.9944245e+03   2.9944245e+03
   2.9944245e+03   2.9944245e+03   2.9944245e+03   2.9944245e+03   2.9944245e+03   2.9944245e+03   2.9944245e+03   2.9944245e+03   2.9944245e+03   2.9944245e+03   2.9944245e+03   2.9944245e+03   2.9944245e+03   2.9944245e+03   2.9944245e+03   2.9944245e+03   2.9944245e+03   2.9944245e+03   2.9944245e+03   2.9944245e+03   2.9944245e+03   2.9944245e+03   2.9944245e+03   2.9944245e+03   2.9944245e+03
   2.9944245e+03   2.9944245e+03   2.9944245e+03   2.9944245e+03   2.9944245e+03   2.9944245e+03   2.9944245e+03   2.9944245e+03   2.9944245e+03   2.9944245e+03   2.9944245e+03   2.9944245e+03   2.9944245e+03   2.9944245e+03   2.9944245e+03   2.9944245e+03   2.9944245e+03   2.9944245e+03   2.9944245e+03   2.9944245e+03   2.9944245e+03   2.9944245e+03   2.9944245e+03   2.9944245e+03   2.9944245e+03
   2.9944245e+03   2.9944245e+03   2.9944245e+03   2.9944245e+03   2.9944245e+03   2.9944245e+03   2.9944245e+03   2.9944245e+03   2.9944245e+03   2.9944245e+03   2.9944245e+03   2.9944245e+03   2.9944245e+03   2.9944245e+03   2.9944245e+03   2.9944245e+03   2.9944245e+03   2.9944245e+03   2.9944245e+03   2.9944245e+03   2.9944245e+03   2.9944245e+03   2.9944245e+03   2.9944245e+03   2.9944245e+03
   2.9944245e+03   2.9944245e+03   2.9944245e+03   2.9944245e+03   2.9944245e+03   2.9944245e+03   2.9944245e+03   2.9944245e+03   2.9944245e+03   2.9944245e+03   2.9944245e+03   2.9944245e+03   2.9944245e+03   2.9944245e+03   2.9944245e+03   2.9944245e+03   2.9944245e+03   2.9944245e+03   2.9944245e+03   2.9944245e+03   2.9944245e+03   2.9944245e+03   2.9944245e+03   2.9944245e+03   2.9944245e+03
   2.9944245e+03   2.9944245e+03   2.9944245e+03   2.9944245e+03   2.9944245e+03   2.9944245e+03   2.9944245e+03   2.9944245e+03   2.9944245e+03   2.9944245e+03   2.9944245e+03   2.9944245e+03   2.9944245e+03   2.9944245e+03   2.9944245e+03   2.9944245e+03   2.9944245e+03   2.9944245e+03   2.9944245e+03   2.9944245e+03   2.9944245e+03   2.9944245e+03   2.9944245e+03   2.9944245e+03   2.9944245e+03
