   8.9574109e+03             Inf   7.3570510e+03   8.1462642e+03             Inf   7.7089360e+03   8.3093290e+03   8.4226413e+03   7.9490785e+03   7.3558835e+03   8.7414610e+03   9.7402842e+03   8.5855900e+03   7.9643634e+03   1.3612715e+04   8.2433876e+03   8.3267701e+03   7.4125869e+03   8.9086782e+03   7.4918625e+03   7.4871398e+03   7.7890671e+03   7.5055242e+03   1.0179704e+04   1.5955771e+04
   1.0170085e+04   1.8827847e+04   1.2797723e+04   1.6146031e+04   7.7365054e+03   8.3615876e+03   9.4660285e+03   7.6973005e+03   8.8033492e+03   1.2899894e+04   8.0172014e+03   9.3608770e+03   8.0820075e+03   9.1450947e+03   9.3241505e+03   9.6873598e+03             Inf   1.2050742e+04   8.2067715e+03   8.0817989e+03   8.1840627e+03   7.6294454e+03   8.2298578e+03             Inf             Inf
   7.9174075e+03   1.0913094e+04   8.3957233e+03   8.1806300e+03   8.0835821e+03             Inf   7.6220384e+03             Inf   7.9915622e+03   8.5435274e+03   1.3848692e+04             Inf   9.5759860e+03   1.2965565e+04             Inf   8.8915889e+03   1.0008560e+04   8.5979471e+03   9.7670560e+03   8.0840615e+03   8.4176290e+03   9.3919891e+03   7.7097124e+03   7.3601511e+03   7.9077834e+03
             Inf   1.0195082e+04   8.0024841e+03   1.2422096e+04   9.4119702e+03   8.8670241e+03   7.8155536e+03   1.0758299e+04   7.8658350e+03             Inf   8.6383438e+03   8.2557847e+03   7.5574316e+03             Inf   7.7110593e+03   8.4063732e+03   9.9463599e+03   9.0894598e+03   8.2612277e+03   1.0636576e+04   7.2375487e+03   7.8323124e+03   7.9724339e+03   1.0104873e+04             Inf
   9.3490981e+03   7.3709745e+03   8.1669202e+03   9.1788465e+03   7.1104308e+03   1.0572543e+04   9.4670354e+03   7.6376249e+03   7.2482021e+03   7.9859698e+03   9.4685518e+03   9.5392288e+03   7.3549308e+03   7.5580199e+03   8.5712411e+03   7.8299711e+03   8.0791216e+03   7.8422617e+03   8.6033646e+03   1.0054373e+04   1.1234498e+04   8.2413937e+03   7.4355483e+03   8.1154737e+03   9.0385173e+03
   7.0490370e+03   7.0490370e+03   7.0490370e+03   7.0490370e+03   7.0490370e+03   7.0490370e+03   7.0490370e+03   7.0490370e+03   7.0490370e+03   7.0490370e+03   7.0490370e+03   7.0490370e+03   7.0490370e+03   7.0490370e+03   7.0490370e+03   7.0490370e+03   7.0490370e+03   7.0490370e+03   7.0490370e+03   7.0490370e+03   7.0490370e+03   7.0490370e+03   7.0490370e+03   7.0490370e+03   7.0490370e+03
   7.0490370e+03   7.0490370e+03   7.0490370e+03   7.0490370e+03   7.0490370e+03   7.0490370e+03   7.0490370e+03   7.0490370e+03   7.0490370e+03   7.0490370e+03   7.0490370e+03   7.0490370e+03   7.0490370e+03   7.0490370e+03   7.0490370e+03   7.0490370e+03   7.0490370e+03   7.0490370e+03   7.0490370e+03   7.0490370e+03   7.0490370e+03   7.0490370e+03   7.0490370e+03   7.0490370e+03   7.0490370e+03
   7.0490370e+03   7.0490370e+03   7.0490370e+03   7.0490370e+03   7.0490370e+03   7.0490370e+03   7.0490370e+03   7.0490370e+03   7.0490370e+03   7.0490370e+03   7.0490370e+03   7.0490370e+03   7.0490370e+03   7.0490370e+03   7.0490370e+03   7.0490370e+03   7.0490370e+03   7.0490370e+03   7.0490370e+03   7.0490370e+03   7.0490370e+03   7.0490370e+03   7.0490370e+03   7.0490370e+03   7.0490370e+03
   7.0490370e+03   7.0490370e+03   7.0490370e+03   7.0490370e+03   7.0490370e+03   7.0490370e+03   7.0490370e+03   7.0490370e+03   7.0490370e+03   7.0490370e+03   7.0490370e+03   7.0490370e+03   7.0490370e+03   7.0490370e+03   7.0490370e+03   7.0490370e+03   7.0490370e+03   7.0490370e+03   7.0490370e+03   7.0490370e+03   7.0490370e+03   7.0490370e+03   7.0490370e+03   7.0490370e+03   7.0490370e+03
   7.0490370e+03   7.0490370e+03   7.0490370e+03   7.0490370e+03   7.0490370e+03   7.0490370e+03   7.0490370e+03   7.0490370e+03   7.0490370e+03   7.0490370e+03   7.0490370e+03   7.0490370e+03   7.0490370e+03   7.0490370e+03   7.0490370e+03   7.0490370e+03   7.0490370e+03   7.0490370e+03   7.0490370e+03   7.0490370e+03   7.0490370e+03   7.0490370e+03   7.0490370e+03   7.0490370e+03   7.0490370e+03
