   4.4357265e+01   2.4940976e+00   1.1573266e+01   2.5157933e+00   7.1068249e+00   1.0625313e+04   1.5772380e+00   1.8239397e+06   9.6422974e+00   6.1406887e+01   6.3853653e+00   5.2286477e+00   9.3067377e+01   3.1716080e-01   1.5764543e+02   2.9178056e+03   1.9694628e+00   2.0692188e+01   2.8851363e+01   5.9402303e+02   1.1099347e+02   2.9851497e+01   5.6710663e+01   3.8220611e+03   5.6227487e-01
   2.4132765e-01   2.7207589e-01   2.3588056e-01   2.4550761e-01   2.5612978e-01   2.3783796e-01   3.5920470e-01   5.1999243e-01   1.9003215e-01   1.8188286e-01   1.4713152e-01   1.3896385e-01   1.9164232e-01   2.8802605e-01   3.0363527e-01   4.4187698e-01   3.5881900e-01   2.7516405e-01   4.2841129e-01   5.2539318e-01   3.2826553e-01   2.1233195e-01   3.2993451e-01   3.3187583e-01   2.4035550e-01
   5.3279741e-02   4.8975052e-02   4.8346645e-02   4.2675428e-02   4.9617851e-02   4.3277886e-02   4.9965067e-02   5.0865143e-02   4.7932617e-02   4.1399001e-02   4.3711022e-02   4.4961256e-02   4.4965332e-02   4.6569263e-02   5.2666473e-02   5.3642294e-02   4.6141459e-02   4.7126127e-02   5.2680300e-02   5.6403466e-02   5.3360490e-02   4.1542348e-02   4.5994405e-02   4.8845412e-02   4.8566326e-02
   3.3496690e-02   3.3130299e-02   3.3238577e-02   3.3256560e-02   3.3232634e-02   3.2946927e-02   3.3103824e-02   3.3624100e-02   3.3184990e-02   3.2946212e-02   3.2868522e-02   3.2975112e-02   3.3142511e-02   3.2991323e-02   3.3214583e-02   3.3323166e-02   3.3192115e-02   3.2954789e-02   3.3210292e-02   3.3136764e-02   3.3498913e-02   3.2917606e-02   3.3034939e-02   3.3740215e-02   3.3253912e-02
   3.2231043e-02   3.2224264e-02   3.2245424e-02   3.2229739e-02   3.2226543e-02   3.2218231e-02   3.2230536e-02   3.2228495e-02   3.2226098e-02   3.2220364e-02   3.2217346e-02   3.2227925e-02   3.2220007e-02   3.2224330e-02   3.2228270e-02   3.2234058e-02   3.2226152e-02   3.2223709e-02   3.2225107e-02   3.2236093e-02   3.2239909e-02   3.2222470e-02   3.2224180e-02   3.2237746e-02   3.2226942e-02
   3.2213058e-02   3.2213034e-02   3.2213057e-02   3.2213050e-02   3.2213066e-02   3.2213037e-02   3.2213045e-02   3.2213033e-02   3.2213027e-02   3.2213020e-02   3.2213011e-02   3.2213064e-02   3.2213028e-02   3.2213028e-02   3.2213045e-02   3.2213075e-02   3.2213040e-02   3.2213030e-02   3.2213043e-02   3.2213095e-02   3.2213095e-02   3.2213021e-02   3.2213036e-02   3.2213077e-02   3.2213044e-02
   3.2213001e-02   3.2213001e-02   3.2213001e-02   3.2213001e-02   3.2213001e-02   3.2213001e-02   3.2213001e-02   3.2213001e-02   3.2213001e-02   3.2213001e-02   3.2213001e-02   3.2213001e-02   3.2213001e-02   3.2213001e-02   3.2213001e-02   3.2213001e-02   3.2213001e-02   3.2213001e-02   3.2213001e-02   3.2213001e-02   3.2213001e-02   3.2213001e-02   3.2213001e-02   3.2213001e-02   3.2213001e-02
   3.2213001e-02   3.2213001e-02   3.2213001e-02   3.2213001e-02   3.2213001e-02   3.2213001e-02   3.2213001e-02   3.2213001e-02   3.2213001e-02   3.2213001e-02   3.2213001e-02   3.2213001e-02   3.2213001e-02   3.2213001e-02   3.2213001e-02   3.2213001e-02   3.2213001e-02   3.2213001e-02   3.2213001e-02   3.2213001e-02   3.2213001e-02   3.2213001e-02   3.2213001e-02   3.2213001e-02   3.2213001e-02
   3.2213001e-02   3.2213001e-02   3.2213001e-02   3.2213001e-02   3.2213001e-02   3.2213001e-02   3.2213001e-02   3.2213001e-02   3.2213001e-02   3.2213001e-02   3.2213001e-02   3.2213001e-02   3.2213001e-02   3.2213001e-02   3.2213001e-02   3.2213001e-02   3.2213001e-02   3.2213001e-02   3.2213001e-02   3.2213001e-02   3.2213001e-02   3.2213001e-02   3.2213001e-02   3.2213001e-02   3.2213001e-02
   3.2213001e-02   3.2213001e-02   3.2213001e-02   3.2213001e-02   3.2213001e-02   3.2213001e-02   3.2213001e-02   3.2213001e-02   3.2213001e-02   3.2213001e-02   3.2213001e-02   3.2213001e-02   3.2213001e-02   3.2213001e-02   3.2213001e-02   3.2213001e-02   3.2213001e-02   3.2213001e-02   3.2213001e-02   3.2213001e-02   3.2213001e-02   3.2213001e-02   3.2213001e-02   3.2213001e-02   3.2213001e-02
