   1.0677972e+00   1.0228186e+00   1.3898388e+00   1.3040825e+00   9.2205329e-01   1.1018786e+00   9.3884297e-01   1.3360835e+00   8.2691000e-01   1.0479000e+00   7.9656958e-01   1.1726789e+00   9.2837233e-01   7.1398118e-01   1.1773929e+00   1.0244249e+00   1.4203528e+00   1.1633944e+00   7.7871839e-01   1.0507180e+00   9.2158365e-01   9.8863347e-01   5.5592095e-01   6.1740986e-01   1.0913459e+00
   3.2926700e-01   5.1983916e-01   9.8657781e-01   1.0745924e+00   3.4590847e-01   7.4697186e-01   3.2670296e-01   9.7664203e-01   4.9746701e-01   2.0689081e-01   2.1106895e-01   7.4724141e-01   2.6566351e-01   4.3743612e-01   7.7771239e-01   4.5164538e-01   5.4823230e-01   7.7342234e-01   4.9295629e-01   1.5178232e-01   2.0672640e-01   7.6740679e-01   4.1862484e-01   9.3609697e-02   2.8815259e-01
   2.0117488e-01   3.9928309e-01   9.5617329e-01   9.6076687e-01   1.6664767e-01   6.2187675e-01   2.7435468e-01   5.3159737e-01   3.5251390e-01   1.4517711e-01   1.9090494e-01   7.2191008e-01   2.1355607e-01   4.0351815e-01   6.0546740e-01   3.7353810e-01   4.5153633e-01   6.8069535e-01   4.2477960e-01   1.3504766e-01   1.4473036e-01   2.2090472e-01   4.0907173e-01   7.2762762e-02   2.0096729e-01
   1.8393714e-01   3.9197362e-01   9.2668273e-01   8.6686913e-01   1.5611463e-01   4.6968886e-01   1.9014403e-01   5.2554034e-01   3.2016582e-01   1.3952610e-01   1.7008952e-01   6.5981891e-01   1.3375732e-01   3.7556571e-01   5.5003826e-01   3.5022245e-01   4.2524651e-01   5.2385192e-01   2.8517136e-01   1.2845288e-01   9.3711596e-02   1.1220059e-01   4.0655557e-01   6.9718762e-02   1.6097556e-01
   1.3710471e-01   3.8139955e-01   9.1405486e-01   8.2438238e-01   1.0992789e-01   1.8074350e-01   1.4354688e-01   5.2212014e-01   2.9351542e-01   1.3733913e-01   1.4081278e-01   4.5221738e-01   1.0187711e-01   3.1643277e-01   5.4349827e-01   3.2950742e-01   4.0369644e-01   4.6319326e-01   2.7773390e-01   1.2154507e-01   8.6897283e-02   6.5955415e-02   3.8565359e-01   6.9199874e-02   1.4962362e-01
   1.2540808e-01   1.2110112e-01   9.0130356e-01   8.1234988e-01   9.3604491e-02   1.7663321e-01   1.3439991e-01   5.2062902e-01   1.1228371e-01   1.3662620e-01   1.3493466e-01   1.9909777e-01   1.0048275e-01   3.0691847e-01   4.0541519e-01   1.5836898e-01   3.0481364e-01   4.4286350e-01   2.7636141e-01   1.1916556e-01   7.4196977e-02   6.0505996e-02   2.4239235e-01   6.1862684e-02   1.4742903e-01
   1.2519962e-01   1.1949985e-01   8.9069325e-01   6.0242043e-01   8.4583832e-02   1.7373728e-01   1.3254929e-01   4.9766304e-01   1.0374102e-01   1.3659855e-01   1.1822555e-01   1.9444227e-01   1.0038662e-01   2.9559399e-01   2.8006784e-01   1.4538307e-01   1.1842292e-01   3.5811260e-01   2.7161339e-01   1.1908157e-01   7.3199595e-02   5.9981080e-02   2.4131666e-01   6.0433801e-02   1.3933045e-01
   9.8785382e-02   1.1515971e-01   5.7112517e-01   5.2217177e-01   7.8702297e-02   1.6366845e-01   1.3239196e-01   4.6934577e-01   1.0327330e-01   1.3609864e-01   1.0764321e-01   1.9345755e-01   9.7147350e-02   2.1417080e-01   2.5136883e-01   1.3905336e-01   1.1443958e-01   3.4153315e-01   2.5871573e-01   1.1550980e-01   7.3023343e-02   5.9913931e-02   8.3629278e-02   5.9962747e-02   1.2107864e-01
   9.6553357e-02   9.2251114e-02   5.6277554e-01   3.4521176e-01   7.3824971e-02   1.5935837e-01   1.2432005e-01   4.6758145e-01   9.2003639e-02   1.2905394e-01   1.0739243e-01   1.9015732e-01   9.5714292e-02   2.1336815e-01   2.4862705e-01   1.2696797e-01   1.1332363e-01   3.4128466e-01   2.1955217e-01   1.1447906e-01   6.7090792e-02   5.9907027e-02   8.2905861e-02   5.9961136e-02   1.2085093e-01
   9.5671991e-02   9.0906103e-02   5.5566172e-01   3.3646167e-01   6.6775429e-02   1.5090295e-01   1.2398119e-01   4.3051890e-01   8.9894524e-02   1.2870669e-01   1.0738205e-01   1.8847832e-01   9.5624491e-02   1.7010505e-01   2.4808202e-01   1.2615610e-01   1.0486375e-01   3.4107933e-01   1.3617215e-01   1.1280800e-01   6.1909051e-02   5.9788393e-02   8.2522382e-02   5.5818569e-02   1.1836557e-01
