   1.0000000e-01   8.0000000e-01   8.0000000e-01   1.0000000e-01   8.0000000e-01   1.0000000e-01   8.0000000e-01   8.0000000e-01   1.0000000e-01   8.0000000e-01   8.0000000e-01   8.0000000e-01   8.0000000e-01   8.0000000e-01   1.0000000e-01   8.0000000e-01   1.0000000e-01   1.0000000e-01   8.0000000e-01   1.0000000e-01   1.0000000e-01   8.0000000e-01   1.0000000e-01   1.0000000e-01   1.0000000e-01
   4.7057719e-01   8.0000003e-01   8.0000034e-01   1.0000011e-01   8.1562730e-01   1.0000001e-01   8.0000001e-01   8.0920343e-01   8.0000000e-01   1.0800144e+00   8.1093680e-01   8.0017622e-01   8.0000010e-01   8.0000097e-01   8.0000014e-01   8.0399732e-01   1.0000000e-01   8.0967314e-01   8.0000141e-01   1.0001998e-01   8.2145635e-01   8.0000189e-01   8.0002633e-01   8.0000000e-01   8.0740340e-01
   1.0788532e+00   8.0002158e-01   8.0035664e-01   8.0006468e-01   1.2500000e+00   8.0000623e-01   9.3899956e-01   1.2500000e+00   8.0000133e-01   1.2500000e+00   1.2500000e+00   9.0283741e-01   8.0016680e-01   8.0098100e-01   8.0020993e-01   1.2500000e+00   8.0000051e-01   1.2192141e+00   8.0256859e-01   8.0264736e-01   1.0834866e+00   8.0316987e-01   8.5363140e-01   8.0000092e-01   1.0785155e+00
   1.0765432e+00   1.2500000e+00   1.2500000e+00   1.2500000e+00   1.2500000e+00   1.2500000e+00   1.2500000e+00   1.2500000e+00   1.2411242e+00   1.2500000e+00   1.2500000e+00   1.2500000e+00   1.2500000e+00   1.2500000e+00   1.2500000e+00   1.2500000e+00   1.0307991e+00   1.2500000e+00   1.2500000e+00   1.2500000e+00   1.0765536e+00   1.2500000e+00   1.2500000e+00   1.2017508e+00   1.0765817e+00
   1.0765431e+00   1.2500000e+00   1.2500000e+00   1.2500000e+00   1.2500000e+00   1.2500000e+00   1.2500000e+00   1.2500000e+00   1.2500000e+00   1.2500000e+00   1.2500000e+00   1.2500000e+00   1.2500000e+00   1.2500000e+00   1.2500000e+00   1.2500000e+00   1.2500000e+00   1.2500000e+00   1.2500000e+00   1.2500000e+00   1.0765431e+00   1.2500000e+00   1.2500000e+00   1.2500000e+00   1.0765431e+00
   1.0765431e+00   1.2500000e+00   1.2500000e+00   1.2500000e+00   1.2500000e+00   1.0765479e+00   1.2500000e+00   1.2500000e+00   1.2500000e+00   1.2500000e+00   1.2500000e+00   1.2500000e+00   1.2500000e+00   1.2500000e+00   1.2500000e+00   1.2500000e+00   1.2500000e+00   1.0765480e+00   1.2500000e+00   1.2500000e+00   1.0765431e+00   1.2500000e+00   1.2500000e+00   1.2500000e+00   1.0765431e+00
   1.0765431e+00   1.2500000e+00   1.2500000e+00   1.2500000e+00   1.0765439e+00   1.0765431e+00   1.2500000e+00   1.2500000e+00   1.2331532e+00   1.2500000e+00   1.2500000e+00   1.2500000e+00   1.2500000e+00   1.2500000e+00   1.2500000e+00   1.2500000e+00   1.2500000e+00   1.0765431e+00   1.2500000e+00   1.2500000e+00   1.0765431e+00   1.0797341e+00   1.2500000e+00   1.2500000e+00   1.0765431e+00
   1.0765431e+00   1.2500000e+00   1.2500000e+00   1.2500000e+00   1.0765431e+00   1.0765431e+00   1.2500000e+00   1.0765431e+00   1.0765431e+00   1.2500000e+00   1.2500000e+00   1.2500000e+00   1.2500000e+00   1.0766294e+00   1.2500000e+00   1.2500000e+00   1.0765432e+00   1.0765431e+00   1.2500000e+00   1.2500000e+00   1.0765431e+00   1.0765431e+00   1.2500000e+00   1.2500000e+00   1.0765431e+00
   1.0765431e+00   1.2500000e+00   1.2500000e+00   1.2500000e+00   1.0765431e+00   1.0765431e+00   1.2500000e+00   1.0765431e+00   1.0765431e+00   1.2500000e+00   1.2500000e+00   1.2500000e+00   1.2500000e+00   1.0765431e+00   1.2500000e+00   1.2500000e+00   1.0765431e+00   1.0765431e+00   1.2500000e+00   1.2500000e+00   1.0765431e+00   1.0765431e+00   1.2500000e+00   1.2500000e+00   1.0765431e+00
   1.0765431e+00   1.2500000e+00   1.2500000e+00   1.2500000e+00   1.0765431e+00   1.0765431e+00   1.2500000e+00   1.0765431e+00   1.0765431e+00   1.1806989e+00   1.2500000e+00   1.2500000e+00   1.2500000e+00   1.0765431e+00   1.2500000e+00   1.2500000e+00   1.0765431e+00   1.0765431e+00   1.2500000e+00   1.2500000e+00   1.0765431e+00   1.0765431e+00   1.2340986e+00   1.2500000e+00   1.0765431e+00
