   1.5000000e+00   1.5000000e+00   1.5000000e+00   1.5000000e+00   1.5000000e+00   1.5000000e+00   1.5000000e+00   1.5000000e+00   1.5000000e+00   1.5000000e+00   1.5000000e+00   1.5000000e+00   1.5000000e+00   1.5000000e+00   1.5000000e+00   1.5000000e+00   1.5000000e+00   1.5000000e+00   1.5000000e+00   1.5000000e+00   1.5000000e+00   1.5000000e+00   1.5000000e+00   1.5000000e+00   1.5000000e+00
   2.6908710e+00   2.6964249e+00   2.6206807e+00   2.5772021e+00   2.6820934e+00   2.5716300e+00   2.6688963e+00   1.5000000e+00   2.8112506e+00   2.7578365e+00   2.5525343e+00   2.6542086e+00   2.6576115e+00   2.9241190e+00   2.8489641e+00   2.5750820e+00   2.6788268e+00   3.0026439e+00   2.6566825e+00   2.9156410e+00   2.7758216e+00   2.5983328e+00   2.9214618e+00   2.8966103e+00   2.7695222e+00
   2.5577847e+00   2.5582946e+00   2.5577583e+00   2.5579133e+00   2.5578296e+00   2.5578301e+00   2.5581599e+00   2.5581797e+00   2.5580863e+00   2.5598826e+00   2.5578923e+00   2.5583163e+00   2.5578021e+00   2.5580197e+00   2.5578049e+00   2.5585546e+00   2.5579247e+00   2.6253811e+00   2.5673058e+00   2.5594019e+00   2.5577405e+00   2.5584828e+00   2.5590473e+00   2.5581000e+00   2.5580583e+00
   2.5576547e+00   2.5576547e+00   2.5576552e+00   2.5576548e+00   2.5576550e+00   2.5576546e+00   2.5576549e+00   2.5576624e+00   2.5576559e+00   2.5576575e+00   2.5576547e+00   2.5576547e+00   2.5576548e+00   2.5576548e+00   2.5576548e+00   2.5576558e+00   2.5576548e+00   2.5578480e+00   2.5576594e+00   2.5576641e+00   2.5576558e+00   2.5576552e+00   2.5576666e+00   2.5576563e+00   2.5576549e+00
   2.5576546e+00   2.5576546e+00   2.5576546e+00   2.5576546e+00   2.5576546e+00   2.5576546e+00   2.5576546e+00   2.5576546e+00   2.5576546e+00   2.5576546e+00   2.5576546e+00   2.5576546e+00   2.5576546e+00   2.5576546e+00   2.5576546e+00   2.5576546e+00   2.5576546e+00   2.5576546e+00   2.5576546e+00   2.5576546e+00   2.5576546e+00   2.5576546e+00   2.5576546e+00   2.5576546e+00   2.5576546e+00
   2.5576546e+00   2.5576546e+00   2.5576546e+00   2.5576546e+00   2.5576546e+00   2.5576546e+00   2.5576546e+00   2.5576546e+00   2.5576546e+00   2.5576546e+00   2.5576546e+00   2.5576546e+00   2.5576546e+00   2.5576546e+00   2.5576546e+00   2.5576546e+00   2.5576546e+00   2.5576546e+00   2.5576546e+00   2.5576546e+00   2.5576546e+00   2.5576546e+00   2.5576546e+00   2.5576546e+00   2.5576546e+00
   2.5576546e+00   2.5576546e+00   2.5576546e+00   2.5576546e+00   2.5576546e+00   2.5576546e+00   2.5576546e+00   2.5576546e+00   2.5576546e+00   2.5576546e+00   2.5576546e+00   2.5576546e+00   2.5576546e+00   2.5576546e+00   2.5576546e+00   2.5576546e+00   2.5576546e+00   2.5576546e+00   2.5576546e+00   2.5576546e+00   2.5576546e+00   2.5576546e+00   2.5576546e+00   2.5576546e+00   2.5576546e+00
   2.5576546e+00   2.5576546e+00   2.5576546e+00   2.5576546e+00   2.5576546e+00   2.5576546e+00   2.5576546e+00   2.5576546e+00   2.5576546e+00   2.5576546e+00   2.5576546e+00   2.5576546e+00   2.5576546e+00   2.5576546e+00   2.5576546e+00   2.5576546e+00   2.5576546e+00   2.5576546e+00   2.5576546e+00   2.5576546e+00   2.5576546e+00   2.5576546e+00   2.5576546e+00   2.5576546e+00   2.5576546e+00
   2.5576546e+00   2.5576546e+00   2.5576546e+00   2.5576546e+00   2.5576546e+00   2.5576546e+00   2.5576546e+00   2.5576546e+00   2.5576546e+00   2.5576546e+00   2.5576546e+00   2.5576546e+00   2.5576546e+00   2.5576546e+00   2.5576546e+00   2.5576546e+00   2.5576546e+00   2.5576546e+00   2.5576546e+00   2.5576546e+00   2.5576546e+00   2.5576546e+00   2.5576546e+00   2.5576546e+00   2.5576546e+00
   2.5576546e+00   2.5576546e+00   2.5576546e+00   2.5576546e+00   2.5576546e+00   2.5576546e+00   2.5576546e+00   2.5576546e+00   2.5576546e+00   2.5576546e+00   2.5576546e+00   2.5576546e+00   2.5576546e+00   2.5576546e+00   2.5576546e+00   2.5576546e+00   2.5576546e+00   2.5576546e+00   2.5576546e+00   2.5576546e+00   2.5576546e+00   2.5576546e+00   2.5576546e+00   2.5576546e+00   2.5576546e+00
