   0.0000000e+00   0.0000000e+00   0.0000000e+00   8.6199513e-05   0.0000000e+00   0.0000000e+00   0.0000000e+00   0.0000000e+00   0.0000000e+00   0.0000000e+00   0.0000000e+00   0.0000000e+00   0.0000000e+00   0.0000000e+00   0.0000000e+00   0.0000000e+00   0.0000000e+00   0.0000000e+00   0.0000000e+00   0.0000000e+00   0.0000000e+00   0.0000000e+00   0.0000000e+00   0.0000000e+00   0.0000000e+00
   6.8339966e-01   8.0151161e+00   2.1230681e+00   1.0824071e+01   8.8202015e+00   2.2568463e+03   1.7523410e+01   1.1692367e+00   4.1380222e-01   9.2631130e+03   1.2152359e+01   3.0612589e-01   1.3626439e+01   1.2733863e+01   4.4867653e+00   8.4723471e+00   2.9385952e+00   6.5479249e-01   1.4903236e+00   1.4574433e+01   6.4385385e+00   2.5306903e+01   6.9239217e-01   5.8481118e+01   1.7719922e+03
   6.8339966e-01   8.4992415e-01   1.8116954e+00   2.3181278e+00   3.6250709e+00   2.6046716e+00   4.5835099e+00   1.1692367e+00   4.1380222e-01   4.8111499e+00   2.5500715e-01   3.0612589e-01   2.6228556e+00   7.7401801e-01   1.5908557e+00   6.6672486e-01   3.3979701e-02   6.5479249e-01   1.5126787e-02   1.2452661e+00   3.5154813e+00   2.8934316e+00   5.9322397e-01   4.3493443e-01   2.2168509e+00
   2.2417631e-01   9.5724846e-03   2.5030503e-02   4.0189648e-02   2.0024418e-02   2.9990639e-01   1.1346221e+00   1.5791901e-01   1.7221124e-02   1.5241819e-01   9.5077768e-03   3.0612589e-01   6.9372189e-01   5.3063840e-01   1.5908557e+00   0.0000000e+00   2.9819817e-02   4.0299960e-01   4.8434271e-03   2.4368838e-01   1.0355925e+00   1.4308654e-02   1.3440211e-01   4.3493443e-01   1.6133916e-02
   1.4622552e-02   3.1741229e-03   0.0000000e+00   0.0000000e+00   4.6106216e-05   1.6804335e-02   1.1346221e+00   0.0000000e+00   4.3058019e-04   2.1692323e-03   0.0000000e+00   6.4654689e-04   2.2514592e-03   2.1145514e-02   7.7573161e-03   0.0000000e+00   2.8346464e-04   6.1143747e-04   4.8434271e-03   1.2629316e-03   9.0491450e-03   3.8408858e-03   0.0000000e+00   8.2737471e-03   0.0000000e+00
   0.0000000e+00   0.0000000e+00   0.0000000e+00   0.0000000e+00   0.0000000e+00   0.0000000e+00   1.2939772e-03   0.0000000e+00   0.0000000e+00   0.0000000e+00   0.0000000e+00   0.0000000e+00   0.0000000e+00   0.0000000e+00   0.0000000e+00   0.0000000e+00   0.0000000e+00   0.0000000e+00   3.2573239e-05   0.0000000e+00   0.0000000e+00   0.0000000e+00   0.0000000e+00   0.0000000e+00   0.0000000e+00
   0.0000000e+00   0.0000000e+00   0.0000000e+00   0.0000000e+00   0.0000000e+00   0.0000000e+00   0.0000000e+00   0.0000000e+00   0.0000000e+00   0.0000000e+00   0.0000000e+00   0.0000000e+00   0.0000000e+00   0.0000000e+00   0.0000000e+00   0.0000000e+00   0.0000000e+00   0.0000000e+00   0.0000000e+00   0.0000000e+00   0.0000000e+00   0.0000000e+00   0.0000000e+00   0.0000000e+00   0.0000000e+00
   0.0000000e+00   0.0000000e+00   0.0000000e+00   0.0000000e+00   0.0000000e+00   0.0000000e+00   0.0000000e+00   0.0000000e+00   0.0000000e+00   0.0000000e+00   0.0000000e+00   0.0000000e+00   0.0000000e+00   0.0000000e+00   0.0000000e+00   0.0000000e+00   0.0000000e+00   0.0000000e+00   0.0000000e+00   0.0000000e+00   0.0000000e+00   0.0000000e+00   0.0000000e+00   0.0000000e+00   0.0000000e+00
   0.0000000e+00   0.0000000e+00   0.0000000e+00   0.0000000e+00   0.0000000e+00   0.0000000e+00   0.0000000e+00   0.0000000e+00   0.0000000e+00   0.0000000e+00   0.0000000e+00   0.0000000e+00   0.0000000e+00   0.0000000e+00   0.0000000e+00   0.0000000e+00   0.0000000e+00   0.0000000e+00   0.0000000e+00   0.0000000e+00   0.0000000e+00   0.0000000e+00   0.0000000e+00   0.0000000e+00   0.0000000e+00
   0.0000000e+00   0.0000000e+00   0.0000000e+00   0.0000000e+00   0.0000000e+00   0.0000000e+00   0.0000000e+00   0.0000000e+00   0.0000000e+00   0.0000000e+00   0.0000000e+00   0.0000000e+00   0.0000000e+00   0.0000000e+00   0.0000000e+00   0.0000000e+00   0.0000000e+00   0.0000000e+00   0.0000000e+00   0.0000000e+00   0.0000000e+00   0.0000000e+00   0.0000000e+00   0.0000000e+00   0.0000000e+00
