   2.1137346e+02   9.8364723e+01   3.1946433e+02   9.9989887e+01   3.2627915e+02   1.9177186e+02   1.6879071e+02   1.0745155e+02   1.6955698e+02   1.6652009e+02   1.6157227e+02   1.2049232e+02   1.4089256e+02   3.9213299e+01   2.1861008e+02   4.5642924e+02   1.2355236e+02   2.9638635e+02   1.6550510e+02   4.5367722e+02   2.2242627e+02   8.9304580e+01   1.4916372e+02   2.5634479e+02   4.2631802e+01
   2.1846052e+02   6.5838479e+02   3.3785939e+02   2.2963549e+02   2.3008939e+02   2.0679417e+02   2.4553820e+02   3.0335049e+02   1.8671762e+02   1.8623224e+02   3.3576284e+02   1.6897333e+02   8.0561171e+02   1.2518464e+02   1.7924569e+02   1.6792019e+02   1.6961105e+02   1.5761737e+02   2.1268222e+02   1.6980188e+02   1.1029170e+02   2.2974102e+02   1.5060130e+02   2.1563293e+02   1.0086280e+02
   2.0472681e+02   1.9893605e+02   1.8626090e+02   1.9626241e+02   2.0969756e+02   1.9165867e+02   1.7777688e+02   1.6567634e+02   1.7979538e+02   1.6513879e+02   1.9730546e+02   1.4727765e+02   1.9502244e+02   1.9335654e+02   1.9978101e+02   1.9297114e+02   1.8263419e+02   2.2845517e+02   1.9337096e+02   2.0396116e+02   1.7763234e+02   2.4482903e+02   1.2264113e+02   2.1766129e+02   2.3993541e+02
   1.9623442e+02   1.9847532e+02   1.9560448e+02   1.9753593e+02   1.9629368e+02   2.0235682e+02   1.9942883e+02   1.9990712e+02   1.9346165e+02   1.8957331e+02   1.9323680e+02   2.0288568e+02   1.9620479e+02   1.9535542e+02   1.9623351e+02   1.9786033e+02   1.9758269e+02   1.9314231e+02   1.9528783e+02   1.9580656e+02   2.0224464e+02   1.9269641e+02   1.9832375e+02   1.9635202e+02   1.9163705e+02
   1.8962703e+02   1.9188055e+02   1.8967516e+02   1.9025954e+02   1.9007686e+02   1.8967270e+02   1.8989481e+02   1.9050445e+02   1.9160510e+02   1.9014758e+02   1.8977783e+02   1.9016544e+02   1.8979365e+02   1.8999538e+02   1.9031597e+02   1.8981935e+02   1.9052058e+02   1.9010106e+02   1.8999306e+02   1.9025356e+02   1.8981204e+02   1.9045429e+02   1.9033783e+02   1.9031232e+02   1.8987363e+02
   1.8943701e+02   1.8960824e+02   1.8936105e+02   1.8948633e+02   1.8955964e+02   1.8935623e+02   1.8942673e+02   1.8947856e+02   1.8945030e+02   1.8943572e+02   1.8936775e+02   1.8955200e+02   1.8937572e+02   1.8946086e+02   1.8937933e+02   1.8940616e+02   1.8943508e+02   1.8946817e+02   1.8939636e+02   1.8940560e+02   1.8938261e+02   1.8948836e+02   1.8942925e+02   1.8940522e+02   1.8943620e+02
   1.8931551e+02   1.8932586e+02   1.8931274e+02   1.8931926e+02   1.8931949e+02   1.8931634e+02   1.8931495e+02   1.8932003e+02   1.8932043e+02   1.8931696e+02   1.8931320e+02   1.8932275e+02   1.8931414e+02   1.8931415e+02   1.8931544e+02   1.8931354e+02   1.8931335e+02   1.8932488e+02   1.8932389e+02   1.8931266e+02   1.8931449e+02   1.8931743e+02   1.8931680e+02   1.8934562e+02   1.8931691e+02
   1.8931163e+02   1.8931163e+02   1.8931163e+02   1.8931163e+02   1.8931163e+02   1.8931163e+02   1.8931163e+02   1.8931163e+02   1.8931163e+02   1.8931163e+02   1.8931163e+02   1.8931163e+02   1.8931163e+02   1.8931163e+02   1.8931163e+02   1.8931163e+02   1.8931163e+02   1.8931163e+02   1.8931163e+02   1.8931163e+02   1.8931163e+02   1.8931163e+02   1.8931163e+02   1.8931163e+02   1.8931163e+02
   1.8931163e+02   1.8931163e+02   1.8931163e+02   1.8931163e+02   1.8931163e+02   1.8931163e+02   1.8931163e+02   1.8931163e+02   1.8931163e+02   1.8931163e+02   1.8931163e+02   1.8931163e+02   1.8931163e+02   1.8931163e+02   1.8931163e+02   1.8931163e+02   1.8931163e+02   1.8931163e+02   1.8931163e+02   1.8931163e+02   1.8931163e+02   1.8931163e+02   1.8931163e+02   1.8931163e+02   1.8931163e+02
   1.8931163e+02   1.8931163e+02   1.8931163e+02   1.8931163e+02   1.8931163e+02   1.8931163e+02   1.8931163e+02   1.8931163e+02   1.8931163e+02   1.8931163e+02   1.8931163e+02   1.8931163e+02   1.8931163e+02   1.8931163e+02   1.8931163e+02   1.8931163e+02   1.8931163e+02   1.8931163e+02   1.8931163e+02   1.8931163e+02   1.8931163e+02   1.8931163e+02   1.8931163e+02   1.8931163e+02   1.8931163e+02
