  -7.3824185e-01  -8.3441258e-01  -3.8565121e-01  -9.5016449e-01  -9.4767195e-01  -8.2971430e-01  -7.5917462e-01  -2.2357213e-01  -4.6178806e-01  -0.0000000e+00  -7.4994569e-01  -9.4105064e-01  -6.1927738e-01  -5.9633935e-01  -6.1831445e-01  -8.0392397e-01  -9.2575890e-01  -0.0000000e+00  -8.2166329e-01  -1.2602218e-01  -9.6253696e-01  -6.2488295e-01  -5.5729232e-02  -5.5007144e-01  -8.7202731e-01
  -3.7047045e-01  -2.9624379e-01  -2.8485749e-01  -3.4182883e-01  -3.7390235e-01  -3.2419005e-01  -3.4393248e-01  -3.1237270e-01  -3.5057385e-01  -3.5927222e-01  -2.0586428e-01  -3.3480489e-01  -4.3994649e-01  -3.7623338e-01  -3.4687690e-01  -2.7324346e-01  -3.2876955e-01  -3.5272766e-01  -3.0359120e-01  -3.0510410e-01  -3.7588382e-01  -3.2642719e-01  -2.9731242e-01  -2.9566784e-01  -4.0846322e-01
  -3.2225963e-01  -3.3101041e-01  -3.3081292e-01  -3.5798630e-01  -3.3526485e-01  -3.3133579e-01  -3.5458977e-01  -3.5405397e-01  -3.4672985e-01  -3.5941795e-01  -3.5670236e-01  -2.8566767e-01  -3.7377110e-01  -3.5504205e-01  -3.5170227e-01  -3.4176056e-01  -3.4166428e-01  -3.4718389e-01  -3.4212886e-01  -3.4597432e-01  -3.6071334e-01  -3.3515506e-01  -3.6622699e-01  -3.6492738e-01  -3.6503595e-01
  -3.5748908e-01  -3.5749233e-01  -3.5695884e-01  -3.5819194e-01  -3.6332187e-01  -3.4933568e-01  -3.5734600e-01  -3.5271088e-01  -3.6382876e-01  -3.5656232e-01  -3.5239791e-01  -3.5022300e-01  -3.6178451e-01  -3.6426414e-01  -3.6211235e-01  -3.5295775e-01  -3.5717552e-01  -3.5387055e-01  -3.5735667e-01  -3.5353744e-01  -3.5146145e-01  -3.5049037e-01  -3.6500039e-01  -3.5300910e-01  -3.5488083e-01
  -3.6303604e-01  -3.6504171e-01  -3.6975370e-01  -3.5858911e-01  -3.6599240e-01  -3.6305622e-01  -3.6555862e-01  -3.6645009e-01  -3.6484604e-01  -3.6376442e-01  -3.6202284e-01  -3.6032003e-01  -3.6939644e-01  -3.6812359e-01  -3.6468888e-01  -3.5862133e-01  -3.6616468e-01  -3.6071229e-01  -3.6362824e-01  -3.5687757e-01  -3.6246638e-01  -3.6749173e-01  -3.7052609e-01  -3.6254660e-01  -3.6789811e-01
  -3.6891741e-01  -3.6892032e-01  -3.7681649e-01  -3.6717105e-01  -3.7120133e-01  -3.6735945e-01  -3.6901442e-01  -3.7067859e-01  -3.7000784e-01  -3.6807565e-01  -3.6599724e-01  -3.6456744e-01  -3.7251907e-01  -3.7062164e-01  -3.6969497e-01  -3.6464773e-01  -3.6936895e-01  -3.6725937e-01  -3.6691820e-01  -3.6251022e-01  -3.6723903e-01  -3.7079742e-01  -3.7272026e-01  -3.6731987e-01  -3.7255054e-01
  -3.7258071e-01  -3.7229078e-01  -3.8121505e-01  -3.7225272e-01  -3.7293155e-01  -3.6983019e-01  -3.7255906e-01  -3.7350034e-01  -3.7254530e-01  -3.7217485e-01  -3.6893312e-01  -3.7011765e-01  -3.7400000e-01  -3.7210786e-01  -3.7246254e-01  -3.7382125e-01  -3.7164904e-01  -3.7131019e-01  -3.6976209e-01  -3.6861154e-01  -3.7039402e-01  -3.7375343e-01  -3.7402304e-01  -3.7115821e-01  -3.7397636e-01
  -3.7425722e-01  -3.7391780e-01  -3.8621533e-01  -3.7906388e-01  -3.7367076e-01  -3.7215226e-01  -3.7445477e-01  -3.7431317e-01  -3.7353028e-01  -3.7374123e-01  -3.7157636e-01  -3.7209660e-01  -3.7441106e-01  -3.7399020e-01  -3.7375700e-01  -3.7929730e-01  -3.7359600e-01  -3.7326322e-01  -3.7120951e-01  -3.7454821e-01  -3.7335106e-01  -3.7466593e-01  -3.7463149e-01  -3.7341217e-01  -3.7463818e-01
  -3.7454490e-01  -3.7425270e-01  -3.8825985e-01  -3.8400329e-01  -3.7411403e-01  -3.7254053e-01  -3.7483058e-01  -3.7462526e-01  -3.7427883e-01  -3.7424654e-01  -3.7315744e-01  -3.7381687e-01  -3.7455423e-01  -3.7463727e-01  -3.7423590e-01  -3.8477494e-01  -3.7439417e-01  -3.7446902e-01  -3.7212214e-01  -3.8089181e-01  -3.7453376e-01  -3.7474749e-01  -3.7473025e-01  -3.7413095e-01  -3.7483386e-01
  -3.7460692e-01  -3.7434644e-01  -3.8826044e-01  -3.8822610e-01  -3.7413547e-01  -3.7343493e-01  -3.7483619e-01  -3.7476377e-01  -3.7482502e-01  -3.7479191e-01  -3.7363632e-01  -3.7466486e-01  -3.7456893e-01  -3.7466698e-01  -3.7425491e-01  -3.8825734e-01  -3.7454023e-01  -3.7454591e-01  -3.7275406e-01  -3.8774456e-01  -3.7485275e-01  -3.7480932e-01  -3.7480119e-01  -3.7453304e-01  -3.7484119e-01
