   4.5572699e+02   3.7917104e+02   3.5414670e+02   4.8774491e+02   4.9589547e+02   4.4502893e+02   4.5156633e+02   4.1268835e+02   3.9293028e+02   4.6380938e+02   4.2610808e+02   5.1163583e+02   4.3013389e+02   4.2253159e+02   4.7403995e+02   4.5203584e+02   3.5907831e+02   4.5632267e+02   4.1652584e+02   5.5549423e+02   4.7053580e+02   5.9015891e+02   4.1467705e+02   6.8176701e+02   4.6305292e+02   6.5865089e+02   3.8035216e+02   5.1028220e+02   3.8271065e+02   5.1994318e+02
   4.2190241e+02   3.7917104e+02   3.5414670e+02   4.8774491e+02   4.9589547e+02   4.3704942e+02   4.5156633e+02   4.1268835e+02   3.9293028e+02   3.8308395e+02   4.2610808e+02   4.6506828e+02   4.2599861e+02   4.2253159e+02   4.7403995e+02   4.5203584e+02   3.5907831e+02   4.5632267e+02   4.1652584e+02   5.5549423e+02   4.7053580e+02   5.9015891e+02   4.1467705e+02   6.8176701e+02   4.6305292e+02   5.1396966e+02   3.8035216e+02   4.8346530e+02   3.8271065e+02   5.1006967e+02
   4.1941868e+02   3.7917104e+02   3.4808038e+02   4.8774491e+02   4.9589547e+02   4.3704942e+02   4.5156633e+02   4.1268835e+02   3.6803898e+02   3.8308395e+02   3.7664040e+02   4.5230559e+02   4.2599861e+02   4.2253159e+02   4.3345192e+02   4.5203584e+02   3.5907831e+02   4.5632267e+02   4.1652584e+02   5.2631387e+02   4.4322922e+02   4.7680070e+02   4.1467705e+02   4.7715237e+02   4.6305292e+02   4.1617784e+02   3.7693026e+02   4.8345565e+02   3.8271065e+02   5.1006967e+02
   4.1941868e+02   3.7917104e+02   3.4764080e+02   4.8774491e+02   4.1691018e+02   4.3034626e+02   4.4220466e+02   4.1268835e+02   3.6803898e+02   3.8308395e+02   3.7664040e+02   4.3804658e+02   3.9883869e+02   4.1868625e+02   4.0850665e+02   4.5203584e+02   3.5901218e+02   4.4416825e+02   3.8022666e+02   5.2631387e+02   4.1973748e+02   4.7209194e+02   4.1467705e+02   3.7818586e+02   4.5636407e+02   3.9816182e+02   3.7435306e+02   4.1853681e+02   3.7653976e+02   5.1006967e+02
   3.9392975e+02   3.7917104e+02   3.4761609e+02   4.4759155e+02   4.0718149e+02   4.1604481e+02   4.3799059e+02   4.0631831e+02   3.6803898e+02   3.8308395e+02   3.6478478e+02   4.1830124e+02   3.8989690e+02   4.1345328e+02   4.0850665e+02   3.7609527e+02   3.5874741e+02   4.0000790e+02   3.8022666e+02   4.9113448e+02   4.1973748e+02   4.2786028e+02   4.1103832e+02   3.7571289e+02   3.8870034e+02   3.7642147e+02   3.7435306e+02   4.1853681e+02   3.7643811e+02   4.7385571e+02
   3.8648894e+02   3.7895201e+02   3.4761609e+02   4.1837493e+02   4.0718149e+02   3.9860605e+02   3.8651877e+02   3.7520878e+02   3.6787787e+02   3.8067643e+02   3.6183335e+02   3.7752504e+02   3.8188864e+02   3.8580052e+02   4.0850665e+02   3.6839425e+02   3.5874741e+02   3.8875855e+02   3.8022666e+02   3.8849264e+02   4.0329646e+02   3.9176941e+02   4.1103832e+02   3.7549984e+02   3.7482567e+02   3.7642147e+02   3.7044453e+02   4.0669778e+02   3.7306352e+02   3.7608796e+02
   3.6923424e+02   3.7319802e+02   3.4761609e+02   4.1568879e+02   3.9112744e+02   3.7981318e+02   3.8651877e+02   3.6521563e+02   3.6787787e+02   3.6513702e+02   3.6183335e+02   3.7497187e+02   3.7501537e+02   3.7911591e+02   3.7607481e+02   3.5997523e+02   3.5874741e+02   3.7963285e+02   3.7621207e+02   3.7300186e+02   4.0010190e+02   3.7349947e+02   3.9494951e+02   3.7520854e+02   3.7482567e+02   3.7642147e+02   3.6998301e+02   4.0015744e+02   3.7295726e+02   3.5822123e+02
   3.5771798e+02   3.7191383e+02   3.4761609e+02   3.9245262e+02   3.7842461e+02   3.1803138e+02   3.7843538e+02   3.5833460e+02   3.6175737e+02   3.6176007e+02   3.6183335e+02   3.6478811e+02   3.7113977e+02   3.6967159e+02   3.7302659e+02   3.5717067e+02   3.5874741e+02   3.5811576e+02   3.6615189e+02   3.5075915e+02   3.8425058e+02   3.6506853e+02   3.6624789e+02   3.6547126e+02   3.5640359e+02   3.7642147e+02   3.6981609e+02   3.7888299e+02   3.6282505e+02   3.5781869e+02
   3.5455659e+02   3.2048399e+02   3.4761609e+02   2.9876347e+02   3.6367794e+02   3.1803138e+02   3.6786173e+02   3.5015834e+02   3.6093359e+02   3.5749280e+02   3.6183335e+02   3.1606428e+02   3.5809992e+02   1.8097825e+02   3.6216450e+02   3.5253541e+02   3.5703598e+02   2.4168374e+02   2.6118359e+02   3.5075915e+02   3.6837550e+02   3.5636282e+02   3.5329973e+02   3.5445972e+02   3.4456937e+02   3.5474702e+02   3.5988955e+02   3.1659288e+02   3.5590469e+02   3.5416083e+02
   3.3330034e+02   3.1329807e+02   3.4597465e+02   2.8245420e+02   3.3204814e+02   3.1803138e+02   3.4942165e+02   3.4452688e+02   3.3942119e+02   3.5349167e+02   3.5244316e+02   3.1606428e+02   3.5035973e+02   1.6589419e+02   3.5655634e+02   2.1059264e+02   3.5030745e+02   1.8177920e+02   2.4358628e+02   2.3600270e+02   3.5516683e+02   3.5279696e+02   3.4944067e+02   3.1088986e+02   3.2644076e+02   3.5316681e+02   3.4961191e+02   2.7343917e+02   3.5201688e+02   3.5370986e+02
   3.3329999e+02   3.1329807e+02   3.3743150e+02   2.8164258e+02   3.2913756e+02   3.1757220e+02   3.4492613e+02   3.4427152e+02   3.2110023e+02   3.4755232e+02   3.4843210e+02   3.1606428e+02   3.4769880e+02   1.6589419e+02   3.4787306e+02   1.2422383e+02   3.3501603e+02   1.2640879e+02   2.2914961e+02   2.1625923e+02   3.4758115e+02   3.3793064e+02   3.4800731e+02   2.9066482e+02   3.2644076e+02   3.4789329e+02   3.4807563e+02   2.6976463e+02   3.4761343e+02   3.4773400e+02
   3.1243672e+02   3.1329807e+02   3.1167808e+02   2.8164258e+02   3.2467945e+02   3.1757220e+02   3.2681600e+02   3.0773219e+02   3.0859379e+02   3.4738342e+02   3.4741731e+02   2.8662808e+02   3.4739515e+02   1.6589419e+02   3.4740597e+02   1.1749262e+02   3.1126952e+02   1.0048611e+02   1.5813423e+02   1.9551621e+02   3.4740295e+02   3.1245872e+02   4.6647869e+01   2.9066482e+02   3.1307489e+02   3.4739076e+02   3.4739890e+02   2.6976463e+02   3.4740303e+02   3.1225381e+02
   3.0006538e+02   9.1753299e-01   3.0000619e+02   2.7103770e+02   3.0005313e+02   1.5347439e+02   3.0008974e+02   3.0001014e+02   3.0000453e+02   3.4736996e+02   3.4736856e+02   2.0677497e+02   3.4736966e+02   1.2813777e+02   3.4737046e+02   3.7173193e+00   3.0008702e+02   5.9577272e+01   1.0031304e+02   1.0270365e+02   3.4736986e+02   3.0005290e+02   1.3724280e-01   4.4086476e+01   3.0008597e+02   3.4737026e+02   3.4736998e+02   1.2700876e+02   3.4737140e+02   3.0003266e+02
   3.0000000e+02   3.3390006e-07   3.0000000e+02   2.5908353e+02   3.0000000e+02   1.0001932e+02   3.0000000e+02   3.0000000e+02   3.0000000e+02   3.4736692e+02   3.4736718e+02   2.0000001e+02   3.4736692e+02   1.0002321e+02   3.4736699e+02   1.5542491e-06   3.0000000e+02   1.6486647e-01   1.0000847e+02   1.0001259e+02   3.4736699e+02   3.0000000e+02   4.3511136e-08   2.2599577e-04   3.0000000e+02   3.4736693e+02   3.4736745e+02   1.0001146e+02   3.4736694e+02   3.0000000e+02
   3.0000000e+02   0.0000000e+00   3.0000000e+02   2.5908353e+02   3.0000000e+02   1.0000160e+02   3.0000000e+02   3.0000000e+02   3.0000000e+02   3.4736692e+02   3.4736692e+02   2.0000000e+02   3.4736692e+02   1.0000150e+02   3.4736692e+02   0.0000000e+00   3.0000000e+02   0.0000000e+00   1.0000044e+02   1.0000098e+02   3.4736692e+02   3.0000000e+02   0.0000000e+00   0.0000000e+00   3.0000000e+02   3.4736692e+02   3.4736692e+02   1.0000146e+02   3.4736692e+02   3.0000000e+02
   3.0000000e+02   0.0000000e+00   3.0000000e+02   2.5908353e+02   3.0000000e+02   1.0000009e+02   3.0000000e+02   3.0000000e+02   3.0000000e+02   3.4736692e+02   3.4736692e+02   2.0000000e+02   3.4736692e+02   1.0000011e+02   3.4736692e+02   0.0000000e+00   3.0000000e+02   0.0000000e+00   1.0000006e+02   1.0000025e+02   3.4736692e+02   3.0000000e+02   0.0000000e+00   0.0000000e+00   3.0000000e+02   3.4736692e+02   3.4736692e+02   1.0000019e+02   3.4736692e+02   3.0000000e+02
