   3.4146485e+02   3.1690155e+02   3.8908040e+02   1.4842952e+02   2.7516996e+02   2.5511177e+02   2.4900197e+02   2.3951093e+02   3.6177966e+02   2.5658582e+02   3.0556199e+02   2.6687870e+02   1.9691215e+02   2.7518737e+02   3.6489458e+02   2.4812719e+02   3.6397221e+02   3.4786250e+02   1.9353432e+02   2.7769464e+02   1.8738801e+02   3.1924919e+02   1.6388756e+02   1.4828182e+02   3.4887868e+02   3.2025525e+02   3.5127655e+02   3.3968464e+02   3.7656835e+02   3.4678639e+02
   3.4146485e+02   3.1690155e+02   3.8908040e+02   1.4516048e+02   2.6924596e+02   2.5511177e+02   2.4900197e+02   2.3558918e+02   3.6177966e+02   2.3814968e+02   3.0556199e+02   2.6687870e+02   1.9691215e+02   2.7518737e+02   3.6489458e+02   2.4812719e+02   3.6397221e+02   3.2084648e+02   1.8882255e+02   2.7769464e+02   1.8729626e+02   2.0151892e+02   1.5507982e+02   1.4828182e+02   3.4887868e+02   2.8020371e+02   3.1489956e+02   3.2411781e+02   3.7186672e+02   3.4678639e+02
   3.4146485e+02   2.5425924e+02   3.8824670e+02   1.4516048e+02   2.6924596e+02   2.5511177e+02   2.4900197e+02   2.3558918e+02   3.1032862e+02   2.3814968e+02   3.0556199e+02   2.2321062e+02   1.9691215e+02   2.7092005e+02   3.6489458e+02   2.4812719e+02   3.6397221e+02   3.2084648e+02   1.6548337e+02   2.7769464e+02   1.8729626e+02   1.8140472e+02   1.5507982e+02   1.3875746e+02   3.4010305e+02   2.7311808e+02   3.1489956e+02   3.2402521e+02   3.7175590e+02   3.4678639e+02
   3.4146485e+02   2.2855434e+02   3.6636415e+02   1.4464563e+02   2.5970241e+02   2.5511177e+02   2.4900197e+02   2.0434453e+02   2.2148490e+02   2.3814968e+02   2.3354803e+02   1.5939496e+02   1.2830488e+02   2.5766076e+02   3.6014738e+02   2.3066744e+02   3.6110311e+02   3.1687696e+02   1.5669143e+02   2.6281080e+02   1.6665344e+02   1.8140472e+02   1.5109561e+02   1.3875746e+02   2.5271112e+02   1.8710667e+02   3.1489956e+02   2.8172530e+02   3.6772932e+02   3.2172327e+02
   2.9973085e+02   2.0552258e+02   2.6915009e+02   1.4464563e+02   2.4910936e+02   2.4880539e+02   2.2788132e+02   1.5603417e+02   2.0384148e+02   2.0854667e+02   1.6335359e+02   1.5939496e+02   1.1294390e+02   2.5681149e+02   2.3111480e+02   2.2913231e+02   2.5510591e+02   2.0768024e+02   1.5471552e+02   2.5359341e+02   1.6665344e+02   1.8140472e+02   1.5109561e+02   1.3875746e+02   2.4673322e+02   1.8019892e+02   1.7432951e+02   2.8172530e+02   3.0987500e+02   2.7639039e+02
   2.7840791e+02   1.9579009e+02   2.3841851e+02   1.4464563e+02   2.2108770e+02   2.4822206e+02   2.0133267e+02   1.5603417e+02   2.0384148e+02   2.0854667e+02   1.5253825e+02   1.2519118e+02   1.1193998e+02   2.5681149e+02   2.2846617e+02   2.0279132e+02   2.2906030e+02   1.6856025e+02   1.4955257e+02   1.5887027e+02   1.6406067e+02   1.7167934e+02   1.5109561e+02   1.3875746e+02   2.3658777e+02   1.3563441e+02   1.3613646e+02   2.4575467e+02   2.0316505e+02   2.7476755e+02
   1.4862065e+02   1.6314996e+02   1.6447540e+02   1.4330399e+02   1.7228983e+02   2.2191569e+02   1.8332088e+02   1.4818679e+02   1.6734852e+02   1.4081367e+02   1.5253825e+02   1.1683836e+02   1.1193998e+02   1.6707723e+02   1.5941671e+02   1.8641709e+02   1.6606542e+02   1.6146397e+02   1.4955257e+02   1.4983515e+02   1.6179228e+02   1.7167934e+02   1.3496371e+02   1.2582690e+02   2.0095312e+02   1.2378655e+02   1.3088232e+02   1.9337384e+02   2.0061378e+02   2.2917354e+02
   1.4862065e+02   1.6314996e+02   1.6123092e+02   1.4283712e+02   1.3222242e+02   1.9484312e+02   1.5465706e+02   1.2858580e+02   1.6491931e+02   1.4081367e+02   1.4981180e+02   1.1672873e+02   1.0658821e+02   1.5824841e+02   1.5012058e+02   1.7980869e+02   1.6606542e+02   1.5878208e+02   1.4579499e+02   1.4662422e+02   1.5428153e+02   1.7167934e+02   1.2777811e+02   1.1748376e+02   1.8603103e+02   1.2378655e+02   1.2864752e+02   1.6950008e+02   1.5093744e+02   2.2740457e+02
   1.4862065e+02   1.4892640e+02   1.4423089e+02   1.4269066e+02   1.3175237e+02   1.2425586e+02   1.5465706e+02   1.2818644e+02   1.5393553e+02   1.4068883e+02   1.4690960e+02   1.1631862e+02   1.0562508e+02   1.5818548e+02   1.5012058e+02   1.5810160e+02   1.5939868e+02   1.5185136e+02   1.4578467e+02   1.4662422e+02   1.4574826e+02   1.4577198e+02   1.1913395e+02   1.1137302e+02   1.6940154e+02   1.2378655e+02   1.2805824e+02   1.6791163e+02   1.4398225e+02   1.9556246e+02
   1.4116444e+02   9.7470969e+01   1.4268130e+02   1.3844583e+02   1.2477093e+02   9.0997768e+01   1.2711112e+02   1.2785122e+02   1.2429873e+02   1.3217263e+02   1.4442616e+02   1.1631862e+02   1.0562508e+02   1.4674878e+02   1.5012058e+02   1.4705118e+02   1.5157805e+02   1.5051614e+02   1.4449627e+02   1.4268283e+02   1.4277936e+02   1.4186468e+02   1.1904855e+02   1.0418738e+02   1.4662646e+02   1.1944392e+02   1.2805824e+02   1.6791163e+02   1.3137168e+02   1.4998460e+02
   9.7222089e+01   7.6037504e+01   1.2470946e+02   1.3503389e+02   1.1372763e+02   5.4117795e+01   1.2402033e+02   1.2666145e+02   1.2372281e+02   1.0845189e+02   1.3729889e+02   9.8577808e+01   8.6777778e+01   1.2901000e+02   1.2649173e+02   7.5118309e+01   1.3498947e+02   1.4132435e+02   1.2272323e+02   1.3308345e+02   1.2537863e+02   1.3815816e+02   1.1643589e+02   1.0418738e+02   7.4662237e+01   1.1892037e+02   1.2142071e+02   1.3755065e+02   1.1854428e+02   1.2839773e+02
   7.9348322e+01   4.1696891e+01   1.0804872e+02   1.1472595e+02   8.3106074e+01   5.4117795e+01   8.7330863e+01   1.1556737e+02   1.1673675e+02   1.0797767e+02   1.1937647e+02   7.3829233e+01   6.2212585e+01   1.1681045e+02   1.2396298e+02   7.4974978e+01   1.1308564e+02   1.1214664e+02   1.1317773e+02   8.2724797e+01   1.0419059e+02   1.3751428e+02   1.0896449e+02   1.0418738e+02   7.4662237e+01   1.0797248e+02   1.1140585e+02   1.1297628e+02   8.0268108e+01   1.2642010e+02
   5.8406178e+01   4.1696891e+01   9.9034236e+01   9.0773964e+01   4.8742144e+01   5.1286327e+01   8.7330863e+01   1.0103501e+02   7.1637352e+01   1.0100750e+02   8.3517073e+01   7.3829233e+01   5.3108140e+01   1.0090042e+02   1.0184728e+02   6.5563714e+01   1.0099675e+02   8.9978835e+01   6.8736746e+01   6.5177756e+01   1.0044999e+02   9.2682233e+01   9.9487104e+01   1.0095280e+02   7.4662237e+01   1.0004350e+02   1.0091945e+02   1.0072251e+02   5.2693326e+01   1.0089593e+02
   1.2559055e+00   4.1764404e-01   2.4746373e-02   7.0849160e+01   2.6771997e+01   4.3876726e+01   4.7867175e+01   1.0000000e+02   5.7178710e+01   5.1839483e-01   6.3992420e-02   3.6192003e+01   6.2536168e+00   1.0000000e+02   1.0000000e+02   4.0993876e+00   1.0000000e+02   6.3247455e+01   2.5822706e+00   3.5382229e+01   1.0000000e+02   3.5394711e+01   1.6850826e-02   1.0000001e+02   2.2460260e+00   1.0000000e+02   1.0000000e+02   1.0000000e+02   2.0875317e-01   1.0000000e+02
   0.0000000e+00   0.0000000e+00   0.0000000e+00   2.9777311e-08   0.0000000e+00   1.0103440e-07   3.9679435e-08   1.0000000e+02   0.0000000e+00   0.0000000e+00   0.0000000e+00   0.0000000e+00   0.0000000e+00   1.0000000e+02   1.0000000e+02   0.0000000e+00   1.0000000e+02   3.6108258e-05   0.0000000e+00   9.3517310e-06   1.0000000e+02   0.0000000e+00   0.0000000e+00   1.0000000e+02   0.0000000e+00   1.0000000e+02   1.0000000e+02   1.0000000e+02   0.0000000e+00   1.0000000e+02
   0.0000000e+00   0.0000000e+00   0.0000000e+00   0.0000000e+00   0.0000000e+00   0.0000000e+00   0.0000000e+00   1.0000000e+02   0.0000000e+00   0.0000000e+00   0.0000000e+00   0.0000000e+00   0.0000000e+00   1.0000000e+02   1.0000000e+02   0.0000000e+00   1.0000000e+02   0.0000000e+00   0.0000000e+00   0.0000000e+00   1.0000000e+02   0.0000000e+00   0.0000000e+00   1.0000000e+02   0.0000000e+00   1.0000000e+02   1.0000000e+02   1.0000000e+02   0.0000000e+00   1.0000000e+02
