   0.0000000e+00   0.0000000e+00   0.0000000e+00   0.0000000e+00   0.0000000e+00   9.6834840e+00   1.0000000e+00   2.0425324e+06
   1.2491218e-01   1.5731479e+01   2.3599754e+00   3.1370105e+00   3.2189796e+00   2.1716673e+01   0.0000000e+00   2.9999871e+06
   1.5566977e+01   1.6665797e+01   1.6060220e+01   1.6075687e+01   3.1182297e-01   1.9833478e+01   0.0000000e+00   2.9999859e+06
   0.0000000e+00   0.0000000e+00   0.0000000e+00   0.0000000e+00   0.0000000e+00   3.8549634e+00   1.0000000e+00   5.6404597e+05
   1.1510956e+00   1.4397763e+01   8.3499806e+00   7.7887296e+00   3.6564778e+00   2.1199406e+01   0.0000000e+00   2.9999862e+06
   2.8089588e-01   1.4201044e+00   6.8155786e-01   6.9206729e-01   2.5160318e-01   2.0744598e+01   0.0000000e+00   2.9999877e+06
   1.2834232e-01   9.9446786e-01   4.9290164e-01   5.2994803e-01   2.2319643e-01   2.3685673e+01   0.0000000e+00   2.9999860e+06
   0.0000000e+00   2.9600499e+01   0.0000000e+00   4.1778334e+00   9.6077838e+00   1.9698735e+01   8.3333333e-01   1.9726194e+06
   0.0000000e+00   1.0000000e+02   1.0000000e+02   9.3333335e+01   2.5370806e+01   3.8241581e+01   3.3333333e-02   2.9995876e+06
   4.0000000e+02   4.0000000e+02   4.0000000e+02   4.0000000e+02   0.0000000e+00   3.1283543e+01   0.0000000e+00   2.9999883e+06
