  0.27708922   0.32235067   0.45902705   0.31921038   0.57616230   0.41371730   0.27935105   0.27905146   1.30985593   0.18978908   0.38912540   0.47376909   0.57430006   0.27701777   0.51120135   0.27624010   0.27703050   0.61750265   0.65459317   0.38781694   0.22431452   0.32254672   0.24023775   0.21131336   0.27397204
  0.21446229   1.06043492   0.27144307   0.35435724   0.21310420   0.12436666   0.55003387   0.95398165   0.53504063   0.12190054   0.27436267   0.37659030   0.35807086   0.23575914   0.27709599   0.22390464   0.46258932   0.40970075   0.07707952   0.27709574   0.03591943   0.32254672   0.08838265   0.25676544   1.04427153
  0.04910943   0.16858320   0.08396521   0.04947087   0.07677945   0.05964233   0.06646419   0.17526950   0.25567650   0.08604344   0.06022326   0.11248095   0.49528174   0.04328782   0.27412512   0.22390464   0.09200095   0.07201168   0.03173676   0.23225254   0.02607036   0.32254672   0.08699290   0.18340358   0.41333980
  0.03264400   0.04697942   0.05338521   0.03547730   0.04974843   0.05674610   0.04923901   0.11729001   0.07093195   0.08427958   0.02489625   0.06694476   0.12621838   0.04138146   0.24110114   0.22390464   0.06363056   0.04606992   0.03144971   0.23225254   0.02606575   0.27055400   0.08698863   0.03727963   0.03878628
  0.03218372   0.04068437   0.05245399   0.03532261   0.04429246   0.05656852   0.04766384   0.11729001   0.05584132   0.08422083   0.02338085   0.05672284   0.07669685   0.04138146   0.07178866   0.08165625   0.06131583   0.04366497   0.03144965   0.23225254   0.02606575   0.08575949   0.08698863   0.03241726   0.02501328
  0.03218372   0.04065298   0.05034335   0.03532261   0.04429246   0.05656852   0.04766384   0.11729001   0.04758543   0.08417465   0.02338065   0.05331211   0.05713367   0.04138146   0.02636152   0.04235448   0.05998435   0.04296564   0.03144965   0.23225254   0.02606575   0.08508762   0.08698863   0.03241726   0.02481944
  0.03218372   0.04065298   0.04685208   0.03532261   0.04429246   0.05656852   0.04766384   0.11729001   0.03929522   0.08417438   0.02338064   0.05331211   0.05541172   0.04138146   0.02631302   0.03400573   0.05894973   0.04296564   0.03144965   0.13979808   0.02606575   0.08508707   0.03389560   0.03241726   0.02481916
  0.03218372   0.04065298   0.04652794   0.03532261   0.04429246   0.05656852   0.04766384   0.03462428   0.03909165   0.08417438   0.02338064   0.05331211   0.05520694   0.04138146   0.02631302   0.03399022   0.05894973   0.04296564   0.03144965   0.05631571   0.02606575   0.08508707   0.03108256   0.03241726   0.02481916
  0.03218372   0.04065298   0.04652775   0.03401435   0.04429246   0.05656852   0.03110553   0.02767734   0.03909165   0.08417438   0.02338064   0.05331211   0.05520694   0.03352009   0.02631302   0.03399022   0.05894973   0.03219305   0.03144965   0.03140441   0.02606575   0.08508707   0.03103732   0.03241726   0.02481916
  0.03218372   0.04065298   0.04652558   0.02784540   0.04429246   0.05656852   0.03022967   0.02764015   0.03909165   0.08417438   0.02338064   0.05331211   0.05520694   0.03272458   0.02631302   0.03399022   0.05894973   0.02896907   0.03144965   0.03129155   0.02599869   0.03108923   0.03103731   0.03241726   0.02481916
