-75.72221604  90.64185022 146.12985443 -38.03334174 -196.39272323 -160.32081955 281.60289168 -160.67109158 -108.96530383 -95.87932664 -51.91251782 -25.48089581  13.13503432 183.58144291 -111.70059471 -177.94720950 -83.89543905 -26.44589969 -182.17169433 -102.59755166  53.86618876 -89.93010361 -159.10858963 -97.82863850  54.08377599
-75.72221604 -60.58415630 -120.83603037 -38.03334174 -196.39272323 -160.32081955 -88.30329245 -160.67109158 -67.57519217 -95.87932664 -73.03432182 214.43968881 -70.17047196 -13.87356348 -111.70059471 -177.94720950 -83.89543905 -34.85541379 -182.17169433 -102.59755166 -67.46886170 -89.93010361 -159.10858963 -114.68526975 -49.09331008
-87.74385970 -60.58415630 -120.83603037 -248.42696141 -196.39272323 -160.32081955 -88.30329245 -160.67109158 -67.57519217 -95.87932664 -73.03432182 -31.46819103 -70.17047196 -13.87356348 -111.70059471 -177.94720950 -83.89543905 -62.70874693 -182.17169433 -102.59755166 -67.46886170 -89.93010361 -159.10858963 -114.68526975 -49.09331008
-87.74385970 -60.58415630 -120.83603037 -248.42696141 -196.39272323 -160.32081955 -88.30329245 -160.67109158 -98.18398831 -157.73272968 -130.82405282 -31.46819103 -91.81714727 -13.87356348 -111.70059471 -177.94720950 -83.89543905 -62.70874693 -182.17169433 -102.59755166 -67.46886170 -89.93010361 -159.10858963 -114.68526975 -49.09331008
-87.74385970 -60.58415630 -120.83603037 -248.42696141 -196.39272323 -160.32081955 -88.30329245 -160.67109158 -98.18398831 -157.73272968 -130.82405282 -31.46819103 -91.81714727 -118.92248042 -111.70059471 -177.94720950 -83.89543905 -181.62752565 -182.17169433 -102.59755166 -67.46886170 -89.93010361 -159.10858963 -114.68526975 -49.09331008
-87.74385970 -60.58415630 -120.83603037 -248.42696141 -196.39272323 -160.32081955 -88.30329245 -160.67109158 -98.18398831 -157.73272968 -130.82405282 -31.46819103 -91.81714727 -118.92248042 -111.70059471 -177.94720950 -83.89543905 -181.62752565 -182.17169433 -102.59755166 -67.46886170 -89.93010361 -159.10858963 -114.95305293 -49.09331008
-87.74385970 -60.58415630 -120.83603037 -248.42696141 -196.39272323 -160.32081955 -88.30329245 -160.67109158 -98.18398831 -157.73272968 -130.82405282 -31.46819103 -91.81714727 -118.92248042 -111.70059471 -177.94720950 -239.81438259 -181.62752565 -182.17169433 -102.59755166 -67.46886170 -124.30450122 -159.10858963 -129.38738834 -49.09331008
-377.46732661 -60.58415630 -120.83603037 -248.42696141 -196.39272323 -160.32081955 -88.30329245 -160.67109158 -98.18398831 -157.73272968 -130.82405282 -31.46819103 -91.81714727 -118.92248042 -111.70059471 -177.94720950 -239.81438259 -181.62752565 -182.17169433 -102.59755166 -67.46886170 -124.30450122 -159.10858963 -129.38738834 -49.09331008
-377.46732661 -60.58415630 -120.83603037 -248.42696141 -196.39272323 -274.74625827 -88.30329245 -160.67109158 -98.18398831 -157.73272968 -130.82405282 -31.46819103 -91.81714727 -118.92248042 -111.70059471 -177.94720950 -239.81438259 -181.62752565 -182.17169433 -102.59755166 -72.92420554 -124.30450122 -159.10858963 -129.38738834 -49.09331008
-377.46732661 -60.58415630 -120.83603037 -248.42696141 -196.39272323 -274.74625827 -88.30329245 -160.67109158 -98.18398831 -157.73272968 -130.82405282 -79.53228859 -177.37403807 -118.92248042 -111.70059471 -177.94720950 -239.81438259 -181.62752565 -182.17169433 -102.59755166 -79.83700517 -124.30450122 -159.10858963 -129.38738834 -64.74474273
