  0.78703656   0.41759774   1.41141943   0.84808164   1.50517486   0.35269052   0.25939429   0.99245410   1.58235472   0.44904861   0.94173835   1.75152114   1.41772840   0.56023235   1.47887182   1.37635206   0.76927156   1.61456183   0.37666047   1.95482167   0.57321752   1.36508903   0.82580411   0.67766511   1.14168146
  0.09117342   0.08605113   0.57756582   0.46925880   0.10623400   0.02182570   0.11507862   0.99245410   0.19716046   0.18505670   0.91475670   1.03070055   0.29891480   0.22248014   0.61859919   0.08146240   0.68840152   0.51989527   0.32219092   1.46315856   0.45576568   0.14475870   0.67985849   0.65836882   0.26953197
  0.08957620   0.04372799   0.09471092   0.18347244   0.10107000   0.01773738   0.09657519   0.99245410   0.03532161   0.05702101   0.87877412   0.80522464   0.10347911   0.19273121   0.03416905   0.04172238   0.62686618   0.14827982   0.28979764   0.57407000   0.45450076   0.12269426   0.20111882   0.65631382   0.04936032
  0.08823374   0.04267570   0.07428476   0.05811299   0.04660092   0.01534953   0.08107474   0.99245410   0.03369467   0.05686022   0.68146392   0.57441570   0.10226448   0.16622657   0.03386262   0.03744065   0.53937400   0.04828593   0.27656167   0.15126783   0.45450076   0.07673816   0.12714520   0.65567139   0.03840924
  0.08662772   0.04136330   0.07126046   0.05709585   0.04254664   0.01533058   0.07492411   0.03716791   0.02353236   0.05684363   0.67336563   0.57246085   0.10226448   0.16622657   0.03384418   0.02260957   0.10016498   0.03195234   0.27628525   0.13967059   0.45450076   0.04866602   0.06291957   0.65536540   0.03812565
  0.08643529   0.04028784   0.06580449   0.05629377   0.03704827   0.01331038   0.07487307   0.02804603   0.02278412   0.05681713   0.67194454   0.57192173   0.10226448   0.16622657   0.03383374   0.02253179   0.05230901   0.02980647   0.27628525   0.13967059   0.11496834   0.04820107   0.05865007   0.65536540   0.03662015
  0.08589263   0.04028784   0.06552316   0.05615742   0.03599502   0.01165844   0.07484326   0.02541236   0.02255621   0.05677437   0.62237933   0.57192173   0.10226448   0.16622657   0.03378905   0.02253056   0.03890616   0.02969360   0.27628525   0.13967059   0.03529071   0.04819921   0.05735261   0.65536540   0.03661751
  0.08589263   0.04028784   0.06552101   0.05612313   0.03562662   0.01124268   0.07484326   0.02529739   0.02251975   0.05677172   0.23539078   0.57192173   0.10226448   0.04145252   0.03084954   0.02252928   0.03440414   0.02967423   0.27628525   0.13967059   0.03246284   0.04819027   0.05691011   0.65536540   0.03657104
  0.08589263   0.04028784   0.06552101   0.05342795   0.03557431   0.01076940   0.07484326   0.02133695   0.02184451   0.05677088   0.04486545   0.57192173   0.10226448   0.02770372   0.03048699   0.02252858   0.03236083   0.02580100   0.27628525   0.13967059   0.02760296   0.04815453   0.05679702   0.35515100   0.03580123
  0.03622874   0.04028784   0.06404735   0.05203070   0.03557431   0.01075073   0.07484326   0.01471288   0.02022944   0.05676995   0.04393669   0.52171411   0.10226448   0.01503676   0.03030249   0.02252758   0.03236083   0.02493067   0.19785145   0.07196483   0.02428822   0.04809366   0.05672886   0.20576199   0.03554822
