  0.00059427   0.00000000   0.00018949   0.00006267   0.00000000   0.00000003   0.00000000   0.00038222   0.00014597   0.00243257   0.00000000   0.00189475   0.00000000   0.00583169   0.00015431   0.00690859   0.00071638   0.00008545   0.00062949   0.00003146   0.00546886   0.00000000   0.00014298   0.00000000   0.01386047
  0.00000000   0.00000000   0.00000000   0.00000000   0.00000000   0.00000000   0.00000000   0.00000000   0.00000000   0.00000000   0.00000000   0.00000000   0.00000000   0.00008506   0.00000000   0.00000000   0.00000000   0.00000000   0.00000000   0.00000000   0.00158661   0.00000000   0.00010226   0.00000000   0.00000000
  0.00000000   0.00000000   0.00000000   0.00000000   0.00000000   0.00000000   0.00000000   0.00000000   0.00000000   0.00000000   0.00000000   0.00000000   0.00000000   0.00000000   0.00000000   0.00000000   0.00000000   0.00000000   0.00000000   0.00000000   0.00028864   0.00000000   0.00004134   0.00000000   0.00000000
  0.00000000   0.00000000   0.00000000   0.00000000   0.00000000   0.00000000   0.00000000   0.00000000   0.00000000   0.00000000   0.00000000   0.00000000   0.00000000   0.00000000   0.00000000   0.00000000   0.00000000   0.00000000   0.00000000   0.00000000   0.00000000   0.00000000   0.00000000   0.00000000   0.00000000
  0.00000000   0.00000000   0.00000000   0.00000000   0.00000000   0.00000000   0.00000000   0.00000000   0.00000000   0.00000000   0.00000000   0.00000000   0.00000000   0.00000000   0.00000000   0.00000000   0.00000000   0.00000000   0.00000000   0.00000000   0.00000000   0.00000000   0.00000000   0.00000000   0.00000000
  0.00000000   0.00000000   0.00000000   0.00000000   0.00000000   0.00000000   0.00000000   0.00000000   0.00000000   0.00000000   0.00000000   0.00000000   0.00000000   0.00000000   0.00000000   0.00000000   0.00000000   0.00000000   0.00000000   0.00000000   0.00000000   0.00000000   0.00000000   0.00000000   0.00000000
  0.00000000   0.00000000   0.00000000   0.00000000   0.00000000   0.00000000   0.00000000   0.00000000   0.00000000   0.00000000   0.00000000   0.00000000   0.00000000   0.00000000   0.00000000   0.00000000   0.00000000   0.00000000   0.00000000   0.00000000   0.00000000   0.00000000   0.00000000   0.00000000   0.00000000
  0.00000000   0.00000000   0.00000000   0.00000000   0.00000000   0.00000000   0.00000000   0.00000000   0.00000000   0.00000000   0.00000000   0.00000000   0.00000000   0.00000000   0.00000000   0.00000000   0.00000000   0.00000000   0.00000000   0.00000000   0.00000000   0.00000000   0.00000000   0.00000000   0.00000000
  0.00000000   0.00000000   0.00000000   0.00000000   0.00000000   0.00000000   0.00000000   0.00000000   0.00000000   0.00000000   0.00000000   0.00000000   0.00000000   0.00000000   0.00000000   0.00000000   0.00000000   0.00000000   0.00000000   0.00000000   0.00000000   0.00000000   0.00000000   0.00000000   0.00000000
  0.00000000   0.00000000   0.00000000   0.00000000   0.00000000   0.00000000   0.00000000   0.00000000   0.00000000   0.00000000   0.00000000   0.00000000   0.00000000   0.00000000   0.00000000   0.00000000   0.00000000   0.00000000   0.00000000   0.00000000   0.00000000   0.00000000   0.00000000   0.00000000   0.00000000
