  0.09515685   0.06530533   0.29464851   0.08413008   0.36049527   0.07959120   0.05007383   0.12273959   0.06426596   0.01076448   0.02263300   0.26610145   0.07841281   0.11109274   0.10144573   0.00387852   0.06371848   0.00533009   0.09233565   0.07963998   0.11361816   0.03505026   0.20300579   0.05263653   0.11607909
  0.05602031   0.06500657   0.02194628   0.08413008   0.21516504   0.07959120   0.04859056   0.08220631   0.00119369   0.00014778   0.00119059   0.26566738   0.07841281   0.00922543   0.10144573   0.00209344   0.06130498   0.00381755   0.00585545   0.00328947   0.02679360   0.02437992   0.13781370   0.00544625   0.10100287
  0.02599008   0.03108163   0.00545623   0.02285222   0.02700601   0.07959120   0.01001599   0.00582972   0.00081119   0.00000000   0.00119059   0.05072458   0.03095616   0.00922543   0.01566914   0.00111902   0.01192225   0.00356045   0.00109742   0.00171733   0.01048824   0.02435486   0.06536726   0.00443182   0.10100287
  0.02311240   0.00286669   0.00465253   0.02281219   0.01458915   0.07959120   0.01001583   0.00168556   0.00075339   0.00000000   0.00119059   0.00396861   0.02768065   0.00059630   0.00359845   0.00076871   0.01192225   0.00356045   0.00099576   0.00079000   0.00577855   0.02435486   0.02451867   0.00397056   0.10100287
  0.01216076   0.00196016   0.00029264   0.02281219   0.01458915   0.00553852   0.00453197   0.00065285   0.00074605   0.00000000   0.00079545   0.00266331   0.02423938   0.00026363   0.00359704   0.00066347   0.01192225   0.00356045   0.00099576   0.00065558   0.00148601   0.02435486   0.00507930   0.00397056   0.10100287
  0.00196661   0.00052117   0.00009303   0.02071651   0.01050946   0.00000000   0.00359480   0.00010707   0.00067265   0.00000000   0.00063983   0.00209246   0.02014742   0.00023642   0.00359704   0.00060624   0.01192225   0.00290196   0.00099576   0.00064158   0.00148601   0.02435486   0.00320995   0.00397056   0.02362676
  0.00192879   0.00039877   0.00000000   0.01873218   0.00379236   0.00000000   0.00164334   0.00002879   0.00067265   0.00000000   0.00063640   0.00095590   0.02014327   0.00023642   0.00013014   0.00060624   0.01192225   0.00011303   0.00090136   0.00064158   0.00148601   0.02435486   0.00196191   0.00397056   0.00587504
  0.00192879   0.00039877   0.00000000   0.00127004   0.00344884   0.00000000   0.00135408   0.00002879   0.00067265   0.00000000   0.00063640   0.00080448   0.02014254   0.00023642   0.00000000   0.00060624   0.01192225   0.00000000   0.00090136   0.00064158   0.00148601   0.02435486   0.00012916   0.00380603   0.00125890
  0.00192879   0.00039877   0.00000000   0.00000000   0.00344884   0.00000000   0.00135408   0.00002879   0.00067265   0.00000000   0.00063640   0.00020339   0.02014254   0.00023642   0.00000000   0.00060624   0.00380870   0.00000000   0.00090136   0.00036375   0.00148601   0.02435486   0.00012916   0.00380603   0.00113682
  0.00167257   0.00039877   0.00000000   0.00000000   0.00286945   0.00000000   0.00135408   0.00000000   0.00067265   0.00000000   0.00063640   0.00000000   0.02014254   0.00023642   0.00000000   0.00060624   0.00362882   0.00000000   0.00090136   0.00000000   0.00148601   0.00751304   0.00012916   0.00380603   0.00113682
