  3.15602323   2.87031591   3.47366890   3.85581826   3.31225139   3.30476369   7.37332282   3.03083095   3.11172457   3.80915395   3.33155522   4.22585888   3.35123879   3.97971738   2.79514829   3.35639662   5.24866576   2.83840349   3.40780597   3.65094332   3.87478154   4.00412725   3.05940742   3.95104672   3.53708483
  2.62850421   2.87031591   3.29012214   3.33249756   3.27425668   3.30476369   2.94216131   3.03083095   2.99994459   2.75581593   2.61881041   2.98540810   2.95297059   3.31391012   2.79514829   3.14477348   2.87145632   2.77154559   3.40780597   3.07386686   3.79275254   4.00412725   2.75724966   3.75129842   2.60485035
  2.62850421   2.87031591   2.69681646   3.18734824   3.27425668   3.30476369   2.83999137   2.64004470   2.78065287   2.75581593   2.61881041   2.98540810   2.95297059   3.26958955   2.75508424   3.14477348   2.87145632   2.77154559   3.02911799   3.07386686   2.83835655   3.39569615   2.75724966   3.57423347   2.60485035
  2.55120064   2.56467313   2.59950575   3.13336668   2.56929520   2.73255218   2.83999137   2.64004470   2.78065287   2.59049271   2.61881041   2.77400872   2.95297059   2.73955390   2.75334269   2.60661747   2.74364166   2.74587799   2.56309492   2.80056263   2.76988620   2.56396566   2.56857298   3.57423347   2.54713459
  2.55120064   2.56467313   2.57054691   3.13336668   2.56929520   2.54458218   2.79551192   2.63558334   2.78065287   2.58892316   2.60412232   2.66155105   2.95297059   2.62350864   2.75334269   2.60661747   2.58740437   2.74587799   2.56299272   2.72371130   2.76988620   2.56396566   2.56857298   2.72954104   2.54713459
  2.55120064   2.56467313   2.57054691   2.61461319   2.56929520   2.54458218   2.55384492   2.55373076   2.61169878   2.58892316   2.60412232   2.66155105   2.90420357   2.62350864   2.54410467   2.60661747   2.58740425   2.54784305   2.56299272   2.72371130   2.76988620   2.56396566   2.54387121   2.72857813   2.54713459
  2.54967300   2.54904098   2.55320878   2.61461319   2.56929520   2.54458218   2.55384492   2.55373076   2.61169878   2.54880411   2.54772701   2.65698745   2.55724416   2.59691001   2.54410467   2.60661747   2.58740425   2.54784305   2.56299272   2.54693165   2.76988620   2.54427393   2.54379243   2.72857813   2.54713459
  2.54884651   2.54904098   2.55320878   2.55617200   2.56929520   2.54458218   2.55384492   2.55373076   2.55516103   2.54880411   2.54772701   2.54486873   2.55724416   2.56123328   2.54410467   2.55461391   2.54650270   2.54784305   2.56299272   2.54693165   2.76988620   2.54427393   2.54379243   2.57991156   2.54378642
  2.54884651   2.54904098   2.55320878   2.54595802   2.56929520   2.54458218   2.54396937   2.55373076   2.54655221   2.54880411   2.54772701   2.54486873   2.55724416   2.56123328   2.54410467   2.55461391   2.54650270   2.54784305   2.56299272   2.54693165   2.56978240   2.54427393   2.54379243   2.55007354   2.54378642
  2.54884651   2.54904098   2.55320878   2.54595802   2.56929520   2.54458218   2.54396937   2.55373076   2.54603237   2.54880411   2.54772701   2.54486873   2.55711230   2.56123328   2.54410467   2.55461391   2.54650270   2.54784305   2.56299272   2.54693165   2.56978240   2.54427393   2.54379243   2.54900252   2.54378642
