15698.66904381 11574.61678915 11994.31159154 10398.47473947 7488.05532098 9187.66741632 12032.66833749 24714.88988241 11731.46450594 11530.74084891 7049.51816711 9167.50037569 48660.31299758 21155.79408445 14133.99765676 9618.48053958 11424.67366178 20037.36583174 14320.16861762 11991.67039666 16161.84788632 13426.93324770 15056.03712731 12554.35793910 11850.97602425
9520.86663921 15092.99405794 7049.04047688 7102.46489654 7488.05532098 9601.54260708 7049.03695420 8956.04943577 7393.38922424 10306.93665552 7049.03695428 7049.03695813 8278.44946309 7049.04439427 7050.95234936 7049.57166483 8420.41486087 7049.03695914 7311.26647446 7076.94462240 7049.03700169 7050.43383707 15166.88030073 12554.35793910 7344.78326707
7049.03695433 7387.64255850 7049.03695432 7049.03695481 7488.05532098 7972.34259139 7049.03695416 7049.03695468 7049.25092296 9678.41024811 7049.03695428 7049.03695813 8278.44946309 7049.04439427 7050.95234936 7049.57166483 7415.08862033 7049.03695503 7311.26647446 7076.94462240 7049.03700169 7050.43383707 9167.36807192 12554.35793910 7049.04239979
7049.03695433 7049.03726301 7049.03695432 7049.03695481 7049.03695427 7972.34259139 7049.03695416 7049.03695468 7049.25092296 7049.03695421 7049.03695428 7049.03695411 8278.44946309 7049.04439427 7050.95234936 7049.57166483 7049.03695428 7049.03695418 7311.26647446 7076.94462240 7049.03695430 7050.43383707 9163.50754931 8210.96317817 7049.03698923
7049.03695433 7049.03695440 7049.03695421 7049.03695481 7049.03695426 7972.34259139 7049.03695416 7049.03695420 7049.25092296 7049.03695421 7049.03695421 7049.03695410 7049.03695428 7049.03695427 7050.95234936 7049.57166483 7049.03695428 7049.03695412 7311.26647446 7076.94462240 7049.03695426 7049.03695412 9163.50754931 7049.03695413 7049.03695415
7049.03695416 7049.03695412 7049.03695421 7049.03695481 7049.03695426 7049.03695419 7049.03695416 7049.03695420 7049.25092296 7049.03695421 7049.03695421 7049.03695410 7049.03695428 7049.03695427 7049.03695421 7049.57166483 7049.03695428 7049.03695412 7311.26647446 7049.03695419 7049.03695426 7049.03695403 7049.03695409 7049.03695413 7049.03695415
7049.03695416 7049.03695412 7049.03695421 7049.03695481 7049.03695426 7049.03695408 7049.03695416 7049.03695420 7049.03695525 7049.03695421 7049.03695421 7049.03695410 7049.03695428 7049.03695427 7049.03695418 7049.57166483 7049.03695428 7049.03695412 7311.26647446 7049.03695419 7049.03695426 7049.03695403 7049.03695409 7049.03695413 7049.03695415
7049.03695416 7049.03695412 7049.03695421 7049.03695481 7049.03695426 7049.03695408 7049.03695416 7049.03695420 7049.03695427 7049.03695421 7049.03695421 7049.03695410 7049.03695428 7049.03695427 7049.03695418 7049.57166483 7049.03695428 7049.03695412 7311.26647446 7049.03695419 7049.03695426 7049.03695403 7049.03695409 7049.03695413 7049.03695415
7049.03695416 7049.03695412 7049.03695421 7049.03695481 7049.03695426 7049.03695408 7049.03695416 7049.03695417 7049.03695427 7049.03695421 7049.03695421 7049.03695406 7049.03695428 7049.03695403 7049.03695418 7049.03695425 7049.03695428 7049.03695412 7311.26647446 7049.03695419 7049.03695426 7049.03695403 7049.03695409 7049.03695413 7049.03695415
7049.03695416 7049.03695412 7049.03695421 7049.03695481 7049.03695426 7049.03695408 7049.03695416 7049.03695417 7049.03695427 7049.03695418 7049.03695421 7049.03695406 7049.03695428 7049.03695403 7049.03695418 7049.03695425 7049.03695428 7049.03695412 7051.77743866 7049.03695419 7049.03695426 7049.03695403 7049.03695409 7049.03695413 7049.03695415
