  0.23524246   0.23524246   0.23524246   0.23524246   0.23524246   0.23524246   0.23524246   0.23524246   0.23524246   0.23524246   0.23524246   0.23524246   0.23524246   0.23524246   0.23524246   0.23524246   0.23524246   0.23524246   0.23524246   0.23524246   0.23524246   0.23524246   0.23524246   0.23524246   0.23524246
  0.23524246   0.23524246   0.23524246   0.23524246   0.23524246   0.23524246   0.23524246   0.23524246   0.23524246   0.23524246   0.23524246   0.23524246   0.23524246   0.23524246   0.23524246   0.23524246   0.23524246   0.23524246   0.23524246   0.23524246   0.23524246   0.23524246   0.23524246   0.23524246   0.23524246
  0.23524246   0.23524246   0.23524246   0.23524246   0.23524246   0.23524246   0.23524246   0.23524246   0.23524246   0.23524246   0.23524246   0.23524246   0.23524246   0.23524246   0.23524246   0.23524246   0.23524246   0.23524246   0.23524246   0.23524246   0.23524246   0.23524246   0.23524246   0.23524246   0.23524246
  0.23524246   0.23524246   0.23524246   0.23524246   0.23524246   0.23524246   0.23524246   0.23524246   0.23524246   0.23524246   0.23524246   0.23524246   0.23524246   0.23524246   0.23524246   0.23524246   0.23524246   0.23524246   0.23524246   0.23524246   0.23524246   0.23524246   0.23524246   0.23524246   0.23524246
  0.23524246   0.23524246   0.23524246   0.23524246   0.23524246   0.23524246   0.23524246   0.23524246   0.23524246   0.23524246   0.23524246   0.23524246   0.23524246   0.23524246   0.23524246   0.23524246   0.23524246   0.23524246   0.23524246   0.23524246   0.23524246   0.23524246   0.23524246   0.23524246   0.23524246
  0.23524246   0.23524246   0.23524246   0.23524246   0.23524246   0.23524246   0.23524246   0.23524246   0.23524246   0.23524246   0.23524246   0.23524246   0.23524246   0.23524246   0.23524246   0.23524246   0.23524246   0.23524246   0.23524246   0.23524246   0.23524246   0.23524246   0.23524246   0.23524246   0.23524246
  0.23524246   0.23524246   0.23524246   0.23524246   0.23524246   0.23524246   0.23524246   0.23524246   0.23524246   0.23524246   0.23524246   0.23524246   0.23524246   0.23524246   0.23524246   0.23524246   0.23524246   0.23524246   0.23524246   0.23524246   0.23524246   0.23524246   0.23524246   0.23524246   0.23524246
  0.23524246   0.23524246   0.23524246   0.23524246   0.23524246   0.23524246   0.23524246   0.23524246   0.23524246   0.23524246   0.23524246   0.23524246   0.23524246   0.23524246   0.23524246   0.23524246   0.23524246   0.23524246   0.23524246   0.23524246   0.23524246   0.23524246   0.23524246   0.23524246   0.23524246
  0.23524246   0.23524246   0.23524246   0.23524246   0.23524246   0.23524246   0.23524246   0.23524246   0.23524246   0.23524246   0.23524246   0.23524246   0.23524246   0.23524246   0.23524246   0.23524246   0.23524246   0.23524246   0.23524246   0.23524246   0.23524246   0.23524246   0.23524246   0.23524246   0.23524246
  0.23524246   0.23524246   0.23524246   0.23524246   0.23524246   0.23524246   0.23524246   0.23524246   0.23524246   0.23524246   0.23524246   0.23524246   0.23524246   0.23524246   0.23524246   0.23524246   0.23524246   0.23524246   0.23524246   0.23524246   0.23524246   0.23524246   0.23524246   0.23524246   0.23524246
