  0.01266553   0.01266526   0.01266820   0.01327569   0.01305867   0.01304034   0.01266720   0.01274676   0.01269206   0.01342247   0.01267557   0.01291538   0.01291301   0.01266898   0.01267561   0.01267302   0.01267780   0.01372027   0.01268795   0.01271776   0.01269051   0.01266662   0.01287117   0.01295784   0.01304352
  0.01266536   0.01266525   0.01266820   0.01271508   0.01266707   0.01266536   0.01266537   0.01267150   0.01269206   0.01269908   0.01266998   0.01291538   0.01267449   0.01266634   0.01267561   0.01267302   0.01267250   0.01311726   0.01268795   0.01271776   0.01269051   0.01266662   0.01266563   0.01267021   0.01270266
  0.01266523   0.01266525   0.01266524   0.01266837   0.01266637   0.01266536   0.01266523   0.01267150   0.01266523   0.01266649   0.01266547   0.01266555   0.01267449   0.01266523   0.01266527   0.01266532   0.01267250   0.01288261   0.01266533   0.01266524   0.01266806   0.01266561   0.01266563   0.01266628   0.01268445
  0.01266523   0.01266524   0.01266523   0.01266675   0.01266523   0.01266528   0.01266523   0.01266525   0.01266523   0.01266523   0.01266547   0.01266523   0.01266524   0.01266523   0.01266524   0.01266523   0.01266538   0.01266531   0.01266533   0.01266523   0.01266580   0.01266523   0.01266563   0.01266604   0.01268270
  0.01266523   0.01266524   0.01266523   0.01266675   0.01266523   0.01266525   0.01266523   0.01266523   0.01266523   0.01266523   0.01266525   0.01266523   0.01266523   0.01266523   0.01266524   0.01266523   0.01266538   0.01266523   0.01266523   0.01266523   0.01266574   0.01266523   0.01266563   0.01266604   0.01266524
  0.01266523   0.01266524   0.01266523   0.01266675   0.01266523   0.01266525   0.01266523   0.01266523   0.01266523   0.01266523   0.01266523   0.01266523   0.01266523   0.01266523   0.01266524   0.01266523   0.01266530   0.01266523   0.01266523   0.01266523   0.01266574   0.01266523   0.01266563   0.01266535   0.01266524
  0.01266523   0.01266524   0.01266523   0.01266675   0.01266523   0.01266525   0.01266523   0.01266523   0.01266523   0.01266523   0.01266523   0.01266523   0.01266523   0.01266523   0.01266523   0.01266523   0.01266523   0.01266523   0.01266523   0.01266523   0.01266574   0.01266523   0.01266563   0.01266534   0.01266524
  0.01266523   0.01266524   0.01266523   0.01266675   0.01266523   0.01266525   0.01266523   0.01266523   0.01266523   0.01266523   0.01266523   0.01266523   0.01266523   0.01266523   0.01266523   0.01266523   0.01266523   0.01266523   0.01266523   0.01266523   0.01266574   0.01266523   0.01266563   0.01266534   0.01266524
  0.01266523   0.01266524   0.01266523   0.01266542   0.01266523   0.01266524   0.01266523   0.01266523   0.01266523   0.01266523   0.01266523   0.01266523   0.01266523   0.01266523   0.01266523   0.01266523   0.01266523   0.01266523   0.01266523   0.01266523   0.01266574   0.01266523   0.01266563   0.01266534   0.01266524
  0.01266523   0.01266524   0.01266523   0.01266523   0.01266523   0.01266524   0.01266523   0.01266523   0.01266523   0.01266523   0.01266523   0.01266523   0.01266523   0.01266523   0.01266523   0.01266523   0.01266523   0.01266523   0.01266523   0.01266523   0.01266574   0.01266523   0.01266563   0.01266534   0.01266524
