6090.52621020 6059.71433505 6771.59685074 6090.52620169 6410.08675987 6771.59685074 6064.62801180 6090.52620169 6370.77971273 7273.51109433 7455.25215286 6413.49484508 6090.52622498 6370.77971273 7332.84150776 6686.11271940 6820.41008014 6410.08675987 6318.94807417 6076.43297058 6090.58012331 6090.52620169 6090.52620169 6370.77971273 6090.52620169
6090.52620169 6059.71433505 6771.59685074 6090.52620169 6410.08675987 6370.77971273 6059.71433505 6090.52620169 6370.77971273 6370.77971273 6370.77971273 6370.77971273 6090.52620169 6370.77971273 6771.59685074 6686.11271940 6090.52620169 6090.52620169 6318.94807417 6076.43297058 6090.52620169 6090.52620169 6059.71433505 6059.71433505 6090.52620169
6090.52620169 6059.71433505 6771.59685074 6059.71433505 6410.08675987 6100.02298118 6059.71433505 6090.52620169 6370.77971273 6370.77971273 6370.77971273 6370.77971273 6059.71433505 6370.77971273 6113.53130716 6370.77971273 6090.52620169 6090.52620169 6090.52620169 6076.43297058 6090.52620169 6059.71433505 6059.71433505 6059.71433505 6090.52620169
6090.52620169 6059.71433505 6771.59685074 6059.71433505 6410.08675987 6090.52620169 6059.71433505 6090.52620169 6139.54259907 6370.77971273 6370.77971273 6370.77971273 6059.71433505 6370.77971273 6113.53130716 6370.77971273 6090.52620169 6090.52620169 6090.52620169 6076.43297058 6090.52620169 6059.71433505 6059.71433505 6059.71433505 6090.52620169
6090.52620169 6059.71433505 6370.77971273 6059.71433505 6371.20624225 6090.52620169 6059.71433505 6090.52620169 6090.52620169 6370.77971273 6370.77971273 6090.52620169 6059.71433505 6370.77971273 6113.53130716 6370.77971273 6090.52620169 6090.52620169 6090.52620169 6076.43297058 6090.52620169 6059.71433505 6059.71433505 6059.71433505 6059.71433505
6090.52620169 6059.71433505 6370.77971273 6059.71433505 6370.77971273 6090.52620169 6059.71433505 6090.52620169 6090.52620169 6090.52620169 6370.77971273 6059.85129633 6059.71433505 6090.52620169 6113.53130716 6370.77971273 6090.52620169 6090.52620169 6090.52620169 6076.43297058 6059.71433505 6059.71433505 6059.71433505 6059.71433505 6059.71433505
6090.52620169 6059.71433505 6370.77971273 6059.71433505 6370.77971273 6090.52620169 6059.71433505 6090.52620169 6090.52620169 6090.52620169 6370.77971273 6059.71433505 6059.71433505 6090.52620169 6113.53130716 6370.77971273 6059.71458277 6090.52620169 6090.52620169 6076.43297058 6059.71433505 6059.71433505 6059.71433505 6059.71433505 6059.71433505
6090.52620169 6059.71433505 6370.77971273 6059.71433505 6370.77971273 6090.52620169 6059.71433505 6090.52620169 6090.52620169 6090.52620169 6370.77971273 6059.71433505 6059.71433505 6090.52620169 6113.53130716 6090.52620169 6059.71433505 6090.52620169 6090.52620169 6076.43297058 6059.71433505 6059.71433505 6059.71433505 6059.71433505 6059.71433505
6090.52620169 6059.71433505 6059.71433505 6059.71433505 6090.52620169 6090.52620169 6059.71433505 6090.52620169 6090.52620169 6090.52620169 6059.71434269 6059.71433505 6059.71433505 6090.52620169 6113.53130716 6059.71579977 6059.71433505 6090.52620169 6090.52620169 6076.43297058 6059.71433505 6059.71433505 6059.71433505 6059.71433505 6059.71433505
6090.52620169 6059.71433505 6059.71433505 6059.71433505 6090.52620169 6090.52620169 6059.71433505 6090.52620169 6090.52620169 6090.52620169 6059.71433505 6059.71433505 6059.71433505 6090.52620169 6113.53130716 6059.71433505 6059.71433505 6059.71433505 6090.52620169 6076.43297058 6059.71433505 6059.71433505 6059.71433505 6059.71433505 6059.71433505
