  7.27084158   7.51872021   6.99683425   7.96834079   8.17825618   7.33355851   5.20873370   5.94013802   6.97735702   8.05158981   9.95821940   6.68527032   5.32498652   7.87658345   5.72770788   6.43040712   9.72642780   9.06077762   4.85985930   6.67363006   7.85634622   8.30220805   5.49559012   9.31400086   4.70580380
  8.41782488   6.74629597   4.40042349   6.60077034   6.51477453   4.13386940   7.49516981   6.73603146   6.13742130   5.84238338   5.80792222   6.00620297   8.37525333   6.63972466   6.36493835   4.86991253   7.87243293   7.94685250   5.51245636   6.41683373   6.69102949   7.09971293   7.25740222   6.03753162   6.82878188
  4.18433759   6.40689017   4.40042349   4.06045741   4.46899591   3.68954686   4.09514922   4.45653550   4.09535493   5.37172850   5.77752524   6.00620297   4.25780934   6.43202915   4.33918438   4.86991253   4.61697261   4.48838094   4.14689552   4.62915604   3.96664430   4.03444068   5.75385917   4.42237515   6.82878188
  4.18433759   7.89904008   4.40042349   3.20315224   4.46899591   3.61636079   3.46791902   4.30219469   4.09535493   3.75066177   4.00144553   6.00620297   4.25780934   6.43202915   4.33918438   4.86991253   4.21186812   3.98910942   4.14689552   4.62915604   3.86048246   3.95037371   4.68722956   4.42237515   6.82878188
  4.18433759   5.70941167   4.40042349   3.20315224   4.46899591   3.61636079   3.46791902   4.30048942   4.09535493   3.75066177   3.97425592   6.00620297   4.25780934   6.43202915   4.33918438   4.86991253   3.76334141   3.49300550   4.14689552   4.62915604   3.86048246   3.95037371   4.26150976   4.42237515   6.82878188
  4.18433759   4.57424407   4.40042349   3.20315224   4.46899591   3.61636079   3.46791902   4.30048942   4.09535493   3.75066177   3.97425592   6.00620297   4.25780934   6.43202915   4.33918438   4.86991253   3.76334141   3.49300550   4.14689552   4.62915604   3.86048246   3.95037371   3.89393825   4.42237515   6.82878188
  4.18433759   4.57424407   4.40042349   3.20315224   4.46899591   3.61636079   3.46791902   4.30048942   4.09535493   3.75066177   3.97425592   6.00620297   4.25780934   6.43202915   4.33918438   4.86991253   3.76334141   3.49300550   4.14689552   4.62915604   3.86048246   3.95037371   3.89393825   4.42237515   6.82878188
  4.18433759   4.57424407   4.40042349   3.20315224   4.46899591   3.61636079   3.46791902   4.30048942   4.09535493   3.75066177   3.97425592   6.00620297   4.25780934   6.43202915   4.14633956   4.86991253   3.76334141   3.49300550   4.14689552   4.62915604   3.86048246   3.95037371   3.89393825   4.42237515   6.82878188
  4.18433759   4.57424407   4.40042349   3.20315224   4.46899591   3.61636079   3.46791902   4.30048942   4.09535493   3.75066177   3.97425592   6.00620297   4.25780934   6.43202915   4.14633956   4.86991253   3.76334141   3.49300550   4.14689552   4.62915604   3.86048246   3.95037371   3.89393825   4.42237515   6.82878188
  4.18433759   4.57424407   4.40042349   3.20315224   4.46899591   3.61636079   3.46791902   4.30048942   4.09535493   3.75066177   3.97425592   6.00620297   4.25780934   6.43202915   4.14633956   4.76979340   3.76334141   3.49300550   4.14689552   4.62915604   3.86048246   3.63667702   3.89393825   4.42237515   4.34233844
