  2.00000000   2.00000000   2.00000000   2.00000000   2.00000000   2.00000000   2.00000000   2.00000000   2.00000000   2.00000000   2.23606798   2.00000000   2.00000000   2.00000000   2.00000000   2.00000000   2.00000000   2.00000000   2.00000000   2.01331463   2.00000000   2.00000000   2.00000000   2.00000000   2.00000000
  2.00000000   2.00000000   2.00000000   2.00000000   2.00000000   2.00000000   2.00000000   2.00000000   2.00000000   2.00000000   2.23606798   2.00000000   2.00000000   2.00000000   2.00000000   2.00000000   2.00000000   2.00000000   2.00000000   2.00000000   2.00000000   2.00000000   2.00000000   2.00000000   2.00000000
  2.00000000   2.00000000   2.00000000   2.00000000   2.00000000   2.00000000   2.00000000   2.00000000   2.00000000   2.00000000   2.00000000   2.00000000   2.00000000   2.00000000   2.00000000   2.00000000   2.00000000   2.00000000   2.00000000   2.00000000   2.00000000   2.00000000   2.00000000   2.00000000   2.00000000
  2.00000000   2.00000000   2.00000000   2.00000000   2.00000000   2.00000000   2.00000000   2.00000000   2.00000000   2.00000000   2.00000000   2.00000000   2.00000000   2.00000000   2.00000000   2.00000000   2.00000000   2.00000000   2.00000000   2.00000000   2.00000000   2.00000000   2.00000000   2.00000000   2.00000000
  2.00000000   2.00000000   2.00000000   2.00000000   2.00000000   2.00000000   2.00000000   2.00000000   2.00000000   2.00000000   2.00000000   2.00000000   2.00000000   2.00000000   2.00000000   2.00000000   2.00000000   2.00000000   2.00000000   2.00000000   2.00000000   2.00000000   2.00000000   2.00000000   2.00000000
  2.00000000   2.00000000   2.00000000   2.00000000   2.00000000   2.00000000   2.00000000   2.00000000   2.00000000   2.00000000   2.00000000   2.00000000   2.00000000   2.00000000   2.00000000   2.00000000   2.00000000   2.00000000   2.00000000   2.00000000   2.00000000   2.00000000   2.00000000   2.00000000   2.00000000
  2.00000000   2.00000000   2.00000000   2.00000000   2.00000000   2.00000000   2.00000000   2.00000000   2.00000000   2.00000000   2.00000000   2.00000000   2.00000000   2.00000000   2.00000000   2.00000000   2.00000000   2.00000000   2.00000000   2.00000000   2.00000000   2.00000000   2.00000000   2.00000000   2.00000000
  2.00000000   2.00000000   2.00000000   2.00000000   2.00000000   2.00000000   2.00000000   2.00000000   2.00000000   2.00000000   2.00000000   2.00000000   2.00000000   2.00000000   2.00000000   2.00000000   2.00000000   2.00000000   2.00000000   2.00000000   2.00000000   2.00000000   2.00000000   2.00000000   2.00000000
  2.00000000   2.00000000   2.00000000   2.00000000   2.00000000   2.00000000   2.00000000   2.00000000   2.00000000   2.00000000   2.00000000   2.00000000   2.00000000   2.00000000   2.00000000   2.00000000   2.00000000   2.00000000   2.00000000   2.00000000   2.00000000   2.00000000   2.00000000   2.00000000   2.00000000
  2.00000000   2.00000000   2.00000000   2.00000000   2.00000000   2.00000000   2.00000000   2.00000000   2.00000000   2.00000000   2.00000000   2.00000000   2.00000000   2.00000000   2.00000000   2.00000000   2.00000000   2.00000000   2.00000000   2.00000000   2.00000000   2.00000000   2.00000000   2.00000000   2.00000000
