  1.67021773   1.67021773   1.67021773   1.67021828   1.67021773   1.67021773   1.67041336   1.67022369   1.70656621   1.67021776   1.67021773   1.67021773   1.67021773   1.67021773   1.67021805   1.67021773   1.67021774   1.67076251   1.67021773   1.67029536   1.67022307   1.67021773   1.67021773   1.67022343   1.67022150
  1.67021773   1.67021773   1.67021773   1.67021828   1.67021773   1.67021773   1.67021852   1.67021775   1.67023080   1.67021773   1.67021773   1.67021773   1.67021773   1.67021773   1.67021773   1.67021773   1.67021773   1.67021773   1.67021773   1.67021773   1.67021806   1.67021773   1.67021773   1.67021773   1.67021773
  1.67021773   1.67021773   1.67021773   1.67021773   1.67021773   1.67021773   1.67021773   1.67021773   1.67023080   1.67021773   1.67021773   1.67021773   1.67021773   1.67021773   1.67021773   1.67021773   1.67021773   1.67021773   1.67021773   1.67021773   1.67021773   1.67021773   1.67021773   1.67021773   1.67021773
  1.67021773   1.67021773   1.67021773   1.67021773   1.67021773   1.67021773   1.67021773   1.67021773   1.67021773   1.67021773   1.67021773   1.67021773   1.67021773   1.67021773   1.67021773   1.67021773   1.67021773   1.67021773   1.67021773   1.67021773   1.67021773   1.67021773   1.67021773   1.67021773   1.67021773
  1.67021773   1.67021773   1.67021773   1.67021773   1.67021773   1.67021773   1.67021773   1.67021773   1.67021773   1.67021773   1.67021773   1.67021773   1.67021773   1.67021773   1.67021773   1.67021773   1.67021773   1.67021773   1.67021773   1.67021773   1.67021773   1.67021773   1.67021773   1.67021773   1.67021773
  1.67021773   1.67021773   1.67021773   1.67021773   1.67021773   1.67021773   1.67021773   1.67021773   1.67021773   1.67021773   1.67021773   1.67021773   1.67021773   1.67021773   1.67021773   1.67021773   1.67021773   1.67021773   1.67021773   1.67021773   1.67021773   1.67021773   1.67021773   1.67021773   1.67021773
  1.67021773   1.67021773   1.67021773   1.67021773   1.67021773   1.67021773   1.67021773   1.67021773   1.67021773   1.67021773   1.67021773   1.67021773   1.67021773   1.67021773   1.67021773   1.67021773   1.67021773   1.67021773   1.67021773   1.67021773   1.67021773   1.67021773   1.67021773   1.67021773   1.67021773
  1.67021773   1.67021773   1.67021773   1.67021773   1.67021773   1.67021773   1.67021773   1.67021773   1.67021773   1.67021773   1.67021773   1.67021773   1.67021773   1.67021773   1.67021773   1.67021773   1.67021773   1.67021773   1.67021773   1.67021773   1.67021773   1.67021773   1.67021773   1.67021773   1.67021773
  1.67021773   1.67021773   1.67021773   1.67021773   1.67021773   1.67021773   1.67021773   1.67021773   1.67021773   1.67021773   1.67021773   1.67021773   1.67021773   1.67021773   1.67021773   1.67021773   1.67021773   1.67021773   1.67021773   1.67021773   1.67021773   1.67021773   1.67021773   1.67021773   1.67021773
  1.67021773   1.67021773   1.67021773   1.67021773   1.67021773   1.67021773   1.67021773   1.67021773   1.67021773   1.67021773   1.67021773   1.67021773   1.67021773   1.67021773   1.67021773   1.67021773   1.67021773   1.67021773   1.67021773   1.67021773   1.67021773   1.67021773   1.67021773   1.67021773   1.67021773
