  2.69333952   2.73586049   2.66871346   2.66366639   2.63934650   2.65199044   2.69638399   2.68297302   2.72545197   2.76262082   2.64965433   2.81004540   2.68243895   2.77683264   2.72535394   2.69920424   2.69205275   2.70058950   2.75184494   2.75076425   2.76461801   2.65596945   2.76649055   2.72734803   2.74785518
  2.67145535   2.70634285   2.65123962   2.66083051   2.63934650   2.65098763   2.68653627   2.68193257   2.71949171   2.76255855   2.64931458   2.68945435   2.68243895   2.69347676   2.64375248   2.65472364   2.69156969   2.70051931   2.69745694   2.66502100   2.69168447   2.65292567   2.68286202   2.65101693   2.65034394
  2.67135635   2.70446222   2.65062285   2.66083051   2.63934650   2.65098763   2.65005930   2.68193257   2.71949171   2.76255820   2.64931458   2.66978479   2.68243895   2.69320317   2.64179094   2.64721703   2.69156969   2.64515433   2.69488698   2.66502100   2.69168447   2.65292567   2.68286202   2.65101693   2.65017322
  2.67135635   2.70446222   2.65062285   2.66061935   2.63934650   2.65098763   2.64204397   2.67530544   2.64698815   2.68296331   2.64931458   2.66978479   2.68243895   2.66500971   2.64179094   2.64718525   2.69156969   2.64101790   2.69488698   2.66502100   2.67545927   2.65292567   2.65664406   2.65101693   2.65017322
  2.67135635   2.67902642   2.65062285   2.66061640   2.63934650   2.65098763   2.64203088   2.67473111   2.64698815   2.68296331   2.64931458   2.66627802   2.68243895   2.66500971   2.64179094   2.64718525   2.69156969   2.64101790   2.69488698   2.66502100   2.67545927   2.65292567   2.65639912   2.64674899   2.65017322
  2.67135635   2.67441803   2.65062285   2.65907551   2.63934650   2.65098763   2.64203088   2.67473109   2.64698815   2.68296331   2.64931458   2.66202584   2.68243895   2.66500971   2.64179094   2.64718525   2.69156969   2.64101790   2.69488698   2.66502100   2.65023474   2.65292567   2.65639912   2.64203089   2.64010585
  2.67135635   2.67325124   2.65062285   2.65116951   2.63934650   2.65098763   2.64203088   2.65938192   2.64698815   2.65354926   2.64931458   2.66202571   2.68243895   2.66500971   2.64179094   2.64718525   2.69156969   2.64101790   2.67069409   2.66458013   2.65020223   2.65292567   2.65639912   2.64203088   2.63944646
  2.65043895   2.67322015   2.65062285   2.64611486   2.63934650   2.65098763   2.64203088   2.65020223   2.64698815   2.64616176   2.64931458   2.66078892   2.66095329   2.65654321   2.64179094   2.64718525   2.66458047   2.64101790   2.67066941   2.66457988   2.65020223   2.65292567   2.65639912   2.64203088   2.63944645
  2.65021135   2.64504596   2.65062285   2.64611486   2.63934650   2.65098763   2.64203088   2.65020223   2.64633150   2.64616176   2.64931458   2.66078892   2.66094877   2.65654321   2.64179094   2.64718525   2.66457986   2.64101790   2.66224919   2.64665861   2.65020223   2.64470207   2.65639912   2.64203088   2.63944645
  2.65021135   2.64161709   2.65062285   2.64611486   2.63934650   2.65098763   2.64203088   2.65020223   2.64618649   2.64422204   2.64931458   2.66078892   2.66094868   2.65654321   2.64179094   2.64718525   2.66457986   2.64101790   2.66215287   2.64665857   2.65020223   2.64469054   2.65639912   2.64203088   2.63944645
