  1.05566734   1.59448440   1.19509471   1.10948697   1.19853321   1.44355958   0.54669116   1.63636189   0.66710003   2.32119465   1.25233573   1.78828068   0.51169425   1.35082042   1.32844502   0.92949710   1.04278848   1.88849374   1.00630240   1.13496166   1.35483983   0.77548250   3.13951381   0.85320280   0.63278121
  0.00000000   0.00000000   0.00000000   0.00000000   0.00013163   0.89977613   0.00000000   1.02582784   0.00000000   0.00000000   0.92878105   0.27073732   0.00000000   0.00000000   0.00000000   0.00000000   0.34745528   0.57687285   0.00000000   0.04440731   0.05461334   0.77548250   2.44975014   0.20321783   0.00000000
  0.00000000   0.00000000   0.00000000   0.00000000   0.00000000   0.56561405   0.00000000   0.75973577   0.00000000   0.00000000   0.77027727   0.27073732   0.00000000   0.00000000   0.00000000   0.00000000   0.34745528   0.00000000   0.00000000   0.00667913   0.00000000   0.30564593   2.29929545   0.20321783   0.00000000
  0.00000000   0.00000000   0.00000000   0.00000000   0.00000000   0.00000000   0.00000000   0.00000000   0.00000000   0.00000000   0.00000000   0.00000000   0.00000000   0.00000000   0.00000000   0.00000000   0.00000000   0.00000000   0.00000000   0.00667913   0.00000000   0.00000000   1.06463475   0.00000000   0.00000000
  0.00000000   0.00000000   0.00000000   0.00000000   0.00000000   0.00000000   0.00000000   0.00000000   0.00000000   0.00000000   0.00000000   0.00000000   0.00000000   0.00000000   0.00000000   0.00000000   0.00000000   0.00000000   0.00000000   0.00667913   0.00000000   0.00000000   0.00000000   0.00000000   0.00000000
  0.00000000   0.00000000   0.00000000   0.00000000   0.00000000   0.00000000   0.00000000   0.00000000   0.00000000   0.00000000   0.00000000   0.00000000   0.00000000   0.00000000   0.00000000   0.00000000   0.00000000   0.00000000   0.00000000   0.00000000   0.00000000   0.00000000   0.00000000   0.00000000   0.00000000
  0.00000000   0.00000000   0.00000000   0.00000000   0.00000000   0.00000000   0.00000000   0.00000000   0.00000000   0.00000000   0.00000000   0.00000000   0.00000000   0.00000000   0.00000000   0.00000000   0.00000000   0.00000000   0.00000000   0.00000000   0.00000000   0.00000000   0.00000000   0.00000000   0.00000000
  0.00000000   0.00000000   0.00000000   0.00000000   0.00000000   0.00000000   0.00000000   0.00000000   0.00000000   0.00000000   0.00000000   0.00000000   0.00000000   0.00000000   0.00000000   0.00000000   0.00000000   0.00000000   0.00000000   0.00000000   0.00000000   0.00000000   0.00000000   0.00000000   0.00000000
  0.00000000   0.00000000   0.00000000   0.00000000   0.00000000   0.00000000   0.00000000   0.00000000   0.00000000   0.00000000   0.00000000   0.00000000   0.00000000   0.00000000   0.00000000   0.00000000   0.00000000   0.00000000   0.00000000   0.00000000   0.00000000   0.00000000   0.00000000   0.00000000   0.00000000
  0.00000000   0.00000000   0.00000000   0.00000000   0.00000000   0.00000000   0.00000000   0.00000000   0.00000000   0.00000000   0.00000000   0.00000000   0.00000000   0.00000000   0.00000000   0.00000000   0.00000000   0.00000000   0.00000000   0.00000000   0.00000000   0.00000000   0.00000000   0.00000000   0.00000000
