197.25033779 199.54092279 208.94833728 205.30650214 192.29584687 237.73968372 207.44643751 207.70951999 221.74968806 197.99450725 189.55820095 189.74905439 190.43506940 203.59937840 199.39362340 206.21912959 208.27967549 190.66269470 194.49369295 198.96252155 226.84371427 190.64976223 204.20811794 194.62671933 190.76304053
189.31585386 199.54092279 199.51786837 190.69446522 192.29584687 194.54541017 207.44643751 193.56920842 196.89400096 197.99450725 189.55820095 189.74905439 190.43506940 190.45421553 197.01012964 206.21912959 208.27967549 190.66269470 194.49369295 198.96252155 189.51803553 190.64976223 191.27338128 191.05586520 190.76304053
189.31585386 189.85229452 199.51786837 190.69446522 192.29584687 194.54541017 190.86509513 189.96774258 189.52953330 192.34564785 189.55820095 189.74905439 190.43506940 190.45421553 197.01012964 191.82128484 190.39360138 190.66269470 189.50151094 193.10361716 189.51803553 190.64976223 189.61538945 191.05586520 189.31979531
189.31585386 189.85229452 199.51786837 190.69446522 192.29584687 194.54541017 190.86509513 189.96774258 189.52953330 191.16823479 189.55820095 189.74905439 190.43506940 190.45421553 192.07411743 191.82128484 190.39360138 190.66269470 189.50151094 193.10361716 189.51803553 189.88197581 189.61538945 191.05586520 189.31979531
189.31585386 189.85229452 190.79189733 190.69446522 192.29584687 194.54541017 190.86509513 189.48799753 189.52953330 191.16823479 189.55820095 189.74905439 190.43506940 190.45421553 192.07411743 189.84986441 190.39360138 190.66269470 189.50151094 190.23828715 189.51803553 189.88197581 189.37372637 191.05586520 189.31979531
189.31585386 189.85229452 190.55477367 190.53640010 192.29584687 189.62609561 189.77531359 189.48799753 189.52953330 191.16823479 189.55820095 189.74905439 190.43506940 190.45421553 189.42052061 189.84986441 190.39360138 190.66269470 189.50151094 189.43451936 189.51803553 189.88197581 189.37372637 191.05586520 189.31979531
189.31585386 189.85229452 190.55477367 190.53640010 192.29584687 189.33635595 189.77531359 189.48799753 189.52953330 189.97407907 189.55820095 189.74905439 190.43506940 190.45421553 189.42052061 189.84986441 190.39360138 190.66269470 189.50151094 189.43451936 189.48503215 189.36942507 189.37372637 191.05586520 189.31979531
189.31585386 189.85229452 190.49796702 190.53640010 189.97914883 189.33635595 189.77531359 189.48799753 189.52953330 189.97407907 189.55820095 189.74905439 190.43506940 190.45421553 189.42052061 189.84986441 190.39360138 189.74157300 189.50151094 189.43451936 189.48503215 189.36942507 189.37372637 191.05586520 189.31979531
189.31585386 189.85229452 190.49796702 190.22797583 189.97914883 189.33635595 189.77531359 189.37299225 189.52953330 189.97407907 189.55820095 189.74905439 190.43506940 190.40084425 189.42052061 189.34463678 189.31824775 189.74157300 189.50151094 189.43451936 189.48503215 189.36942507 189.37372637 191.05586520 189.31979531
189.31585386 189.85229452 190.49796702 189.35638964 189.97914883 189.33635595 189.77531359 189.37299225 189.52953330 189.97407907 189.37299707 189.31238958 190.43506940 190.40084425 189.42052061 189.34463678 189.31824775 189.74157300 189.50151094 189.43451936 189.48503215 189.36942507 189.37372637 191.05586520 189.31979531
