263.89584338 263.89584338 263.89584338 263.89584338 263.89584338 263.89584338 263.89584338 263.89584338 263.89584338 263.89584338 263.89584338 263.89584338 263.89584338 263.89584338 263.89584338 263.89584338 263.89584338 263.89584338 263.89584338 263.89584338 263.89584338 263.89584338 263.89584338 263.89584338 263.89584338
263.89584338 263.89584338 263.89584338 263.89584338 263.89584338 263.89584338 263.89584338 263.89584338 263.89584338 263.89584338 263.89584338 263.89584338 263.89584338 263.89584338 263.89584338 263.89584338 263.89584338 263.89584338 263.89584338 263.89584338 263.89584338 263.89584338 263.89584338 263.89584338 263.89584338
263.89584338 263.89584338 263.89584338 263.89584338 263.89584338 263.89584338 263.89584338 263.89584338 263.89584338 263.89584338 263.89584338 263.89584338 263.89584338 263.89584338 263.89584338 263.89584338 263.89584338 263.89584338 263.89584338 263.89584338 263.89584338 263.89584338 263.89584338 263.89584338 263.89584338
263.89584338 263.89584338 263.89584338 263.89584338 263.89584338 263.89584338 263.89584338 263.89584338 263.89584338 263.89584338 263.89584338 263.89584338 263.89584338 263.89584338 263.89584338 263.89584338 263.89584338 263.89584338 263.89584338 263.89584338 263.89584338 263.89584338 263.89584338 263.89584338 263.89584338
263.89584338 263.89584338 263.89584338 263.89584338 263.89584338 263.89584338 263.89584338 263.89584338 263.89584338 263.89584338 263.89584338 263.89584338 263.89584338 263.89584338 263.89584338 263.89584338 263.89584338 263.89584338 263.89584338 263.89584338 263.89584338 263.89584338 263.89584338 263.89584338 263.89584338
263.89584338 263.89584338 263.89584338 263.89584338 263.89584338 263.89584338 263.89584338 263.89584338 263.89584338 263.89584338 263.89584338 263.89584338 263.89584338 263.89584338 263.89584338 263.89584338 263.89584338 263.89584338 263.89584338 263.89584338 263.89584338 263.89584338 263.89584338 263.89584338 263.89584338
263.89584338 263.89584338 263.89584338 263.89584338 263.89584338 263.89584338 263.89584338 263.89584338 263.89584338 263.89584338 263.89584338 263.89584338 263.89584338 263.89584338 263.89584338 263.89584338 263.89584338 263.89584338 263.89584338 263.89584338 263.89584338 263.89584338 263.89584338 263.89584338 263.89584338
263.89584338 263.89584338 263.89584338 263.89584338 263.89584338 263.89584338 263.89584338 263.89584338 263.89584338 263.89584338 263.89584338 263.89584338 263.89584338 263.89584338 263.89584338 263.89584338 263.89584338 263.89584338 263.89584338 263.89584338 263.89584338 263.89584338 263.89584338 263.89584338 263.89584338
263.89584338 263.89584338 263.89584338 263.89584338 263.89584338 263.89584338 263.89584338 263.89584338 263.89584338 263.89584338 263.89584338 263.89584338 263.89584338 263.89584338 263.89584338 263.89584338 263.89584338 263.89584338 263.89584338 263.89584338 263.89584338 263.89584338 263.89584338 263.89584338 263.89584338
263.89584338 263.89584338 263.89584338 263.89584338 263.89584338 263.89584338 263.89584338 263.89584338 263.89584338 263.89584338 263.89584338 263.89584338 263.89584338 263.89584338 263.89584338 263.89584338 263.89584338 263.89584338 263.89584338 263.89584338 263.89584338 263.89584338 263.89584338 263.89584338 263.89584338
