  8.22045693 48216.17246146   7.04737204   5.20454300   0.33044750   0.07219992   3.32998125  30.09398518   1.47832902  27.10979116   4.93137477   0.60946184   0.07257572   0.99394839   5.60672310   5.41279935   1.02833368   4.53906643   2.68123393  37.59893609   4.07138098   4.19325117  11.71881301   6.16781235   2.47219837
  6.80693197   4.04897213   2.37823876   0.76000083   0.33044750   0.07219992   3.32998125   0.81048056   0.23074046   0.98543950   0.53126934   0.60946184   0.07249568   0.99394839   5.60672310   1.69781424   1.02833368   2.82510903   2.68123393   0.30839365   0.36279870   1.35946986  11.23251254   5.91441421   1.82707613
  6.71716120   0.36670790   0.48294600   0.76000083   0.17484165   0.07219992   1.91143159   0.61067827   0.23074046   0.23154192   0.06056361   0.60946184   0.07249568   0.55927175   0.04913123   0.69047860   0.06237608   2.82510903   2.68123393   0.18817967   0.36279870   0.53770715   8.99941054   0.05057625   1.82707613
  0.18889437   0.36670790   0.11399323   0.33839100   0.17484165   0.07219992   0.04241457   0.61067827   0.06494502   0.23154192   0.06056361   0.04461436   0.07249568   0.55927175   0.03501154   0.69047860   0.06237608   0.83544483   0.05571540   0.18817967   0.36279870   0.08581658   0.92192592   0.04671502   0.62767461
  0.16612810   0.04852814   0.11399323   0.16598839   0.08165839   0.07219992   0.04200101   0.09057102   0.06494502   0.08794760   0.06056361   0.04461436   0.07249568   0.06006701   0.03501009   0.05293947   0.03802424   0.10014155   0.04284551   0.18817967   0.36279870   0.08581658   0.19254763   0.04671502   0.33507713
  0.16612810   0.04518875   0.04475573   0.16598839   0.05293956   0.04963767   0.04200101   0.08575648   0.03281406   0.08794760   0.05874670   0.04461436   0.04167693   0.04496604   0.03501009   0.05293947   0.03802424   0.05181712   0.04284551   0.16946973   0.04493070   0.05943064   0.18491008   0.04557373   0.04895035
  0.04050167   0.04518875   0.04475573   0.04108347   0.05293956   0.04494914   0.04200101   0.05747061   0.03281406   0.07800883   0.05874670   0.04461436   0.03302752   0.04496604   0.03501009   0.05293947   0.03608097   0.05181712   0.04284551   0.16946973   0.04485525   0.05943064   0.03221512   0.04557373   0.04445457
  0.04050167   0.04518875   0.04475573   0.04108347   0.05293956   0.04494914   0.04200101   0.04313136   0.03281406   0.03712813   0.05874670   0.04428166   0.03302752   0.04496604   0.03501009   0.04533440   0.03608097   0.05181712   0.04284551   0.16946973   0.04484307   0.05943064   0.03221300   0.04557373   0.04445457
  0.04050167   0.04518875   0.04475573   0.04108347   0.05293956   0.04494914   0.04200101   0.04313136   0.03281406   0.03221309   0.05702818   0.04428166   0.03302752   0.04496604   0.03501009   0.04533440   0.03608097   0.05181712   0.04284551   0.16946973   0.04484307   0.05943064   0.03221300   0.04557373   0.04445457
  0.04050167   0.04518875   0.04475573   0.04108347   0.05293956   0.04494914   0.04200101   0.04313136   0.03281406   0.03221309   0.05702818   0.04428166   0.03302752   0.04496604   0.03501009   0.04533440   0.03608097   0.05181712   0.04284551   0.16946973   0.04221467   0.05943064   0.03221300   0.04557373   0.04445457
