5624.27906284 5362.44405099 7175.17058065 5148.05355586 5289.76796408 5394.36830472 4808.20412473 5012.36224020 5373.27610542 5484.81193105 4922.80931346 8131.23935415 5961.77129237 5886.22831996 5861.97005213 6351.80094291 5258.29637227 4743.58079285 4437.87479128 5796.39955156 5387.48444675 5131.65230821 4871.27172329 5018.75915422 6951.57199389
4285.39850400 5348.46499043 5224.56193933 5148.05355586 5710.10049070 5394.36830472 4805.22037342 5487.82703648 5508.04217481 5663.49154241 5431.94522066 8125.62168736 5961.77129237 5622.40410724 5861.97005213 6092.80481309 5160.91755308 4815.13248960 5299.53156879 5596.98208473 5342.10681791 4685.63608255 5512.29357919 5327.42302539 6764.44345103
4926.87349361 5475.18791695 5330.44866635 5277.14048441 4528.17117331 5394.36830472 5280.42123414 5377.51757817 5494.92931270 5604.39891113 5431.94522066 5457.09962446 5483.40434842 5622.40410724 5314.80114236 5901.51750293 5329.31584804 4809.20005292 5627.86214561 5529.57377490 5168.66574528 4693.60235048 5437.09340979 5481.44782127 6764.44345103
5018.10997656 6199.66560047 5357.22397224 5277.03574502 5220.75294973 5394.36830472 5280.42890492 5614.11844228 5503.44916692 5557.70916081 5431.94522066 5259.57610296 5578.35454398 5566.53934824 5287.74870897 5848.94715874 5329.31584804 4809.20005292 5633.35821345 5540.80161100 4919.66450879 4693.60235048 4792.76511896 5560.97283404 6764.44345103
5319.15884030 6268.08295587 5841.38582299 5277.03574502 5220.75294973 5036.55030737 5165.55302492 5660.64710156 5504.75967987 5549.77403747 5172.45646389 5301.94011345 5374.15765987 5569.31938970 5287.88093742 5846.97670519 5329.31584804 4809.20005292 5633.35821345 5553.89233660 5274.60841981 4693.60235048 4932.85994856 5560.97283404 6764.44345103
5554.58711763 5825.64743939 5860.37584755 5630.49388044 4417.89726032 5098.39903032 5206.53799268 5495.33752391 5520.42705121 5499.76588046 5199.12423496 5338.73555686 5426.03388829 5573.35010538 5287.88093742 5862.24681922 5329.31584804 5394.06662312 5633.35821345 5555.70287952 5274.60841981 4693.60235048 5148.94570701 5560.97283404 5502.35707504
5555.68907650 5880.11215657 5479.11956932 5433.30263672 4880.87960112 5090.95499978 5645.70643205 5502.22502611 5520.42705121 5488.55821922 5199.69597764 5411.13499286 5426.20210890 5573.35010538 5734.43850463 5862.24681922 5329.31584804 6139.57803121 5535.12132653 5555.70287952 5274.60841981 4693.60235048 5232.52301972 5560.97283404 5474.13617968
5555.68907650 5880.11215657 5474.66228448 5347.79513545 4927.66603253 5080.89704364 5663.16874529 5502.22502611 5520.42705121 5486.60741766 5199.69597764 5412.69016144 5426.25160226 5573.35010538 5214.47600770 5862.24681922 5329.31584804 5730.31362042 5535.12132653 5555.70287952 5274.60841981 4693.60235048 5534.07826663 5340.40332788 5497.96722394
5555.68907650 5880.11215657 5470.79749368 5360.71628323 4927.66603253 5079.28802250 5663.16874529 5502.22502611 5520.42705121 5479.42016505 5199.69597764 5520.80418015 5426.25160226 5573.35010538 5142.15967564 5862.24681922 5537.61364749 5110.81737652 5535.12132653 5472.15030140 5274.60841981 4693.60235048 5534.07826663 5340.40332788 5493.32892757
5523.23114870 5880.11215657 5468.25716086 5295.69736495 5637.14285585 5078.49048794 5663.16874529 5533.82612195 5520.42705121 5479.42016505 5199.69597764 5487.56765075 5426.25160226 5573.35010538 5098.33522295 5862.24681922 5539.86002828 5082.02308304 5535.12132653 5399.74298312 5274.60841981 5347.45634056 5534.07826663 5340.40332788 5493.32892757
