  0.08218988   0.66027978   0.04583495   0.29363459   0.46150445   0.15976777   0.76632228   1.33636057   0.35374587   0.42541982   0.37336319   0.53891783   0.18188819   1.45444031   1.13597123   0.09026345   0.33594402   0.28779207   0.07807328   0.53403227   0.14161629   0.26145401   0.37729501   0.10004924   0.39578018
  0.04179510   0.57127556   0.03588146   0.33960824   0.24658004   0.09746375   0.39289340   0.28888270   0.15374773   0.06182859   0.22567252   0.53552856   0.03523630   0.12121132   0.45889347   0.04558773   0.20429990   0.07467248   0.03604488   0.04464589   0.04166379   0.10039684   0.08989703   0.05712146   0.17877952
  0.03849554   0.10846996   0.02941735   0.07867940   0.24658004   0.05710483   0.07993793   0.06215945   0.03711055   0.03302102   0.22567252   0.10465853   0.03243651   0.02428896   0.14027386   0.04404415   0.04862101   0.06089303   0.02982280   0.02907889   0.03654251   0.09231583   0.03727256   0.03849848   0.05614803
  0.03818401   0.05310450   0.02910159   0.06214219   0.22207018   0.04240755   0.06664682   0.03068910   0.03451499   0.03252490   0.12353899   0.04689337   0.03243651   0.01379709   0.01940135   0.03817580   0.03515847   0.05810687   0.02739456   0.02642818   0.03602726   0.09231583   0.03524012   0.03494056   0.04477806
  0.03818401   0.03640269   0.02910159   0.04964920   0.02651191   0.04153014   0.06189125   0.02328926   0.03438002   0.03250363   0.04538445   0.03788663   0.03243651   0.01300683   0.01516754   0.03797093   0.03029758   0.04458629   0.01875631   0.02642438   0.03602726   0.09231583   0.03514235   0.03494056   0.04055383
  0.03818401   0.03640269   0.02910159   0.04420275   0.01901497   0.04151867   0.06181279   0.01998232   0.03438002   0.03250363   0.04010884   0.03158621   0.01649793   0.01300683   0.01516625   0.03797093   0.02965216   0.04430205   0.01758993   0.02639710   0.03602726   0.09231583   0.03512631   0.03494056   0.03841385
  0.03818401   0.03640269   0.02910159   0.03973835   0.01901474   0.04148760   0.06178211   0.01949769   0.03438002   0.03250363   0.04010884   0.03138231   0.01516454   0.01300683   0.01516625   0.03797093   0.02965206   0.04430205   0.01758969   0.02639671   0.03043128   0.07433272   0.03512627   0.03494056   0.03758124
  0.03818401   0.03640269   0.02910159   0.03563629   0.01901463   0.04148760   0.06178211   0.01949762   0.03438002   0.03250363   0.04010884   0.02856117   0.01516454   0.01300683   0.01516625   0.03797093   0.02965206   0.04430205   0.01758969   0.02639671   0.02621068   0.03003021   0.03512627   0.03494056   0.03756088
  0.03818401   0.03640269   0.02910159   0.03490213   0.01901459   0.04148760   0.06178211   0.01949762   0.03438002   0.03250363   0.03219986   0.02854348   0.01516454   0.01300683   0.01516625   0.02884781   0.02965206   0.04430205   0.01758969   0.02639671   0.02620912   0.02632655   0.03512627   0.03494056   0.03756088
  0.03818401   0.03640269   0.02910159   0.02567912   0.01901459   0.02792315   0.06178211   0.01946059   0.02658586   0.02612761   0.03219931   0.02854348   0.01516454   0.01300683   0.01516625   0.02135449   0.02965206   0.03576711   0.01758969   0.02639671   0.02620912   0.02606321   0.03512627   0.03494056   0.03756088
