 48.90693576  81.64612244  67.28590704  64.58207550 102.88632769  71.62090352  45.72700526  66.90931109  72.17093396  56.88277829  86.73755052  55.09315174  51.61407629  56.20685017  62.63961545  60.05358315  68.18806064  42.07720682  78.79415770  82.55908188 104.43707886  66.25609501  63.10259893  44.66202447 107.86672035
 48.90693576  72.05236397  47.75986093  64.58207550 102.44474497  56.68025795  45.23599853  66.90931109  57.39419885  56.88277829  67.15058642  64.71516269  51.61407629  56.20685017  65.80648527  79.63909349  59.01024268  42.07720682  69.61089563  49.88742397  59.01920234  66.25609501  63.10259893  56.96718687  59.06632614
 66.63524895  53.02035900  47.75986093  63.32624514 102.44474497  56.68025795  45.23599853  49.70570940  52.65937388  61.72621143  55.31693741  54.88505939  51.61407629  50.21549433  65.80648527  62.98517043  59.01024268  42.07720682  69.61089563  49.89643655  43.42686272  66.25609501  80.00849720  56.96718687  51.93891364
 60.01808691  53.00091267  47.75986093  56.14619944  62.84509284  56.68025795  45.23599853  49.70570940  52.65937388  58.91586616  55.31693741  54.88505939  60.06195019  45.66671022  65.80648527  62.98517043  59.01024268  91.90740307  44.86815409  49.65598622  43.42686272  58.13774166  52.36347629  44.61555750  51.83802076
 60.01808691  53.00091267  47.75986093  56.14619944  62.84509284  56.68025795  45.23599853  49.70570940  52.65937388  58.53540973  55.31693741  54.88505939  60.06195019  45.66671022  65.80648527  54.59196016  59.01024268  91.90740307  44.86815409  49.65598622  43.42686272  58.13774166  53.97219044  44.61555750  51.83802076
 60.01808691  53.00091267  47.75986093  53.12228893  58.76655242  51.84537513  45.23599853  49.70570940  52.65937388  55.59413239  55.31693741  54.88505939  46.24981726  45.66671022  65.80648527  54.59196016  59.01024268  91.90740307  44.86815409  49.65598622  43.42686272  58.13774166  53.20254731  44.61555750  51.83802076
 60.01808691  53.00091267  47.75986093  53.12228893  58.09786859  51.84537513  45.23599853  49.70570940  68.40576277  55.59413239  55.31693741  54.88505939  46.24981726  45.66671022  65.80648527  48.65716357  59.01024268  91.90740307  44.86815409  49.65598622  43.42686272  58.13774166  53.20254731  44.61555750  51.83802076
 47.13700175  50.69653661  47.75986093  53.12228893  58.09786859  51.84537513  45.23599853  41.18579108  49.12509796  55.59413239  55.31693741  47.62500739  46.24981726  45.66671022  65.80648527  48.65716357  57.61374473  91.90740307  44.86815409  49.65598622  43.42686272  58.13774166  53.20254731  44.61555750  51.83802076
 47.13700175  47.09789303  47.75986093  53.12228893  58.09786859  51.84537513  45.23599853  41.18579108  46.10892533  55.59413239  42.53569260  42.70270550  46.24981726  40.07111340  47.42224843  41.10817875  57.61374473  49.79984378  39.20157445  58.66322148  43.42686272  58.13774166  52.61734835  44.61555750  45.88411422
 44.42261668  47.09789303  43.50549256  45.78336859  58.09786859  51.84537513  45.23599853  41.18579108  46.10892533  55.59413239  42.53569260  42.70270550  46.24981726  40.07111340  47.42224843  41.03391871  48.96825724  49.76842117  39.20157445  58.66322148  43.42686272  58.13774166  47.19640012  44.47011401  45.58816401
