  2.55765457   2.55767248   2.55765458   2.55765457   2.55765457   2.55767990   2.55765460   2.55765475   2.55765509   2.55765463   2.55765857   2.55765493   2.55765457   2.55765457   2.55766369   2.55765550   2.55765507   2.55765457   2.55765459   2.55765459   2.55765467   2.55765457   2.55765457   2.55765480   2.55769631
  2.55765457   2.55765457   2.55765457   2.55765457   2.55765457   2.55765457   2.55765457   2.55765475   2.55765459   2.55765457   2.55765462   2.55765457   2.55765457   2.55765457   2.55765459   2.55765457   2.55765470   2.55765457   2.55765459   2.55765457   2.55765457   2.55765457   2.55765457   2.55765461   2.55765464
  2.55765457   2.55765457   2.55765457   2.55765457   2.55765457   2.55765457   2.55765457   2.55765457   2.55765457   2.55765457   2.55765457   2.55765457   2.55765457   2.55765457   2.55765457   2.55765457   2.55765470   2.55765457   2.55765457   2.55765457   2.55765457   2.55765457   2.55765457   2.55765457   2.55765457
  2.55765457   2.55765457   2.55765457   2.55765457   2.55765457   2.55765457   2.55765457   2.55765457   2.55765457   2.55765457   2.55765457   2.55765457   2.55765457   2.55765457   2.55765457   2.55765457   2.55765457   2.55765457   2.55765457   2.55765457   2.55765457   2.55765457   2.55765457   2.55765457   2.55765457
  2.55765457   2.55765457   2.55765457   2.55765457   2.55765457   2.55765457   2.55765457   2.55765457   2.55765457   2.55765457   2.55765457   2.55765457   2.55765457   2.55765457   2.55765457   2.55765457   2.55765457   2.55765457   2.55765457   2.55765457   2.55765457   2.55765457   2.55765457   2.55765457   2.55765457
  2.55765457   2.55765457   2.55765457   2.55765457   2.55765457   2.55765457   2.55765457   2.55765457   2.55765457   2.55765457   2.55765457   2.55765457   2.55765457   2.55765457   2.55765457   2.55765457   2.55765457   2.55765457   2.55765457   2.55765457   2.55765457   2.55765457   2.55765457   2.55765457   2.55765457
  2.55765457   2.55765457   2.55765457   2.55765457   2.55765457   2.55765457   2.55765457   2.55765457   2.55765457   2.55765457   2.55765457   2.55765457   2.55765457   2.55765457   2.55765457   2.55765457   2.55765457   2.55765457   2.55765457   2.55765457   2.55765457   2.55765457   2.55765457   2.55765457   2.55765457
  2.55765457   2.55765457   2.55765457   2.55765457   2.55765457   2.55765457   2.55765457   2.55765457   2.55765457   2.55765457   2.55765457   2.55765457   2.55765457   2.55765457   2.55765457   2.55765457   2.55765457   2.55765457   2.55765457   2.55765457   2.55765457   2.55765457   2.55765457   2.55765457   2.55765457
  2.55765457   2.55765457   2.55765457   2.55765457   2.55765457   2.55765457   2.55765457   2.55765457   2.55765457   2.55765457   2.55765457   2.55765457   2.55765457   2.55765457   2.55765457   2.55765457   2.55765457   2.55765457   2.55765457   2.55765457   2.55765457   2.55765457   2.55765457   2.55765457   2.55765457
  2.55765457   2.55765457   2.55765457   2.55765457   2.55765457   2.55765457   2.55765457   2.55765457   2.55765457   2.55765457   2.55765457   2.55765457   2.55765457   2.55765457   2.55765457   2.55765457   2.55765457   2.55765457   2.55765457   2.55765457   2.55765457   2.55765457   2.55765457   2.55765457   2.55765457
