  2.14001310   2.50352193   2.57550049   2.51223147   2.25031421   2.37569222   2.71740296   2.54988373   2.36615235   2.21620021   2.63632290   2.68815520   2.26435933   2.12170453   2.24638927   2.61893679   2.19313777   2.64941947   2.30969033   2.57002742   2.62385394   2.68285376   2.45227688   2.23493808   2.48279798
  2.47102295   2.44912014   2.30655212   2.10376260   2.25018399   2.60804767   2.66534589   2.64943795   2.36672397   2.21620021   2.63604955   2.68815520   2.26435933   2.12138156   2.41161712   2.45244388   2.02952684   2.64941947   2.30969033   2.28409100   2.14852287   2.61862317   2.74055257   2.23493808   2.45176148
  2.33758271   2.09212108   2.21883564   2.10376260   2.25018399   2.60856222   2.66534589   2.64943795   2.36654963   1.96303263   2.62835412   2.07167812   1.96986795   2.12138156   1.93216455   1.97418890   2.33008839   2.64941947   2.12213722   2.18980426   2.32684159   2.54017092   2.71886717   2.74079737   2.08691021
  2.33758271   2.09212108   2.21883564   2.10376260   2.25018399   2.60832785   2.66534589   2.64943795   2.36655880   1.96303263   2.62833274   2.07167812   1.96986795   2.12138156   1.93216455   1.97418890   2.33008839   2.48560346   2.12213722   2.18980426   2.32363563   2.54035081   2.71886717   2.74079737   2.08691021
  2.33758271   2.09212108   2.21883564   2.10376260   2.25018399   2.60832785   2.66534589   2.64943795   2.36656996   1.96303263   2.62758585   2.07167812   2.34159446   2.12138156   1.93216455   1.97418890   2.33008839   2.48560346   2.12213722   2.18980426   2.32408349   2.54044959   2.71886717   2.74079737   2.08691021
  2.33758271   2.09212108   2.21883564   2.10376260   2.25018399   2.60832785   2.66534589   2.64943795   2.36659155   1.96303263   2.62689075   2.07167812   2.34159446   2.12138156   1.93216455   1.97418890   2.33008839   2.48560346   2.12213722   2.18980426   2.31322437   2.54044259   2.71886717   2.74079737   2.08691021
  2.33758271   2.09212108   2.21883564   2.10376260   2.25018399   2.60832785   2.66534589   2.64943795   2.36662004   1.96303263   2.62637494   2.07167812   2.61487650   2.12138156   1.93216455   1.97418890   2.33008839   2.48560346   2.44734721   2.18980426   2.27214771   2.54052524   2.71886717   2.74079737   2.08691021
  2.33758271   2.09212108   2.21883564   2.10376260   2.25018399   2.60832785   2.66534589   2.64943795   2.36670739   1.96303263   2.62637366   2.07167812   2.35619404   2.12138156   1.93216455   1.97418890   2.33008839   2.48560346   2.27063333   2.18980426   2.27021875   2.54051875   2.71886717   2.74079737   2.08691021
  2.33758271   2.09212108   2.21883564   2.10376260   2.25018399   2.60832785   2.66534589   2.64943795   2.36670902   1.96303263   2.62637349   2.07167812   2.35619404   2.12138156   1.93216455   1.97418890   2.33008839   2.48560346   2.27063333   2.18980426   2.26184703   2.54052126   2.71886717   2.74079737   2.28768263
  2.33758271   2.09212108   2.21883564   2.10376260   2.25018399   2.60832785   2.66534589   2.64943795   2.36671938   1.96303263   2.62637040   2.07167812   2.35619404   2.12138156   1.93216455   1.97418890   2.33008839   2.48560346   2.27063333   2.17932069   2.26388102   2.54051646   2.71886717   2.74079737   2.28768263
