2964895.41733917 2964895.41733916 2964895.41733916 2964895.41733916 2964895.41733918 2964895.41733916 2964895.41733916 2964895.41733917 2964895.41735338 2964895.41733916 2964895.41733916 2964895.41733920 2966991.62218197 2964895.41739209 2964895.41733916 2964895.41733916 2964895.41733916 2964895.41733916 2964895.41733921 2964922.94447005 2964895.41733916 2964895.41734017 2964895.41733916 2964895.41733916 2964895.41733916
2964895.41733917 2964895.41733916 2964895.41733916 2964895.41733916 2964895.41733916 2964895.41733916 2964895.41733916 2964895.41733916 2964895.41733916 2964895.41733916 2964895.41733916 2964895.41733920 2964895.41733916 2964895.41739209 2964895.41733916 2964895.41733916 2964895.41733916 2964895.41733916 2964895.41733916 2964895.41733916 2964895.41733916 2964895.41733918 2964895.41733916 2964895.41733916 2964895.41733916
2964895.41733917 2964895.41733916 2964895.41733916 2964895.41733916 2964895.41733916 2964895.41733916 2964895.41733916 2964895.41733916 2964895.41733916 2964895.41733916 2964895.41733916 2964895.41733916 2964895.41733916 2964895.41733916 2964895.41733916 2964895.41733916 2964895.41733916 2964895.41733916 2964895.41733916 2964895.41733916 2964895.41733916 2964895.41733916 2964895.41733916 2964895.41733916 2964895.41733916
2964895.41733917 2964895.41733916 2964895.41733916 2964895.41733916 2964895.41733916 2964895.41733916 2964895.41733916 2964895.41733916 2964895.41733916 2964895.41733916 2964895.41733916 2964895.41733916 2964895.41733916 2964895.41733916 2964895.41733916 2964895.41733916 2964895.41733916 2964895.41733916 2964895.41733916 2964895.41733916 2964895.41733916 2964895.41733916 2964895.41733916 2964895.41733916 2964895.41733916
2964895.41733916 2964895.41733916 2964895.41733916 2964895.41733916 2964895.41733916 2964895.41733916 2964895.41733916 2964895.41733916 2964895.41733916 2964895.41733916 2964895.41733916 2964895.41733916 2964895.41733916 2964895.41733916 2964895.41733916 2964895.41733916 2964895.41733916 2964895.41733916 2964895.41733916 2964895.41733916 2964895.41733916 2964895.41733916 2964895.41733916 2964895.41733916 2964895.41733916
2964895.41733916 2964895.41733916 2964895.41733916 2964895.41733916 2964895.41733916 2964895.41733916 2964895.41733916 2964895.41733916 2964895.41733916 2964895.41733916 2964895.41733916 2964895.41733916 2964895.41733916 2964895.41733916 2964895.41733916 2964895.41733916 2964895.41733916 2964895.41733916 2964895.41733916 2964895.41733916 2964895.41733916 2964895.41733916 2964895.41733916 2964895.41733916 2964895.41733916
2964895.41733916 2964895.41733916 2964895.41733916 2964895.41733916 2964895.41733916 2964895.41733916 2964895.41733916 2964895.41733916 2964895.41733916 2964895.41733916 2964895.41733916 2964895.41733916 2964895.41733916 2964895.41733916 2964895.41733916 2964895.41733916 2964895.41733916 2964895.41733916 2964895.41733916 2964895.41733916 2964895.41733916 2964895.41733916 2964895.41733916 2964895.41733916 2964895.41733916
2964895.41733916 2964895.41733916 2964895.41733916 2964895.41733916 2964895.41733916 2964895.41733916 2964895.41733916 2964895.41733916 2964895.41733916 2964895.41733916 2964895.41733916 2964895.41733916 2964895.41733916 2964895.41733916 2964895.41733916 2964895.41733916 2964895.41733916 2964895.41733916 2964895.41733916 2964895.41733916 2964895.41733916 2964895.41733916 2964895.41733916 2964895.41733916 2964895.41733916
2964895.41733916 2964895.41733916 2964895.41733916 2964895.41733916 2964895.41733916 2964895.41733916 2964895.41733916 2964895.41733916 2964895.41733916 2964895.41733916 2964895.41733916 2964895.41733916 2964895.41733916 2964895.41733916 2964895.41733916 2964895.41733916 2964895.41733916 2964895.41733916 2964895.41733916 2964895.41733916 2964895.41733916 2964895.41733916 2964895.41733916 2964895.41733916 2964895.41733916
2964895.41733916 2964895.41733916 2964895.41733916 2964895.41733916 2964895.41733916 2964895.41733916 2964895.41733916 2964895.41733916 2964895.41733916 2964895.41733916 2964895.41733916 2964895.41733916 2964895.41733916 2964895.41733916 2964895.41733916 2964895.41733916 2964895.41733916 2964895.41733916 2964895.41733916 2964895.41733916 2964895.41733916 2964895.41733916 2964895.41733916 2964895.41733916 2964895.41733916
