 80.48857090 103.91422843 109.12000766  47.84609506  85.84246108  37.35828760 102.80386835  93.50917733  24.00074133  42.10488228 114.10696586  41.88574954   6.57596691  37.33091049  38.25514222  89.86847510 103.53914001  68.45269001  50.03801640  20.95805365  46.37438952  93.41741075  89.80324594  75.73024278  91.05673093
 69.07588048   0.24403932  51.06214716  56.21497347  84.30839888  38.71707949  95.29109913  45.42793849  75.14210548   0.09920133  20.42074876  29.01234799  76.41727545  23.48770729  35.15330993  34.05450837  30.92163848  63.47317993   0.15609516  70.45898189  60.76881540  93.41741075 101.07622214   2.38461482   0.15215079
 41.70669385   0.24403932  51.06214716  40.26821739   0.44735787  70.22313521  95.29109913  23.32218105  47.61422856   0.09920133  53.19332345  29.01234799  76.41727545  23.48770729  25.31800452  34.05450837  30.92163848  38.72946056   0.15609516   0.19465429   0.19479384  82.94808657  99.82040591   2.38461482   0.15215079
 33.85793523   0.24403932  51.06214716   0.12419012   0.44735787  31.14429810  95.29109913   0.19254636  47.61422856   0.09920133  43.16040435  44.51922089  76.41727545  23.48770729   0.14286847  34.05450837   0.18127052  38.72946056   0.15609516   0.19465429   0.08250691   0.19161205  35.61741333  56.27180884   0.15215079
 33.85793523   0.24403932  51.06214716   0.12419012   0.44735787  31.14429810  95.29109913   0.19254636  47.61422856   0.09920133  43.16040435  29.29007114  76.41727545  23.48770729   0.14286847  34.05450837   0.18127052  38.72946056   0.15609516   0.19465429   0.08250691   0.19161205  31.36346269  23.67367287   0.15215079
 33.85793523   0.24403932  51.06214716   0.12419012   0.44735787  31.14429810  95.29109913   0.19254636  47.61422856   0.09920133  43.16040435   0.10260910  76.41727545  23.48770729   0.14286847  34.05450837   0.18127052  38.72946056   0.15609516  48.97682644   0.08250691   0.19161205  31.36346269  23.67367287   0.15215079
 33.85793523   0.24403932  51.06214716   0.12419012   0.44735787  31.14429810  95.29109913   0.19254636  47.61422856   0.09920133  43.16040435   0.10260910  76.41727545  23.48770729   0.14286847  34.05450837   0.18127052  38.72946056   0.15609516   0.10244032   0.08250691   0.19161205  31.36346269  23.67367287   0.15215079
 33.85793523   0.24403932  51.06214716   0.12419012   0.44735787  31.14429810  95.29109913   0.19254636  47.61422856   0.09920133  43.16040435   0.10260910  76.41727545  23.48770729   0.14286847  34.05450837   0.18127052  38.72946056   0.15609516   0.10244032   0.08250691   0.19161205  31.36346269  23.67367287   0.15215079
 33.85793523   0.24403932  51.06214716   0.12419012   0.44735787  31.14429810  95.29109913   0.19254636  47.61422856   0.09920133  43.16040435   0.10260910  76.41727545  23.48770729   0.14286847  34.05450837   0.18127052  38.72946056   0.15609516   0.10244032   0.08250691   0.19161205  31.36346269  23.67367287   0.15215079
 33.85793523   0.24403932  51.06214716   0.12419012   0.44735787  31.14429810  95.29109913   0.19254636  47.61422856   0.09920133  43.16040435   0.10260910  76.41727545  23.48770729   0.14286847  34.05450837   0.18127052  38.72946056   0.15609516   0.10244032   0.08250691   0.19161205  31.36346269  23.67367287   0.15215079
