6812.15012005 3539.77482337 5532.50299552 6807.97280558 11102.92181298 4840.98247852 7193.11108922 6130.98287899 9109.87513988 4910.66742160 7414.23255777 5250.60054716 4707.21722865 5238.52434872 5656.55133322 5877.54679690 5653.11527722 5925.61791097 4204.58216847 5013.06653104 5448.97548086 4922.12218556 6835.83759539 4863.79978000 5001.37538033
6774.66630477 3501.12859994 6628.11895384 6697.29536456 11141.94656510 4830.63285905 7224.83477415 6107.85211189 9051.92560796 4866.90530681 7430.44147459 5406.57046645 4937.77661028 5327.31938452 5682.77552708 6229.60731176 5667.44093214 5799.00793352 4206.15260552 5076.41496456 5615.60015739 4960.78230975 6861.22263481 5361.09706260 4961.33700031
6504.13019360 3490.71826320 6581.88328664 6701.13910245 11237.28774059 4828.94982002 7227.08097167 6141.57968103 9164.78133044 4872.19917107 7490.77634558 5642.96201749 4885.61178617 5417.18862304 5648.14330555 6264.43257283 5710.44968659 5738.33757606 4221.89664177 5698.74227252 5545.70973020 4997.10500631 6915.95442860 5353.27468644 4961.33700031
6983.41352395 3489.03184398 6662.35106267 6786.43016232 11230.45556845 4823.47753511 7260.32499865 6156.93251983 9162.90870003 4937.59193532 7496.33347972 5681.30218651 4936.58733182 5331.51443158 5618.64793908 6272.58419945 5724.88440633 5713.90751585 4241.65587049 5762.23177009 5547.00256536 5005.31764881 6902.79518135 5568.30515814 4961.33700031
6908.48024616 3489.03184398 6803.98229263 6793.68502476 11140.37786600 4823.43771085 7263.77747252 6172.91104018 9158.74789849 4956.80860902 7525.55713673 5686.96702335 4956.34743556 5305.49042657 5635.68024684 6273.34826110 5783.05392392 5717.10437952 4353.19366108 5810.73121919 5546.24222509 5083.78188969 6900.64106385 5583.98381040 6695.33346872
6720.76419397 12815.20321793 6803.98229263 6848.09899639 11101.06872422 6496.86865757 7264.81643621 6184.05157153 9108.79235760 4958.66564706 7544.14288860 5687.88415422 4955.56506765 5266.82296480 5635.68024684 6283.46754723 5780.54149147 5721.42563482 4335.81812575 5815.73085416 5546.61973698 5088.69333079 6900.64106385 5664.48623315 6851.81392989
6673.37185227 12720.27065242 6803.98229263 7126.54594076 11101.06872422 6480.79961391 7264.81643621 6222.72819303 9076.32905743 5036.66453221 7514.68831534 5690.78996069 4954.11235264 5260.38714356 5635.68024684 6275.27221423 5781.28894886 5724.77253223 4332.14843328 5833.18644993 5546.61973698 5088.79678185 10726.13118046 5672.96571951 6901.71050047
6663.27991819 12669.28073047 6803.98229263 7137.80587157 11544.19370376 7952.24551744 7264.81643621 6252.94263654 9079.99230110 5037.33104416 7543.45144005 5690.78996069 4954.10336517 5241.40163959 5635.68024684 6226.84132452 5814.44274296 5731.07843252 4317.73814834 5887.28120772 5899.79993749 6992.92097282 10694.60852973 5732.08833727 6900.29441777
6650.67848769 12547.98636915 9183.87515784 7150.44166780 11699.13638162 8027.49784765 6582.61530718 6289.60111195 9086.32487379 5048.19895234 7569.54188773 5690.78996069 4954.10336517 5241.40163959 5635.68024684 6188.74995692 5820.05017526 5735.46839357 4304.03525827 5890.47948855 5936.98825237 6964.80568444 10706.73363351 5746.73226271 6900.22328848
6619.44517131 12374.50584253 9765.42750489 7172.96180169 12383.67809971 8198.39640605 6592.97256220 6312.35604842 9104.60588727 5054.29636223 7590.69071783 10173.80817243 4954.10336517 5241.40163959 5635.68024684 6149.50751302 5820.05017526 5774.58187138 4247.03197539 5917.98620659 6828.48752011 6970.36817467 10713.45932901 5765.62626604 6910.18874845
