  0.01477618   0.01025748   0.63226045   0.01064831   0.00987517   0.00752308   0.00829177   0.00716747   0.00719516   0.00803390   0.01121473   0.01327359   0.04241313   0.01050239   0.00918642   0.00988081   0.00638662   0.01250623   0.01268549   0.01331311   0.01185825   0.00924638   0.01006657   0.06531582   0.01258738
  0.01327430   0.00889278   0.00801371   0.00614656   0.00851196   0.00722431   0.00702055   0.00681567   0.00601993   0.00642552   0.01088674   0.00888127   0.00733935   0.00744398   0.00801339   0.00582423   0.00620320   0.00939975   0.01176245   0.01276572   0.00810271   0.00894097   0.00924631   0.00665186   0.00991185
  0.00759958   0.00880354   0.00650138   0.00580823   0.00703756   0.00705467   0.00694320   0.00580338   0.00568050   0.00616441   0.01052216   0.00494714   0.00625925   0.00618412   0.00706256   0.00427647   0.00577042   0.00789601   0.01027744   0.00481166   0.00710808   0.00859978   0.00868592   0.00627192   0.00991185
  0.00361257   0.00875303   0.00517367   0.00531917   0.00694869   0.00686115   0.00663264   0.00516630   0.00554463   0.00525460   0.01047225   0.00460150   0.00467057   0.00521543   0.00624539   0.00421148   0.00554533   0.00703563   0.00938650   0.00382473   0.00702293   0.00851906   0.00860204   0.00536762   0.00991185
  0.00314786   0.00875303   0.00399984   0.00525038   0.00668233   0.00685813   0.00659622   0.00469523   0.00550574   0.00495349   0.01016675   0.00418273   0.00454508   0.00497593   0.00574540   0.00418140   0.00524533   0.00691745   0.00806163   0.00346803   0.00686426   0.00807090   0.00858795   0.00515730   0.00557424
  0.00246792   0.00484315   0.00399984   0.00510383   0.00655461   0.00616945   0.00658506   0.00427282   0.00539673   0.00454620   0.00983648   0.00403752   0.00448523   0.00467657   0.00574540   0.00408921   0.00506224   0.00683923   0.00793519   0.00341282   0.00684568   0.00782128   0.00858795   0.00473767   0.00152284
  0.00209265   0.00342489   0.00399984   0.00439993   0.00655461   0.00527901   0.00658506   0.00392234   0.00528437   0.00438520   0.00865872   0.00392135   0.00447718   0.00452477   0.00574540   0.00405307   0.00502821   0.00682439   0.00792124   0.00337839   0.00684568   0.00781927   0.00608812   0.00441732   0.00125281
  0.00205485   0.00318891   0.00399984   0.00412305   0.00510557   0.00221361   0.00658506   0.00385521   0.00523927   0.00434399   0.00831669   0.00392135   0.00447689   0.00449165   0.00574540   0.00386583   0.00474530   0.00679898   0.00785911   0.00324387   0.00412978   0.00347420   0.00556513   0.00428582   0.00116650
  0.00197923   0.00286669   0.00357776   0.00410312   0.00451796   0.00207065   0.00624804   0.00380498   0.00522381   0.00426694   0.00812058   0.00392135   0.00447689   0.00449165   0.00574540   0.00376943   0.00471107   0.00676937   0.00778134   0.00317972   0.00347791   0.00318748   0.00525724   0.00421760   0.00113625
  0.00184148   0.00255216   0.00222524   0.00407264   0.00325867   0.00178837   0.00512004   0.00375465   0.00516216   0.00424937   0.00756966   0.00378591   0.00447689   0.00449165   0.00574540   0.00365691   0.00471107   0.00669185   0.00754811   0.00312695   0.00145403   0.00287605   0.00509727   0.00418265   0.00109855
