  0.01714580   0.02248051   0.01405516   0.02416717   0.01541759   0.01667502   0.01946004   0.01282608   0.02221394   0.02230291   0.02073893   0.01995549   0.02033674   0.08302114   0.01787861   0.01600271   0.02798356   0.03209252   0.02114403   0.02171428   0.02383933   0.01815414   0.01652247   0.02340936   0.01539441
  0.01650214   0.01680129   0.01370195   0.02096942   0.01173111   0.00822003   0.01528886   0.01212035   0.01267329   0.01866874   0.01274161   0.01628083   0.01439210   0.02951756   0.01498956   0.01576289   0.02577054   0.01232172   0.01344764   0.01163742   0.01835752   0.01638371   0.01390082   0.01660694   0.01532973
  0.01594488   0.01231754   0.01248986   0.02043496   0.01044438   0.00690352   0.01364792   0.01170095   0.01159654   0.01494696   0.01088522   0.01575061   0.01053763   0.01409128   0.01126398   0.01432860   0.01958681   0.01095545   0.01181484   0.01134979   0.01713646   0.01409052   0.01246488   0.01319919   0.00715052
  0.01593529   0.01123490   0.01181451   0.02003520   0.01000443   0.00625055   0.01113875   0.01124957   0.01152754   0.01380662   0.01056008   0.01369136   0.00972947   0.00650530   0.01071750   0.01359860   0.01728135   0.01038886   0.01157780   0.01134979   0.01672090   0.01158997   0.01144771   0.01141120   0.00517016
  0.01593529   0.00895236   0.01118036   0.01844745   0.00973531   0.00574785   0.01014723   0.01088620   0.01130457   0.01283706   0.01049813   0.01353840   0.00888533   0.00594017   0.01056534   0.01250856   0.01642572   0.00922930   0.01112895   0.00987458   0.01579689   0.01020737   0.01090326   0.01032374   0.00449114
  0.01239088   0.00798470   0.01058684   0.01813758   0.00960802   0.00548419   0.01014723   0.01072957   0.01082160   0.01183080   0.01038755   0.01353840   0.00872705   0.00594017   0.01032963   0.01218397   0.01546210   0.00865836   0.01099357   0.00819938   0.01579689   0.00885213   0.01082177   0.00965219   0.00405325
  0.00980650   0.00723478   0.01010939   0.01667199   0.00951289   0.00481494   0.01014723   0.01065976   0.01003396   0.01162322   0.01021776   0.00994039   0.00867833   0.00594017   0.00914109   0.01218397   0.01453723   0.00825570   0.01097463   0.00622968   0.00970890   0.00814378   0.01033881   0.00965219   0.00390621
  0.00590073   0.00707520   0.00996615   0.01483397   0.00942163   0.00459849   0.00868476   0.01036636   0.00989866   0.01160259   0.01017208   0.00752579   0.00856859   0.00594017   0.00905385   0.01218397   0.01429054   0.00805476   0.01096382   0.00503403   0.00831792   0.00810674   0.01018035   0.00965219   0.00389743
  0.00445943   0.00701887   0.00956178   0.01366884   0.00942163   0.00438196   0.00832253   0.01009934   0.00984077   0.01064124   0.00997596   0.00468727   0.00845266   0.00594017   0.00887801   0.01197458   0.01405471   0.00723161   0.01095883   0.00292640   0.00723335   0.00784091   0.00974326   0.00934797   0.00389743
  0.00432170   0.00669898   0.00952009   0.01161926   0.00942163   0.00415671   0.00743176   0.00982301   0.00978119   0.00679367   0.00980883   0.00336068   0.00844349   0.00594017   0.00883029   0.00977508   0.01395179   0.00705943   0.01095288   0.00284575   0.00505471   0.00779566   0.00953372   0.00796372   0.00389743
