  1.28400622   0.49074648   0.46991898   0.92258876   1.09277558   0.78328164   0.98122081   2.32180711   1.27653663   0.65932368   1.76665742   1.28380829   0.96783621   3.12397489   1.99903174   1.10864121   1.37572024   0.94732318   1.03577323   0.99053748   0.65749518   3.21870600   3.12479811   1.28527030   2.11827239
  0.00005912   0.49074648   0.00000000   0.00000000   0.00000000   0.00000000   0.00000000   1.57115040   0.59381254   0.25279994   0.00205881   0.39125279   0.00000000   1.00939926   1.25768643   0.00000000   0.00000000   0.00000000   0.00000000   0.00000000   0.00000000   2.02856571   0.00000000   0.00000000   0.00000000
  0.00005912   0.00000000   0.00000000   0.00000000   0.00000000   0.00000000   0.00000000   0.20370118   0.00000000   0.00000000   0.00000000   0.00380982   0.00000000   0.00000000   0.00000000   0.00000000   0.00000000   0.00000000   0.00000000   0.00000000   0.00000000   1.84149293   0.00000000   0.00000000   0.00000000
  0.00005912   0.00000000   0.00000000   0.00000000   0.00000000   0.00000000   0.00000000   0.00000000   0.00000000   0.00000000   0.00000000   0.00000000   0.00000000   0.00000000   0.00000000   0.00000000   0.00000000   0.00000000   0.00000000   0.00000000   0.00000000   1.81213167   0.00000000   0.00000000   0.00000000
  0.00005912   0.00000000   0.00000000   0.00000000   0.00000000   0.00000000   0.00000000   0.00000000   0.00000000   0.00000000   0.00000000   0.00000000   0.00000000   0.00000000   0.00000000   0.00000000   0.00000000   0.00000000   0.00000000   0.00000000   0.00000000   1.80282152   0.00000000   0.00000000   0.00000000
  0.00000000   0.00000000   0.00000000   0.00000000   0.00000000   0.00000000   0.00000000   0.00000000   0.00000000   0.00000000   0.00000000   0.00000000   0.00000000   0.00000000   0.00000000   0.00000000   0.00000000   0.00000000   0.00000000   0.00000000   0.00000000   1.79367577   0.00000000   0.00000000   0.00000000
  0.00000000   0.00000000   0.00000000   0.00000000   0.00000000   0.00000000   0.00000000   0.00000000   0.00000000   0.00000000   0.00000000   0.00000000   0.00000000   0.00000000   0.00000000   0.00000000   0.00000000   0.00000000   0.00000000   0.00000000   0.00000000   1.79258783   0.00000000   0.00000000   0.00000000
  0.00000000   0.00000000   0.00000000   0.00000000   0.00000000   0.00000000   0.00000000   0.00000000   0.00000000   0.00000000   0.00000000   0.00000000   0.00000000   0.00000000   0.00000000   0.00000000   0.00000000   0.00000000   0.00000000   0.00000000   0.00000000   1.79228903   0.00000000   0.00000000   0.00000000
  0.00000000   0.00000000   0.00000000   0.00000000   0.00000000   0.00000000   0.00000000   0.00000000   0.00000000   0.00000000   0.00000000   0.00000000   0.00000000   0.00000000   0.00000000   0.00000000   0.00000000   0.00000000   0.00000000   0.00000000   0.00000000   1.79217985   0.00000000   0.00000000   0.00000000
  0.00000000   0.00000000   0.00000000   0.00000000   0.00000000   0.00000000   0.00000000   0.00000000   0.00000000   0.00000000   0.00000000   0.00000000   0.00000000   0.00000000   0.00000000   0.00000000   0.00000000   0.00000000   0.00000000   0.00000000   0.00000000   1.79212773   0.00000000   0.00000000   0.00000000
