   4.9502008e+03   5.0692270e+03   4.7780128e+03   4.5907673e+03   5.2070664e+03   4.8545424e+03   5.0209408e+03   4.7654962e+03   5.1339984e+03   4.5901002e+03   4.9361762e+03   4.5792654e+03   5.0966680e+03   4.7926329e+03   4.9482495e+03   4.0088331e+03   4.6155722e+03   4.7094860e+03   5.1803976e+03   5.0948946e+03   4.8471063e+03   5.3933982e+03   4.7266687e+03   5.3842091e+03   4.1919543e+03   4.9644378e+03   5.1075913e+03   5.1686654e+03   4.8360709e+03   4.9239980e+03
   4.9502008e+03   5.0692270e+03   4.7780128e+03   4.5907673e+03   5.2070664e+03   4.8545424e+03   5.0209408e+03   4.7654962e+03   5.1339984e+03   4.5901002e+03   4.9361762e+03   4.5792654e+03   5.0966680e+03   4.7926329e+03   4.9482495e+03   4.0088331e+03   4.6155722e+03   4.7094860e+03   5.1803976e+03   5.0948946e+03   4.8471063e+03   5.3933982e+03   4.7266687e+03   5.3842091e+03   4.1919543e+03   4.9644378e+03   5.1075913e+03   5.1686654e+03   4.8360709e+03   4.9239980e+03
   4.9502008e+03   5.0692270e+03   4.5119628e+03   4.5907673e+03   5.2070664e+03   4.8545424e+03   5.0209408e+03   4.7654962e+03   5.0210559e+03   4.3163333e+03   4.9126373e+03   4.5792654e+03   5.0157568e+03   4.7926329e+03   4.9482495e+03   4.0088331e+03   4.5259845e+03   4.7094860e+03   4.7317131e+03   5.0930178e+03   4.7835082e+03   5.3933982e+03   4.7266687e+03   5.1657769e+03   4.1919543e+03   4.9555933e+03   5.1075913e+03   4.8306997e+03   4.5265989e+03   4.6340567e+03
   4.8276000e+03   4.7549006e+03   4.4427082e+03   4.5358174e+03   4.8377971e+03   4.5634499e+03   4.3801385e+03   4.6215313e+03   4.3636132e+03   4.1320647e+03   4.4586141e+03   4.5792654e+03   4.5051305e+03   4.7649704e+03   4.6012297e+03   4.0088331e+03   4.5259845e+03   4.7094860e+03   4.5896383e+03   4.8658948e+03   4.7304139e+03   5.0142162e+03   4.7266687e+03   4.8115497e+03   3.7980440e+03   4.5089583e+03   4.6941066e+03   4.7384232e+03   4.3466833e+03   4.1009768e+03
   4.4296487e+03   4.6808344e+03   4.4427082e+03   4.2892274e+03   4.8377971e+03   4.4854396e+03   4.3497155e+03   4.6215313e+03   4.2954794e+03   4.1320647e+03   4.4586141e+03   4.5792654e+03   4.5051305e+03   4.6936958e+03   4.5769704e+03   3.9374495e+03   4.3869466e+03   4.3323640e+03   4.5552663e+03   4.7615510e+03   4.2004862e+03   4.6451909e+03   4.7266687e+03   4.6945987e+03   3.6406162e+03   4.3258418e+03   4.6151535e+03   4.7384232e+03   4.3431035e+03   4.1009768e+03
   4.2270325e+03   4.4309720e+03   4.1147601e+03   4.1698218e+03   4.3612147e+03   3.9055207e+03   4.1354062e+03   4.3218926e+03   3.7359439e+03   3.6800432e+03   4.3082067e+03   4.1362811e+03   3.0379934e+03   3.8929572e+03   3.9055816e+03   3.6292434e+03   3.8993891e+03   4.2920696e+03   4.2371481e+03   3.9366196e+03   3.3092963e+03   4.0944386e+03   3.7195257e+03   4.3786977e+03   3.4063547e+03   3.9753611e+03   3.7060018e+03   4.1682566e+03   3.9865169e+03   3.9340821e+03
   3.7423431e+03   3.4773208e+03   3.6405812e+03   3.3325398e+03   3.6948965e+03   3.5445948e+03   3.5233465e+03   3.5449299e+03   3.7359439e+03   3.2225704e+03   3.7235570e+03   3.8765443e+03   3.0379934e+03   3.6717027e+03   3.6106761e+03   3.4551848e+03   3.3944026e+03   3.7555396e+03   3.2756324e+03   3.7832572e+03   3.3074781e+03   3.7185193e+03   3.7195257e+03   3.6261872e+03   3.3250781e+03   3.4992314e+03   3.3087678e+03   3.3945055e+03   3.5433269e+03   3.6906579e+03
   2.9955795e+03   2.6176742e+03   3.0180940e+03   2.9462256e+03   3.2690522e+03   2.9404371e+03   3.0436320e+03   3.0839651e+03   3.1036050e+03   2.8343150e+03   3.0534441e+03   3.0226208e+03   2.7210634e+03   2.8754297e+03   3.0735317e+03   3.2621926e+03   2.6031092e+03   2.9045642e+03   3.0714196e+03   3.1065721e+03   2.6125521e+03   3.0289108e+03   2.9670779e+03   2.8248156e+03   3.1490915e+03   2.8419972e+03   2.9439429e+03   2.9629253e+03   2.7619278e+03   3.0628371e+03
   2.3091132e+03   2.0003453e+03   2.3151189e+03   2.1699615e+03   2.3304528e+03   2.0828308e+03   2.3501466e+03   2.1787001e+03   2.1331401e+03   2.2923307e+03   2.3115497e+03   2.1814268e+03   2.2759258e+03   2.2883616e+03   2.2657361e+03   2.4747823e+03   2.1564448e+03   2.1664034e+03   2.2595976e+03   2.3170741e+03   2.2181604e+03   2.5237144e+03   2.3296972e+03   2.1614071e+03   2.3801840e+03   2.3634126e+03   2.2698299e+03   2.2070764e+03   2.1326393e+03   2.4022749e+03
   1.4108864e+03   1.2449193e+03   1.5703047e+03   1.5482461e+03   1.2771846e+03   1.4449536e+03   1.4668683e+03   1.3419155e+03   1.2566922e+03   1.2424281e+03   1.5625431e+03   1.5688774e+03   1.5282928e+03   1.4197763e+03   1.2657532e+03   1.2881197e+03   1.7638110e+03   1.3657055e+03   1.5904981e+03   1.6119443e+03   1.5661594e+03   1.6668451e+03   1.4928707e+03   1.4951521e+03   1.6836954e+03   1.5168315e+03   1.6206917e+03   1.5316582e+03   1.4344448e+03   1.7555152e+03
   6.7765609e+02   9.1339670e+02   8.3383334e+02   1.0017368e+03   9.1153088e+02   7.4614585e+02   8.2195298e+02   1.0079790e+03   9.1381815e+02   7.8955612e+02   8.1877855e+02   1.0593059e+03   8.5546074e+02   8.7659598e+02   8.6163314e+02   5.8781602e+02   9.9314789e+02   9.6017301e+02   7.7825918e+02   9.1912287e+02   1.0213471e+03   1.0634742e+03   9.4878160e+02   8.7390911e+02   9.6269647e+02   1.0534953e+03   9.4409085e+02   9.0286148e+02   1.0368389e+03   1.0149816e+03
   4.4891725e+02   4.0194283e+02   4.8380096e+02   3.6863430e+02   4.1760947e+02   5.3026645e+02   4.1301692e+02   4.3773020e+02   4.5677872e+02   4.4378026e+02   4.1101526e+02   3.4303289e+02   2.9340458e+02   4.7864549e+02   2.7139898e+02   3.7406683e+02   3.7162722e+02   4.9740262e+02   6.2001997e+02   4.0600425e+02   5.1835374e+02   6.0354223e+02   4.4447160e+02   4.6122019e+02   4.8294749e+02   3.3218047e+02   3.1133487e+02   4.2369289e+02   5.8410183e+02   5.5276616e+02
   1.5914327e+02   1.6624307e+02   2.1520374e+02   1.3097605e+02   2.0391921e+02   1.8008701e+02   1.9794537e+02   1.9078454e+02   1.4529875e+02   1.2712622e+02   1.4271489e+02   2.6436400e+02   1.3814584e+02   1.3787870e+02   1.5594976e+02   1.9127246e+02   1.1360825e+02   2.3409445e+02   2.2394429e+02   1.3439753e+02   1.3118218e+02   2.6298229e+02   2.1167574e+02   2.7772584e+02   2.4638495e+02   9.1008415e+01   1.5758226e+02   6.5617064e+01   1.5230186e+02   1.7834258e+02
   8.9732863e+01   7.1071695e+01   1.2105459e+02   6.0220101e+01   7.5276736e+01   6.4187586e+01   8.0234577e+01   4.1583260e+01   6.4240962e+01   3.7224627e+01   5.0603842e+01   7.5466889e+01   3.8970849e+01   6.1897678e+01   9.7427548e+01   9.6373929e+01   6.4147157e+01   8.5292705e+01   6.5537704e+01   7.2244485e+01   3.7927365e+01   9.5649815e+01   1.6183870e+02   1.0537582e+02   6.3284326e+01   7.3404121e+01   5.6104478e+01   4.5644154e+01   5.9188313e+01   5.4531954e+01
   2.1992947e+01   1.2933120e+01   3.6896017e+01   2.6729297e+01   3.1684540e+01   1.9249259e+01   2.8472472e+01   2.4602428e+01   1.8467109e+01   1.8015575e+01   1.9526346e+01   1.1368369e+01   1.8661508e+01   3.7383422e+01   2.3303164e+01   1.7542064e+01   2.1416165e+01   2.8158139e+01   3.4185095e+01   1.7303318e+01   2.1616205e+01   1.4070358e+01   3.9776367e+01   2.7019316e+01   2.5973196e+01   3.1506440e+01   2.4177611e+01   2.0672383e+01   1.6686562e+01   1.5760297e+01
   9.3685374e-02   1.8012334e+00   1.8949187e+00   9.3685374e-02   1.7075480e+00   3.1228458e-02   1.2491383e-01   2.1859921e-01   1.2491383e-01   1.7387765e+00   1.8737075e-01   1.2491383e-01   1.2491383e-01   1.2491383e-01   2.4982766e-01   6.2456916e-02   9.6960971e-02   1.7700049e+00   3.1228458e-02   1.2491383e-01   1.8737075e-01   9.3685374e-02   9.3685374e-02   1.5614229e-01   1.5614229e-01   2.1859921e-01   1.7700049e+00   1.7700049e+00   1.2491383e-01   9.3685374e-02
