   2.3524246e-01   2.3524246e-01   2.3524246e-01   2.3524246e-01   2.3524246e-01   2.3524246e-01   2.3524246e-01   2.3524246e-01   2.3524246e-01   2.3524246e-01   2.3524246e-01   2.3524246e-01   2.3524246e-01   2.3524246e-01   2.3524246e-01   2.3524246e-01   2.3524246e-01   2.3524246e-01   2.3524246e-01   2.3524246e-01   2.3524246e-01   2.3524246e-01   2.3524246e-01   2.3524246e-01   2.3524246e-01
   2.3524246e-01   2.3524246e-01   2.3524246e-01   2.3524246e-01   2.3524246e-01   2.3524246e-01   2.3524246e-01   2.3524246e-01   2.3524246e-01   2.3524246e-01   2.3524246e-01   2.3524246e-01   2.3524246e-01   2.3524246e-01   2.3524246e-01   2.3524246e-01   2.3524246e-01   2.3524246e-01   2.3524246e-01   2.3524246e-01   2.3524246e-01   2.3524246e-01   2.3524246e-01   2.3524246e-01   2.3524246e-01
   2.3524246e-01   2.3524246e-01   2.3524246e-01   2.3524246e-01   2.3524246e-01   2.3524246e-01   2.3524246e-01   2.3524246e-01   2.3524246e-01   2.3524246e-01   2.3524246e-01   2.3524246e-01   2.3524246e-01   2.3524246e-01   2.3524246e-01   2.3524246e-01   2.3524246e-01   2.3524246e-01   2.3524246e-01   2.3524246e-01   2.3524246e-01   2.3524246e-01   2.3524246e-01   2.3524246e-01   2.3524246e-01
   2.3524246e-01   2.3524246e-01   2.3524246e-01   2.3524246e-01   2.3524246e-01   2.3524246e-01   2.3524246e-01   2.3524246e-01   2.3524246e-01   2.3524246e-01   2.3524246e-01   2.3524246e-01   2.3524246e-01   2.3524246e-01   2.3524246e-01   2.3524246e-01   2.3524246e-01   2.3524246e-01   2.3524246e-01   2.3524246e-01   2.3524246e-01   2.3524246e-01   2.3524246e-01   2.3524246e-01   2.3524246e-01
   2.3524246e-01   2.3524246e-01   2.3524246e-01   2.3524246e-01   2.3524246e-01   2.3524246e-01   2.3524246e-01   2.3524246e-01   2.3524246e-01   2.3524246e-01   2.3524246e-01   2.3524246e-01   2.3524246e-01   2.3524246e-01   2.3524246e-01   2.3524246e-01   2.3524246e-01   2.3524246e-01   2.3524246e-01   2.3524246e-01   2.3524246e-01   2.3524246e-01   2.3524246e-01   2.3524246e-01   2.3524246e-01
   2.3524246e-01   2.3524246e-01   2.3524246e-01   2.3524246e-01   2.3524246e-01   2.3524246e-01   2.3524246e-01   2.3524246e-01   2.3524246e-01   2.3524246e-01   2.3524246e-01   2.3524246e-01   2.3524246e-01   2.3524246e-01   2.3524246e-01   2.3524246e-01   2.3524246e-01   2.3524246e-01   2.3524246e-01   2.3524246e-01   2.3524246e-01   2.3524246e-01   2.3524246e-01   2.3524246e-01   2.3524246e-01
   2.3524246e-01   2.3524246e-01   2.3524246e-01   2.3524246e-01   2.3524246e-01   2.3524246e-01   2.3524246e-01   2.3524246e-01   2.3524246e-01   2.3524246e-01   2.3524246e-01   2.3524246e-01   2.3524246e-01   2.3524246e-01   2.3524246e-01   2.3524246e-01   2.3524246e-01   2.3524246e-01   2.3524246e-01   2.3524246e-01   2.3524246e-01   2.3524246e-01   2.3524246e-01   2.3524246e-01   2.3524246e-01
   2.3524246e-01   2.3524246e-01   2.3524246e-01   2.3524246e-01   2.3524246e-01   2.3524246e-01   2.3524246e-01   2.3524246e-01   2.3524246e-01   2.3524246e-01   2.3524246e-01   2.3524246e-01   2.3524246e-01   2.3524246e-01   2.3524246e-01   2.3524246e-01   2.3524246e-01   2.3524246e-01   2.3524246e-01   2.3524246e-01   2.3524246e-01   2.3524246e-01   2.3524246e-01   2.3524246e-01   2.3524246e-01
   2.3524246e-01   2.3524246e-01   2.3524246e-01   2.3524246e-01   2.3524246e-01   2.3524246e-01   2.3524246e-01   2.3524246e-01   2.3524246e-01   2.3524246e-01   2.3524246e-01   2.3524246e-01   2.3524246e-01   2.3524246e-01   2.3524246e-01   2.3524246e-01   2.3524246e-01   2.3524246e-01   2.3524246e-01   2.3524246e-01   2.3524246e-01   2.3524246e-01   2.3524246e-01   2.3524246e-01   2.3524246e-01
   2.3524246e-01   2.3524246e-01   2.3524246e-01   2.3524246e-01   2.3524246e-01   2.3524246e-01   2.3524246e-01   2.3524246e-01   2.3524246e-01   2.3524246e-01   2.3524246e-01   2.3524246e-01   2.3524246e-01   2.3524246e-01   2.3524246e-01   2.3524246e-01   2.3524246e-01   2.3524246e-01   2.3524246e-01   2.3524246e-01   2.3524246e-01   2.3524246e-01   2.3524246e-01   2.3524246e-01   2.3524246e-01
