  -2.1264075e+03  -1.3455861e+03  -2.9138322e+03  -2.2977386e+03  -2.0445122e+03  -1.4926932e+03  -2.3339390e+03  -2.4937777e+03  -1.1161549e+03  -2.1597767e+03  -2.2441939e+03  -2.2440962e+03  -8.9618277e+02  -2.6653305e+03  -1.5744587e+03  -2.4895249e+03  -1.8170963e+03  -2.6388666e+03  -2.2182200e+03  -2.7473457e+03  -1.6674730e+03  -2.8836849e+03  -3.6625657e+02  -1.4378375e+03  -1.2126613e+02
  -6.3330598e+02  -3.1426536e+02  -2.9440058e+02  -6.7908673e+02   3.1160302e+02   1.7516658e+02  -4.5139675e+02   1.0727092e+02  -6.7399612e+02  -6.6224912e+02  -6.0536975e+02  -3.9024366e+02  -4.0593592e+02  -1.1427795e+02  -6.8890513e+01   2.8564554e+01  -6.7267619e+02  -4.7067614e+02  -2.2721559e+02  -2.9787427e+02  -7.1753613e+02  -1.3022363e+02  -6.8116841e+02   8.5347534e+01  -5.8201837e+02
  -2.9249792e+02  -3.1986400e+02  -2.7001196e+02  -2.6554476e+02  -2.3390201e+02   2.3290971e+02  -3.1548084e+02  -2.5678520e+02   4.0162474e+01  -4.8821351e+02  -2.7435451e+02  -6.0468786e+02  -9.0466345e+01   1.6383189e+02  -2.3662602e+02  -2.5356546e+02  -2.4180049e+02  -3.0808870e+02  -1.3215867e+02   3.3774249e+01  -2.3366066e+02  -1.0825655e+01  -4.5685241e+01  -3.3813250e+02  -3.4790833e+02
  -1.0466617e+02   3.9288010e+01  -1.5778960e+02   7.5535400e-01  -1.7612302e+02  -6.8500696e+01  -1.8019995e+02  -1.4373910e+02  -2.8754897e+02  -1.1428988e+02  -1.4309802e+02   1.0728024e+00  -3.2743467e+02   1.6383189e+02   6.9756280e+01   4.0480331e+01  -1.6540277e+02  -1.5870446e+02  -8.7896225e+01   3.3774249e+01  -2.9167562e+02  -1.9879263e+02  -2.5512486e+02  -2.3589015e+02  -2.1545782e+02
  -2.4551137e+02  -1.5485134e+02  -0.0000000e+00  -0.0000000e+00  -0.0000000e+00  -2.4143135e+02  -0.0000000e+00  -2.5858568e+02  -6.4986240e+01  -0.0000000e+00  -0.0000000e+00  -3.0356429e+02  -0.0000000e+00  -1.2984491e+02  -2.5343837e+02  -1.3977393e+02  -2.4618026e+02  -2.8351662e+02  -1.9047270e+02  -1.8806891e+02  -3.0934525e+02  -0.0000000e+00   7.9317375e-01  -0.0000000e+00  -3.0656636e+02
  -0.0000000e+00  -3.0352697e+02  -0.0000000e+00  -0.0000000e+00  -0.0000000e+00  -0.0000000e+00  -0.0000000e+00  -0.0000000e+00  -1.9982476e+02  -0.0000000e+00  -0.0000000e+00  -0.0000000e+00  -0.0000000e+00  -2.9246522e+02  -0.0000000e+00  -0.0000000e+00  -0.0000000e+00  -0.0000000e+00  -2.6142673e+02  -0.0000000e+00  -0.0000000e+00  -0.0000000e+00  -0.0000000e+00  -0.0000000e+00  -0.0000000e+00
  -3.7693571e+02  -3.4753447e+02  -3.7731824e+02  -3.7508929e+02  -0.0000000e+00  -0.0000000e+00  -0.0000000e+00  -3.8657431e+02  -2.4172054e+02  -0.0000000e+00  -0.0000000e+00  -3.9210011e+02  -0.0000000e+00  -3.3527047e+02  -3.6029883e+02  -3.5699344e+02  -0.0000000e+00  -3.7495405e+02  -2.8717836e+02  -3.7345013e+02  -3.8423297e+02  -3.6850604e+02  -0.0000000e+00  -3.8974158e+02  -3.8581914e+02
  -3.8474820e+02  -3.7047056e+02  -3.9998135e+02  -3.7735923e+02  -3.7932290e+02  -3.6929593e+02  -0.0000000e+00  -3.9971655e+02  -3.5000358e+02  -0.0000000e+00  -1.1089730e+02  -3.9898467e+02  -4.7982153e+01  -3.7548402e+02  -3.6510684e+02  -3.6017897e+02  -3.8376961e+02  -3.8445157e+02  -3.8574969e+02  -3.7947379e+02  -3.9040515e+02  -3.7375429e+02  -3.8800832e+02  -3.9002366e+02  -3.9711932e+02
  -3.9727357e+02  -3.8398074e+02  -4.0000559e+02  -3.9849685e+02  -3.8440528e+02  -3.7093952e+02  -0.0000000e+00  -4.0000510e+02  -3.5132679e+02  -0.0000000e+00  -1.1089730e+02  -4.0000488e+02  -4.7982153e+01  -3.9092957e+02  -3.7222373e+02  -3.8306891e+02  -3.9013814e+02  -3.9322545e+02  -3.8642967e+02  -3.9707486e+02  -3.9264512e+02  -3.8247877e+02  -3.9520012e+02  -3.9830895e+02  -3.9987126e+02
  -3.9825886e+02  -3.9875035e+02  -4.0000560e+02  -3.9994455e+02  -3.8660077e+02  -3.8583440e+02  -0.0000000e+00  -4.0000516e+02  -3.5535777e+02  -0.0000000e+00  -1.1089730e+02  -4.0000557e+02  -7.7712416e+01  -3.9514999e+02  -3.7567849e+02  -4.0000536e+02  -3.9973173e+02  -3.9870708e+02  -3.9147436e+02  -3.9790931e+02  -3.9455245e+02  -3.8284891e+02  -3.9707103e+02  -3.9888843e+02  -3.9995260e+02
