   7.4771211e+01   7.7948899e+01   5.4096455e+01   4.8278455e+01   4.7552265e+01   3.5512235e+01   7.5940084e+01   7.1336395e+01   7.2559054e+01   3.3062134e+01   9.0868996e+01   4.4787187e+01   4.1051326e+01   2.6714299e+01   1.4494986e+02   4.9989958e+01   2.1117173e+01   3.2857627e+01   3.5903486e+01   4.4976376e+01   3.2114294e+01   5.9888883e+01   3.1171716e+01   5.7284122e+01   6.9204139e+01
   3.9460184e+01   2.7345287e+01   4.5289633e+01   3.4874593e+01   2.7903489e+01   1.8266878e+01   4.2925760e+01   1.5793077e+01   5.7188866e+01   1.8417368e+01   6.2593031e+01   2.1579713e+01   2.4182419e+01   1.6546117e+01   6.2677155e+01   4.0606427e+01   1.1262904e+01   1.3766154e+01   2.3909108e+01   2.2388409e+01   2.5250119e+01   2.5454297e+01   1.9865897e+01   2.8195771e+01   5.0742283e+01
   3.2984987e+01   2.4328737e+01   3.3775306e+01   3.9868102e+01   1.9782987e+01   1.1201932e+01   3.5740520e+01   1.3538687e+01   4.5373581e+01   1.5702735e+01   3.8144606e+01   9.9743583e+00   2.0886872e+01   1.6386085e+01   4.3295996e+01   3.3365545e+01   9.2188557e+00   9.7429778e+00   2.2443665e+01   9.2663998e+00   2.1860839e+01   2.0986902e+01   1.7655439e+01   1.2101849e+01   6.2049780e+01
   3.1110139e+01   2.6480426e+01   3.0847884e+01   4.2263423e+01   1.6372881e+01   1.3061601e+01   3.1462712e+01   1.2516598e+01   3.0595092e+01   1.2076994e+01   2.7874575e+01   9.4128098e+00   2.1535020e+01   1.5683205e+01   3.7974628e+01   3.3548231e+01   8.4921324e+00   9.7871868e+00   2.1527025e+01   9.0249340e+00   1.9355441e+01   1.3240511e+01   1.6343300e+01   9.4618177e+00   4.9670932e+01
   2.6317052e+01   2.7614485e+01   2.9384308e+01   4.2202460e+01   1.7998761e+01   1.3077414e+01   3.2673987e+01   8.9232367e+00   2.2884158e+01   1.1681064e+01   2.6597768e+01   9.3708158e+00   2.1005561e+01   1.6726891e+01   3.7640724e+01   2.7992648e+01   8.8185576e+00   9.4481562e+00   2.3761534e+01   8.6257136e+00   1.9645811e+01   1.1784574e+01   1.4417722e+01   8.6885123e+00   4.2929420e+01
   2.3158254e+01   2.7885673e+01   2.8556720e+01   4.3000934e+01   1.7064833e+01   1.4895482e+01   3.2472875e+01   1.1746624e+01   2.2394302e+01   1.5099372e+01   2.6626683e+01   9.1959348e+00   2.0778184e+01   2.1198915e+01   3.5068445e+01   2.7045137e+01   1.2018409e+01   9.5109701e+00   2.6915731e+01   8.5107661e+00   1.9933861e+01   1.2113230e+01   1.2271867e+01   1.0947609e+01   4.0612837e+01
   2.0143877e+01   2.8045256e+01   4.6162590e+01   3.8838700e+01   1.6535677e+01   1.2913220e+01   3.1383260e+01   1.0412376e+01   2.2100428e+01   1.5670884e+01   2.6245737e+01   1.0097799e+01   2.0492349e+01   2.0266602e+01   2.6053367e+01   2.6295898e+01   2.1113854e+01   9.7478288e+00   2.5546880e+01   9.0792782e+00   2.0076120e+01   1.2050604e+01   1.3706661e+01   1.2937333e+01   4.5649985e+01
   2.1336800e+01   2.8826196e+01   3.3846521e+01   4.5924577e+01   2.1379735e+01   1.9033879e+01   3.4253483e+01   1.0020548e+01   2.1845215e+01   1.5363352e+01   3.6562847e+01   1.1927431e+01   2.0568091e+01   2.0137320e+01   2.6826768e+01   2.6027302e+01   2.3149527e+01   1.1066656e+01   2.5263117e+01   8.6803668e+00   2.0099705e+01   1.1558309e+01   1.3267578e+01   1.3440426e+01   4.2203243e+01
   2.4439086e+01   3.2881645e+01   3.3325802e+01   4.4567975e+01   2.1088095e+01   1.7889106e+01   3.4258182e+01   1.6083351e+01   2.1804520e+01   1.5533388e+01   3.7732369e+01   1.2806947e+01   2.2783886e+01   1.9773070e+01   2.6588337e+01   2.8048622e+01   2.8238321e+01   1.1075836e+01   2.4938133e+01   8.6797033e+00   2.0043748e+01   1.1594998e+01   1.3485877e+01   1.3851930e+01   4.4680736e+01
   2.4171696e+01   3.2928243e+01   3.5985468e+01   4.4243139e+01   2.1947416e+01   2.3980258e+01   3.4834715e+01   1.9852980e+01   2.3126631e+01   1.7818113e+01   4.4108992e+01   1.5577408e+01   3.1911658e+01   2.0169833e+01   2.6568120e+01   3.2774263e+01   2.6954103e+01   1.1058545e+01   2.5786526e+01   8.7658800e+00   2.3012730e+01   1.1690049e+01   1.6754363e+01   1.4380873e+01   5.1304088e+01
