   1.7081680e+04   1.7268009e+04   5.6887389e+03   1.7340713e+04   1.7215425e+04   1.7478196e+04   1.7299181e+04   1.7516695e+04   1.7241809e+04   1.7279665e+04   1.7309846e+04   1.7518021e+04   1.7376405e+04   1.7264090e+04   1.7245942e+04   5.6946848e+03   1.7107774e+04   1.7268391e+04   1.7199391e+04   1.7651144e+04   1.7253623e+04   1.7298201e+04   5.6962373e+03   1.7304791e+04   1.7438601e+04
   1.6978259e+04   1.6992063e+04   1.2544500e+04   1.6979011e+04   1.6977164e+04   1.6975067e+04   1.6981686e+04   1.6977251e+04   1.6978063e+04   1.6976292e+04   1.6987268e+04   1.6988412e+04   1.6983019e+04   1.6980867e+04   1.6971230e+04   2.0192103e+04   1.6973880e+04   1.6991228e+04   1.6980002e+04   1.6981482e+04   1.6981854e+04   1.6981988e+04   1.6965560e+04   1.6974872e+04   1.6979974e+04
   1.6958771e+04   1.6958918e+04   1.7262285e+04   1.6959142e+04   1.6958808e+04   1.6958773e+04   1.6958820e+04   1.6958673e+04   1.6958639e+04   1.6959059e+04   1.6958885e+04   1.6958601e+04   1.6959116e+04   1.6958886e+04   1.6959012e+04   1.7200861e+04   1.6958812e+04   1.6958952e+04   1.6959022e+04   1.6959029e+04   1.6958835e+04   1.6958672e+04   1.7192990e+04   1.6958733e+04   1.6959035e+04
   1.6958213e+04   1.6958208e+04   1.6962051e+04   1.6958216e+04   1.6958211e+04   1.6958210e+04   1.6958212e+04   1.6958207e+04   1.6958211e+04   1.6958212e+04   1.6958219e+04   1.6958209e+04   1.6958218e+04   1.6958211e+04   1.6958210e+04   1.6961754e+04   1.6958205e+04   1.6958211e+04   1.6958215e+04   1.6958216e+04   1.6958212e+04   1.6958213e+04   1.6960590e+04   1.6958213e+04   1.6958212e+04
   1.6958202e+04   1.6958202e+04   1.6958224e+04   1.6958202e+04   1.6958202e+04   1.6958202e+04   1.6958202e+04   1.6958202e+04   1.6958202e+04   1.6958202e+04   1.6958202e+04   1.6958202e+04   1.6958202e+04   1.6958202e+04   1.6958202e+04   1.6958231e+04   1.6958202e+04   1.6958202e+04   1.6958202e+04   1.6958202e+04   1.6958202e+04   1.6958202e+04   1.6958227e+04   1.6958202e+04   1.6958202e+04
   1.6958202e+04   1.6958202e+04   1.6958202e+04   1.6958202e+04   1.6958202e+04   1.6958202e+04   1.6958202e+04   1.6958202e+04   1.6958202e+04   1.6958202e+04   1.6958202e+04   1.6958202e+04   1.6958202e+04   1.6958202e+04   1.6958202e+04   1.6958202e+04   1.6958202e+04   1.6958202e+04   1.6958202e+04   1.6958202e+04   1.6958202e+04   1.6958202e+04   1.6958202e+04   1.6958202e+04   1.6958202e+04
   1.6958202e+04   1.6958202e+04   1.6958202e+04   1.6958202e+04   1.6958202e+04   1.6958202e+04   1.6958202e+04   1.6958202e+04   1.6958202e+04   1.6958202e+04   1.6958202e+04   1.6958202e+04   1.6958202e+04   1.6958202e+04   1.6958202e+04   1.6958202e+04   1.6958202e+04   1.6958202e+04   1.6958202e+04   1.6958202e+04   1.6958202e+04   1.6958202e+04   1.6958202e+04   1.6958202e+04   1.6958202e+04
   1.6958202e+04   1.6958202e+04   1.6958202e+04   1.6958202e+04   1.6958202e+04   1.6958202e+04   1.6958202e+04   1.6958202e+04   1.6958202e+04   1.6958202e+04   1.6958202e+04   1.6958202e+04   1.6958202e+04   1.6958202e+04   1.6958202e+04   1.6958202e+04   1.6958202e+04   1.6958202e+04   1.6958202e+04   1.6958202e+04   1.6958202e+04   1.6958202e+04   1.6958202e+04   1.6958202e+04   1.6958202e+04
   1.6958202e+04   1.6958202e+04   1.6958202e+04   1.6958202e+04   1.6958202e+04   1.6958202e+04   1.6958202e+04   1.6958202e+04   1.6958202e+04   1.6958202e+04   1.6958202e+04   1.6958202e+04   1.6958202e+04   1.6958202e+04   1.6958202e+04   1.6958202e+04   1.6958202e+04   1.6958202e+04   1.6958202e+04   1.6958202e+04   1.6958202e+04   1.6958202e+04   1.6958202e+04   1.6958202e+04   1.6958202e+04
   1.6958202e+04   1.6958202e+04   1.6958202e+04   1.6958202e+04   1.6958202e+04   1.6958202e+04   1.6958202e+04   1.6958202e+04   1.6958202e+04   1.6958202e+04   1.6958202e+04   1.6958202e+04   1.6958202e+04   1.6958202e+04   1.6958202e+04   1.6958202e+04   1.6958202e+04   1.6958202e+04   1.6958202e+04   1.6958202e+04   1.6958202e+04   1.6958202e+04   1.6958202e+04   1.6958202e+04   1.6958202e+04
