   5.1245896e+00   5.2753905e+00   4.8005266e+00   4.7234745e+00   5.8529023e+00   3.9549437e+00   4.2133607e+00   5.5797695e+00   5.5458754e+00   4.5001528e+00   3.7777596e+00   4.2227756e+00   4.8517863e+00   5.1348544e+00   4.9735108e+00   5.2298813e+00   5.2806146e+00   5.2337050e+00   5.2497960e+00   3.8686443e+00   4.9565903e+00   5.5372367e+00   5.6807010e+00   4.6704200e+00   4.2322196e+00
   6.3813925e-02   2.3708578e-02   8.1315530e-02   1.2034016e-02   1.2007930e-01   7.5842210e-02   1.7048869e-02   3.4643126e-02   5.5222713e-02   7.3435229e-02   9.6467602e-02   3.0814808e-02   2.3179445e-02   7.2005302e-02   4.0511798e-02   1.7130988e-02   1.2307011e-01   9.2102622e-02   1.5456051e-01   1.6314600e-01   1.0362994e-02   1.8516261e-02   7.3501080e-02   4.7406798e-02   1.4593098e-02
   5.9417496e-03   7.5068651e-03   6.2148322e-03   0.0000000e+00   5.9301640e-03   7.6228175e-03   0.0000000e+00   7.6386255e-03   3.9906313e-03   6.7412600e-03   6.7125085e-03   3.1195602e-03   5.4264038e-03   8.5502434e-03   7.9719095e-03   0.0000000e+00   9.7048138e-03   7.3881939e-03   7.6648637e-03   6.0939250e-03   0.0000000e+00   8.5398741e-03   9.1333432e-03   8.5279003e-03   3.4553125e-03
   0.0000000e+00   0.0000000e+00   0.0000000e+00   0.0000000e+00   0.0000000e+00   0.0000000e+00   0.0000000e+00   0.0000000e+00   0.0000000e+00   0.0000000e+00   0.0000000e+00   0.0000000e+00   0.0000000e+00   2.9573053e-03   0.0000000e+00   0.0000000e+00   6.1497636e-03   0.0000000e+00   0.0000000e+00   0.0000000e+00   0.0000000e+00   6.2269038e-03   4.0987170e-03   2.6037209e-03   0.0000000e+00
   0.0000000e+00   0.0000000e+00   0.0000000e+00   0.0000000e+00   0.0000000e+00   0.0000000e+00   0.0000000e+00   0.0000000e+00   0.0000000e+00   0.0000000e+00   0.0000000e+00   0.0000000e+00   0.0000000e+00   0.0000000e+00   0.0000000e+00   0.0000000e+00   0.0000000e+00   0.0000000e+00   0.0000000e+00   0.0000000e+00   0.0000000e+00   0.0000000e+00   0.0000000e+00   0.0000000e+00   0.0000000e+00
   0.0000000e+00   0.0000000e+00   0.0000000e+00   0.0000000e+00   0.0000000e+00   0.0000000e+00   0.0000000e+00   0.0000000e+00   0.0000000e+00   0.0000000e+00   0.0000000e+00   0.0000000e+00   0.0000000e+00   0.0000000e+00   0.0000000e+00   0.0000000e+00   0.0000000e+00   0.0000000e+00   0.0000000e+00   0.0000000e+00   0.0000000e+00   0.0000000e+00   0.0000000e+00   0.0000000e+00   0.0000000e+00
   0.0000000e+00   0.0000000e+00   0.0000000e+00   0.0000000e+00   0.0000000e+00   0.0000000e+00   0.0000000e+00   0.0000000e+00   0.0000000e+00   0.0000000e+00   0.0000000e+00   0.0000000e+00   0.0000000e+00   0.0000000e+00   0.0000000e+00   0.0000000e+00   0.0000000e+00   0.0000000e+00   0.0000000e+00   0.0000000e+00   0.0000000e+00   0.0000000e+00   0.0000000e+00   0.0000000e+00   0.0000000e+00
   0.0000000e+00   0.0000000e+00   0.0000000e+00   0.0000000e+00   0.0000000e+00   0.0000000e+00   0.0000000e+00   0.0000000e+00   0.0000000e+00   0.0000000e+00   0.0000000e+00   0.0000000e+00   0.0000000e+00   0.0000000e+00   0.0000000e+00   0.0000000e+00   0.0000000e+00   0.0000000e+00   0.0000000e+00   0.0000000e+00   0.0000000e+00   0.0000000e+00   0.0000000e+00   0.0000000e+00   0.0000000e+00
   0.0000000e+00   0.0000000e+00   0.0000000e+00   0.0000000e+00   0.0000000e+00   0.0000000e+00   0.0000000e+00   0.0000000e+00   0.0000000e+00   0.0000000e+00   0.0000000e+00   0.0000000e+00   0.0000000e+00   0.0000000e+00   0.0000000e+00   0.0000000e+00   0.0000000e+00   0.0000000e+00   0.0000000e+00   0.0000000e+00   0.0000000e+00   0.0000000e+00   0.0000000e+00   0.0000000e+00   0.0000000e+00
   0.0000000e+00   0.0000000e+00   0.0000000e+00   0.0000000e+00   0.0000000e+00   0.0000000e+00   0.0000000e+00   0.0000000e+00   0.0000000e+00   0.0000000e+00   0.0000000e+00   0.0000000e+00   0.0000000e+00   0.0000000e+00   0.0000000e+00   0.0000000e+00   0.0000000e+00   0.0000000e+00   0.0000000e+00   0.0000000e+00   0.0000000e+00   0.0000000e+00   0.0000000e+00   0.0000000e+00   0.0000000e+00
