   5.5187659e-03   1.3148772e-03   1.1209076e-02   1.8315753e-03   1.0101405e-03   1.8875422e-03   9.0856653e-03   2.8491815e-02   1.4955775e-03   7.7079331e-03   1.8307922e-03   2.0878728e-03   2.8961871e-03   6.7641348e+00   4.7802008e-02   2.5843541e-03   3.6271905e-03   9.1197003e-03   9.3566282e-03   3.1443697e-02   7.7711924e-03   3.1486451e-03   2.4851078e+00   3.2113124e-03   5.1926293e-04
   1.7046226e-04   3.9023247e-04   5.6095981e-05   1.4508640e-04   2.2307984e-04   5.2043419e-05   9.2446972e-04   6.1484189e-04   5.7696104e-04   1.9350430e-03   5.2110944e-04   3.4562402e-05   3.3581055e-05   5.0833870e+00   1.1378741e+00   1.6208306e-04   9.0693799e-05   2.2844458e-05   2.2365838e-03   5.4914829e-05   1.6156647e-03   2.8481546e-04   2.0344164e+00   2.6772260e-04   4.3542909e-04
   1.5891578e-06   9.9097334e-06   7.0084844e-06   6.7198447e-06   9.2609095e-07   1.4914619e-06   1.8212882e-05   4.7351521e-05   3.1207197e-06   1.6523315e-04   4.1446010e-05   1.8868291e-06   1.8751701e-06   4.6550837e+00   2.8595014e+00   1.1283341e-06   2.4815562e-05   2.3196013e-05   1.1365679e-05   3.8689607e-04   1.5013672e-05   1.1660246e-05   1.9113625e+00   5.4347724e-05   5.0007656e-06
   3.1590290e-04   9.9547218e-06   1.4565720e-06   1.3030894e-07   4.8171239e-07   4.1580443e-08   1.7760825e-05   4.9315920e-06   2.4251814e-06   5.3471082e-06   3.7285551e-06   4.6894463e-06   1.8338170e-06   4.5926335e+00   2.6099179e+00   8.0072865e-07   3.0580122e-05   5.0527094e-08   5.1113570e-06   3.2268051e-06   3.4582979e-06   2.4608125e-06   4.5724659e+00   2.5918428e-05   7.2937505e-06
   3.0059452e-06   1.2633143e-04   2.2775727e-08   1.1735976e-05   3.3939923e-08   3.1695121e-07   1.8484737e-07   6.3917904e-06   5.3089101e-06   7.5625403e-06   1.9634966e-05   3.9010093e-08   1.1719949e-06   4.6962066e+00   2.5583388e+00   3.5647066e-05   1.2270291e-04   6.7776617e-09   1.9558844e-06   4.6262954e-06   6.4444010e-05   5.1611091e-07   4.5124903e+00   3.9741234e-06   3.7016385e-07
   2.5172092e-08   4.9974821e-06   9.9657357e-07   1.1421890e-07   4.1281245e-09   3.5560955e-08   3.2976269e-06   1.6424835e-06   5.9303430e-08   9.0970969e-08   3.6676939e-07   5.6011061e-07   2.6641239e-08   5.3722536e+00   2.5266331e+00   1.3137100e-06   1.8523995e-07   1.3095643e-10   2.2233001e-06   1.9065560e-07   2.8551749e-07   2.6538348e-08   5.0304693e+00   8.0344849e-05   1.0249636e-07
   3.0907877e-09   2.5211684e-05   4.9024143e-08   2.2517582e-10   6.1542088e-10   3.8052544e-09   2.4412602e-09   4.2202445e-05   5.7994663e-08   1.2069213e-05   8.2455710e-08   1.4501228e-07   9.5719333e-08   5.5313300e+00   2.4950976e+00   2.0469453e-08   3.9579215e-08   1.5886576e-06   1.5600546e-06   1.3208542e-08   1.8142425e-08   1.4528917e-08   5.0248987e+00   7.2203083e-07   9.8695224e-10
   1.7901600e-10   1.2598408e-06   2.7407439e-08   3.2990325e-11   8.5267172e-12   3.8330793e-11   4.2429048e-09   3.5679464e-09   7.4567936e-07   2.4123515e-08   2.2893248e-08   9.4294693e-09   1.5191651e-09   5.5323646e+00   4.1774581e+00   1.1659512e-09   7.1053103e-09   3.6519434e-09   4.5961075e-08   6.0472254e-09   9.7425739e-10   7.3605675e-10   5.0248076e+00   1.6115979e-06   2.7357525e-09
   2.6514622e-10   1.1519294e+00   2.2264464e-09   1.1401727e-09   9.9895468e-11   7.0403472e-11   2.6725108e-10   1.4138526e-09   2.3852322e-06   7.9354115e-10   1.0714980e-07   9.2044121e-09   5.8940206e-11   5.5328670e+00   3.8144457e+00   1.7581566e-09   2.7989142e-09   4.4015641e-11   2.1237695e-08   6.4710827e-09   1.1681847e-11   3.4818709e-08   1.0060629e+01   1.5128269e-08   4.5165080e-10
   2.3009257e+00   3.2613978e+00   5.8961350e+00   6.4763395e+00   3.4197908e-04   1.8762722e-08   9.6930693e+00   2.2435375e+00   6.9787754e-03   1.5203392e+00   1.8452733e+00   3.8189309e+00   6.8429907e-04   1.1456161e+01   6.1576613e+00   3.2918884e-06   5.8322888e-04   1.4056524e-06   1.6818368e+00   8.9706391e-01   2.0738556e+00   3.2420367e+00   1.0527071e+01   2.0843405e-01   1.5967532e-06
