  -5.2865827e+03  -5.2868841e+03  -5.2382172e+03  -5.2358657e+03  -5.2368916e+03  -5.3339029e+03  -5.2204374e+03  -5.2716346e+03  -5.1083850e+03  -5.3186560e+03  -5.2153737e+03  -5.2244336e+03  -5.1868070e+03  -5.3035173e+03  -5.2533682e+03  -5.3624142e+03  -5.1816957e+03  -5.2428365e+03  -5.2975703e+03  -5.2806555e+03  -5.1873460e+03  -5.2015768e+03  -5.2732875e+03  -5.2896731e+03  -5.2279091e+03
  -5.2865827e+03  -5.3668961e+03  -5.3487266e+03  -5.4704171e+03  -5.4612595e+03  -5.3716290e+03  -5.4344215e+03  -5.4316304e+03  -5.3462762e+03  -5.3464536e+03  -5.3736989e+03  -5.3687181e+03  -5.3477287e+03  -5.3523018e+03  -5.3390533e+03  -5.4031840e+03  -5.2957039e+03  -5.4169358e+03  -5.3201396e+03  -5.4527383e+03  -5.3618132e+03  -5.2729528e+03  -5.3671082e+03  -5.3799047e+03  -5.2471497e+03
  -5.5130133e+03  -5.5496887e+03  -5.4586360e+03  -5.5925913e+03  -5.5110812e+03  -5.4708632e+03  -5.6149764e+03  -5.4316304e+03  -5.4186189e+03  -5.5189913e+03  -5.4329503e+03  -5.4965440e+03  -5.4321366e+03  -5.4697652e+03  -5.4258508e+03  -5.4758461e+03  -5.6477379e+03  -5.5209423e+03  -5.4453381e+03  -5.4527383e+03  -5.4382771e+03  -5.3960506e+03  -5.5236903e+03  -5.4659026e+03  -5.3948436e+03
  -5.5615378e+03  -5.5845015e+03  -5.6010784e+03  -5.5925913e+03  -5.5494019e+03  -5.5722008e+03  -5.6987752e+03  -5.5981770e+03  -5.5096192e+03  -5.6831822e+03  -5.5694107e+03  -5.6537720e+03  -5.5063155e+03  -5.5117812e+03  -5.4862808e+03  -5.5295415e+03  -5.7122938e+03  -5.5507634e+03  -5.5507536e+03  -5.5511181e+03  -5.5948985e+03  -5.5436037e+03  -5.5769431e+03  -5.5621837e+03  -5.5115459e+03
  -5.6371711e+03  -5.6879874e+03  -5.7087756e+03  -5.7410791e+03  -5.6569927e+03  -5.7109842e+03  -5.7485627e+03  -5.6554554e+03  -5.6297750e+03  -5.6832181e+03  -5.7956050e+03  -5.7732289e+03  -5.5907768e+03  -5.6295831e+03  -5.6358533e+03  -5.6634498e+03  -5.8321022e+03  -5.6520736e+03  -5.6277583e+03  -5.7107082e+03  -5.7223706e+03  -5.6975636e+03  -5.7147996e+03  -5.7016957e+03  -5.6585157e+03
  -5.7006891e+03  -5.7784127e+03  -5.7251902e+03  -5.8674685e+03  -5.7483080e+03  -5.7570431e+03  -5.7490081e+03  -5.7082690e+03  -5.7591069e+03  -5.7252453e+03  -5.8578970e+03  -5.7751821e+03  -5.7094281e+03  -5.7348648e+03  -5.7500895e+03  -5.8181983e+03  -5.8489776e+03  -5.7166569e+03  -5.7385522e+03  -5.7875387e+03  -5.7618592e+03  -5.7375674e+03  -5.7673434e+03  -5.7085753e+03  -5.7675193e+03
  -5.8132104e+03  -5.8808746e+03  -5.7731439e+03  -5.9259845e+03  -5.8110415e+03  -5.9150816e+03  -5.7934356e+03  -5.7873411e+03  -5.8650470e+03  -5.7991723e+03  -5.8579150e+03  -5.8350982e+03  -5.8122567e+03  -5.8354830e+03  -5.8598006e+03  -5.8352434e+03  -5.8972568e+03  -5.8647295e+03  -5.8188903e+03  -5.9345004e+03  -5.7885429e+03  -5.7919349e+03  -5.8135321e+03  -5.8324719e+03  -5.8155404e+03
  -5.8931621e+03  -5.9727795e+03  -5.9018054e+03  -5.9694467e+03  -5.9378475e+03  -5.9348238e+03  -5.8653864e+03  -5.9013606e+03  -5.9281422e+03  -5.8610826e+03  -5.9173026e+03  -5.9304823e+03  -5.8784908e+03  -5.9322594e+03  -5.8633291e+03  -6.0408902e+03  -6.0217176e+03  -5.9029893e+03  -5.9248270e+03  -5.9632088e+03  -5.9008545e+03  -5.9049681e+03  -5.8947530e+03  -5.9304948e+03  -5.9139458e+03
  -5.9667237e+03  -6.0161548e+03  -5.9242760e+03  -6.0219184e+03  -6.0069932e+03  -6.0311293e+03  -5.9685043e+03  -5.9923593e+03  -6.0649911e+03  -5.9662483e+03  -5.9930915e+03  -5.9876118e+03  -5.9388745e+03  -6.0308130e+03  -5.9727462e+03  -6.0922829e+03  -6.0894665e+03  -5.9301027e+03  -5.9940659e+03  -5.9852283e+03  -6.0019026e+03  -5.9441115e+03  -5.9718720e+03  -5.9975628e+03  -6.0367830e+03
  -6.0128102e+03  -6.1263311e+03  -6.0062405e+03  -6.1129272e+03  -6.1868547e+03  -6.0466192e+03  -6.0634104e+03  -6.0900832e+03  -6.1554824e+03  -6.0070253e+03  -6.0817420e+03  -6.1422316e+03  -6.0093706e+03  -6.0517992e+03  -6.0540346e+03  -6.1661490e+03  -6.1170600e+03  -6.0639889e+03  -6.1126926e+03  -6.0748801e+03  -6.0610921e+03  -6.0048498e+03  -6.1215976e+03  -6.1406068e+03  -6.0863321e+03
