   3.9741030e-01   3.8594774e-01   3.5145134e-01   3.8735201e-01   2.8337051e-01   3.4748459e-01   2.0136639e-01   3.6297657e-01   2.6143147e-01   2.9008177e-01   2.9148376e-01   3.8402392e-01   3.6046735e-01   3.3834326e-01   3.6534792e-01   3.1313983e-01   2.5944805e-01   3.3402656e-01   2.8654043e-01   3.2544689e-01   3.1584820e-01   2.0672068e-01   4.1598869e-01   2.5864836e-01   2.9213814e-01
   3.5597591e-01   1.9925526e-01   1.3929140e-01   2.3514738e-01   1.3952431e-01   3.2560401e-01   1.1669061e-01   3.2760453e-01   1.5277404e-01   1.1109507e-01   1.3534786e-01   1.6248029e-01   1.8092188e-01   1.2630843e-01   1.3280347e-01   1.8531500e-01   2.0003184e-01   1.6816320e-01   1.3277972e-01   3.0068216e-01   1.4910295e-01   1.0659153e-01   1.6416631e-01   1.2497551e-01   1.5056105e-01
   3.2840947e-01   1.6802294e-01   1.2120241e-01   1.8436963e-01   1.2703818e-01   1.2547737e-01   1.0849624e-01   1.9407339e-01   1.3283111e-01   8.8384291e-02   1.2673999e-01   1.3515875e-01   1.3632811e-01   1.0819221e-01   1.2178352e-01   1.6606080e-01   1.6420150e-01   1.4027871e-01   1.0973601e-01   1.7296843e-01   1.0088311e-01   1.0230309e-01   1.3808935e-01   1.1718226e-01   1.3267296e-01
   8.8997178e-02   1.3785732e-01   1.1417179e-01   1.5655637e-01   1.2620260e-01   1.0923667e-01   8.8529083e-02   1.6461199e-01   1.2308225e-01   8.5162825e-02   1.2582802e-01   1.2909470e-01   1.1703143e-01   9.4500398e-02   1.0670455e-01   1.4363482e-01   1.5942325e-01   1.2531855e-01   1.0739929e-01   1.0998285e-01   9.5427859e-02   1.0157130e-01   1.3435717e-01   1.1509138e-01   9.8068657e-02
   8.5223594e-02   1.1913431e-01   1.1260915e-01   1.2365435e-01   1.2087040e-01   9.2698264e-02   8.7802432e-02   1.4682596e-01   1.2086265e-01   8.1235082e-02   1.2318469e-01   1.2241595e-01   1.0575676e-01   9.1129268e-02   1.0575443e-01   1.3685769e-01   1.2973496e-01   1.2163787e-01   1.0687443e-01   1.0109067e-01   9.0015582e-02   1.0109407e-01   1.3312628e-01   1.1252235e-01   9.6381220e-02
   8.4912978e-02   1.1213079e-01   1.1207962e-01   1.1354704e-01   1.1510887e-01   8.2892464e-02   8.7732198e-02   1.2434303e-01   1.2026675e-01   8.0256121e-02   1.2308022e-01   1.1941419e-01   1.0075308e-01   9.0298716e-02   9.8413850e-02   1.3368709e-01   1.1532024e-01   1.1834655e-01   1.0563521e-01   9.4062771e-02   8.9092525e-02   9.9665028e-02   1.3281231e-01   1.0976699e-01   9.5308164e-02
   8.4689610e-02   1.1140090e-01   1.1188023e-01   1.1277331e-01   1.1411818e-01   8.1045413e-02   8.2651841e-02   1.1087326e-01   1.2002232e-01   7.5805966e-02   1.2252172e-01   1.1794593e-01   9.9788890e-02   8.9958410e-02   9.6183999e-02   1.3341517e-01   1.1176957e-01   1.1612215e-01   1.0206286e-01   9.2859161e-02   8.8938577e-02   9.5151397e-02   1.2881104e-01   1.0927443e-01   9.4432199e-02
   8.4597969e-02   1.1136924e-01   1.1139597e-01   1.1041433e-01   1.1352852e-01   7.9992482e-02   8.1265852e-02   1.0930563e-01   1.1898866e-01   7.4251326e-02   1.2251814e-01   1.1688328e-01   9.8057906e-02   8.8917876e-02   9.5607922e-02   1.3340596e-01   1.0949354e-01   1.1594358e-01   1.0204502e-01   9.2843289e-02   8.7886146e-02   9.4121434e-02   1.2855192e-01   1.0850676e-01   9.2570700e-02
   8.0561795e-02   1.1130570e-01   1.1123910e-01   1.0973232e-01   1.1283600e-01   7.9813855e-02   8.1138920e-02   1.0895665e-01   1.1884381e-01   7.3892146e-02   1.2209498e-01   1.1684750e-01   9.7929146e-02   7.6739307e-02   9.5556245e-02   1.3222930e-01   1.0350870e-01   1.1467973e-01   1.0194222e-01   9.2794834e-02   8.7720263e-02   9.4105835e-02   1.2854088e-01   1.0819103e-01   9.2502220e-02
   7.6874215e-02   1.1059773e-01   1.1058157e-01   1.0968316e-01   1.1280748e-01   7.9811201e-02   7.9361039e-02   1.0842791e-01   1.1883553e-01   7.3676978e-02   1.2154691e-01   1.1681824e-01   9.6509684e-02   7.4836986e-02   9.5532638e-02   1.3189940e-01   1.0278617e-01   1.1467524e-01   1.0186669e-01   9.0037760e-02   8.7709102e-02   9.4102420e-02   1.2853839e-01   1.0812900e-01   9.1843725e-02
