   5.9271872e+00   5.7966534e+00   5.3580157e+00   5.7613916e+00   6.1274591e+00   6.4391971e+00   5.2762663e+00   5.9080409e+00   4.9163556e+00   5.7246981e+00   5.8347502e+00   4.8566100e+00   5.6804054e+00   5.4728084e+00   5.3331334e+00   5.5700022e+00   6.7857594e+00   5.3316685e+00   5.4027386e+00   5.4297863e+00   6.5120301e+00   4.9794647e+00   4.7144533e+00   6.1053536e+00   5.9311387e+00
   2.7515116e-01   3.6016471e-01   3.1199141e-01   3.5199392e-01   4.7433401e-01   3.7316257e-01   1.1926898e-01   1.6949821e-01   3.3523549e-01   3.3529569e-01   1.9178683e-01   3.4551553e-01   3.3174466e-01   4.0951596e-01   3.0066389e-01   2.6475735e-01   1.9381057e-01   2.1205346e-01   2.0164438e-01   3.0167867e-01   2.6538812e-01   2.0485772e-01   2.8235040e-01   2.6467430e-01   1.2961190e-01
   1.7744423e-02   1.3834963e-02   5.1317644e-02   1.5272782e-01   1.3922021e-01   1.6180091e-01   2.8593178e-03   2.5955836e-03   2.7575551e-02   2.7346512e-03   3.5158512e-03   1.4721033e-03   2.8810633e-02   1.4243790e-01   3.3776575e-02   0.0000000e+00   4.9032628e-03   1.7234882e-03   6.9915345e-03   7.3106958e-02   7.6435797e-03   4.7447397e-03   9.0210410e-04   5.5007014e-03   1.5674787e-03
   4.4546112e-03   5.4604466e-03   6.2013936e-03   9.5348942e-02   9.4876747e-03   5.8950794e-02   5.5923591e-04   0.0000000e+00   4.5350819e-03   9.5163632e-04   1.7401374e-03   0.0000000e+00   3.4912616e-03   4.9847140e-02   4.3631695e-03   0.0000000e+00   2.9437592e-03   0.0000000e+00   3.9879304e-03   7.0650549e-03   4.1802377e-03   2.9520698e-03   0.0000000e+00   3.5749011e-03   0.0000000e+00
   3.8402770e-03   4.3104287e-03   3.2352672e-03   4.8773230e-02   2.4061076e-03   2.5709118e-02   0.0000000e+00   0.0000000e+00   4.4447808e-04   4.8915150e-05   7.4140406e-04   0.0000000e+00   9.6475035e-04   3.1337472e-02   3.6187890e-03   0.0000000e+00   1.9154986e-03   0.0000000e+00   3.0857505e-03   3.2657877e-03   2.0576305e-03   7.1619007e-04   0.0000000e+00   2.4694938e-03   0.0000000e+00
   1.6352121e-03   7.9604105e-04   0.0000000e+00   1.2642048e-02   0.0000000e+00   3.9517836e-03   0.0000000e+00   0.0000000e+00   0.0000000e+00   0.0000000e+00   5.4704762e-04   0.0000000e+00   0.0000000e+00   2.2163695e-02   3.3392411e-04   0.0000000e+00   0.0000000e+00   0.0000000e+00   2.8598197e-03   1.7868291e-03   0.0000000e+00   0.0000000e+00   0.0000000e+00   1.9121349e-04   0.0000000e+00
   0.0000000e+00   0.0000000e+00   0.0000000e+00   3.3211171e-03   0.0000000e+00   1.7514937e-03   0.0000000e+00   0.0000000e+00   0.0000000e+00   0.0000000e+00   0.0000000e+00   0.0000000e+00   0.0000000e+00   4.7621687e-03   0.0000000e+00   0.0000000e+00   0.0000000e+00   0.0000000e+00   2.4298182e-03   0.0000000e+00   0.0000000e+00   0.0000000e+00   0.0000000e+00   0.0000000e+00   0.0000000e+00
   0.0000000e+00   0.0000000e+00   0.0000000e+00   0.0000000e+00   0.0000000e+00   0.0000000e+00   0.0000000e+00   0.0000000e+00   0.0000000e+00   0.0000000e+00   0.0000000e+00   0.0000000e+00   0.0000000e+00   4.0860082e-03   0.0000000e+00   0.0000000e+00   0.0000000e+00   0.0000000e+00   0.0000000e+00   0.0000000e+00   0.0000000e+00   0.0000000e+00   0.0000000e+00   0.0000000e+00   0.0000000e+00
   0.0000000e+00   0.0000000e+00   0.0000000e+00   0.0000000e+00   0.0000000e+00   0.0000000e+00   0.0000000e+00   0.0000000e+00   0.0000000e+00   0.0000000e+00   0.0000000e+00   0.0000000e+00   0.0000000e+00   3.1817353e-03   0.0000000e+00   0.0000000e+00   0.0000000e+00   0.0000000e+00   0.0000000e+00   0.0000000e+00   0.0000000e+00   0.0000000e+00   0.0000000e+00   0.0000000e+00   0.0000000e+00
   0.0000000e+00   0.0000000e+00   0.0000000e+00   0.0000000e+00   0.0000000e+00   0.0000000e+00   0.0000000e+00   0.0000000e+00   0.0000000e+00   0.0000000e+00   0.0000000e+00   0.0000000e+00   0.0000000e+00   0.0000000e+00   0.0000000e+00   0.0000000e+00   0.0000000e+00   0.0000000e+00   0.0000000e+00   0.0000000e+00   0.0000000e+00   0.0000000e+00   0.0000000e+00   0.0000000e+00   0.0000000e+00
