   1.3159339e+02   9.8364723e+01   3.1946433e+02   9.9989887e+01   3.2627915e+02   2.0699016e+02   1.6879071e+02   1.0745155e+02   1.6955698e+02   1.6652009e+02   1.6157227e+02   1.2049232e+02   1.4089256e+02   3.9213299e+01   2.1861008e+02   4.5642924e+02   1.2355236e+02   2.9638635e+02   1.6550510e+02   4.5367722e+02   2.2242627e+02   8.9304580e+01   1.4916372e+02   2.5634479e+02   4.2631802e+01
   2.1729866e+02   2.0532904e+02   3.3520336e+02   2.2963549e+02   2.1448139e+02   1.6555826e+02   2.4553820e+02   1.8483486e+02   1.9441303e+02   3.0615406e+02   1.7155752e+02   1.7068018e+02   8.0561171e+02   4.1379611e+02   1.2235654e+02   2.5605943e+02   1.6961105e+02   2.0683386e+02   2.6114553e+02   1.5005623e+02   1.2160803e+02   2.7352036e+02   1.1650699e+02   1.5357414e+02   1.7037305e+02
   1.8574153e+02   1.9601012e+02   2.4060933e+02   1.9629884e+02   2.1067977e+02   1.5740241e+02   2.0875730e+02   1.8194116e+02   1.7709161e+02   2.1458144e+02   1.6509997e+02   1.5601475e+02   1.9456043e+02   1.9825396e+02   2.0712018e+02   2.0617184e+02   1.9271479e+02   2.0396386e+02   1.9319803e+02   1.7212174e+02   1.4549137e+02   2.0985376e+02   1.4165771e+02   1.6193314e+02   1.4838440e+02
   1.9718027e+02   2.0130163e+02   1.9078778e+02   1.9276098e+02   1.9379446e+02   1.9085033e+02   1.9246246e+02   1.8872652e+02   1.9161191e+02   1.9685435e+02   1.9603307e+02   1.9577029e+02   1.9917361e+02   2.1624061e+02   1.9857806e+02   2.0007852e+02   1.9158014e+02   1.9635540e+02   1.9872829e+02   1.9765212e+02   2.0127824e+02   1.9712710e+02   1.9746756e+02   1.8940511e+02   2.0007585e+02
   1.9087511e+02   1.9084881e+02   1.9028262e+02   1.9000992e+02   1.8961616e+02   1.9019534e+02   1.8975260e+02   1.9003586e+02   1.8971201e+02   1.9111044e+02   1.8976500e+02   1.9045697e+02   1.9107459e+02   1.9106303e+02   1.9213047e+02   1.9071319e+02   1.9039995e+02   1.9035970e+02   1.9072393e+02   1.9043851e+02   1.8998802e+02   1.9052279e+02   1.9058953e+02   1.9057002e+02   1.9133095e+02
   1.8949497e+02   1.8957431e+02   1.8932521e+02   1.8935689e+02   1.8941639e+02   1.8937090e+02   1.8951395e+02   1.8936408e+02   1.8952358e+02   1.8940165e+02   1.8935490e+02   1.8970408e+02   1.8936034e+02   1.8938147e+02   1.8939714e+02   1.8934514e+02   1.8938742e+02   1.8934433e+02   1.8980269e+02   1.8935296e+02   1.8944879e+02   1.8952307e+02   1.8953126e+02   1.8953771e+02   1.8945968e+02
   1.8932062e+02   1.8932524e+02   1.8931208e+02   1.8931228e+02   1.8931708e+02   1.8932364e+02   1.8931330e+02   1.8931621e+02   1.8934666e+02   1.8932359e+02   1.8931726e+02   1.8931588e+02   1.8932252e+02   1.8931330e+02   1.8931216e+02   1.8931401e+02   1.8931499e+02   1.8931465e+02   1.8931894e+02   1.8931387e+02   1.8932356e+02   1.8931870e+02   1.8932065e+02   1.8932177e+02   1.8932061e+02
   1.8931163e+02   1.8931163e+02   1.8931163e+02   1.8931163e+02   1.8931163e+02   1.8931163e+02   1.8931163e+02   1.8931163e+02   1.8931165e+02   1.8931163e+02   1.8931163e+02   1.8931163e+02   1.8931163e+02   1.8931163e+02   1.8931163e+02   1.8931163e+02   1.8931163e+02   1.8931163e+02   1.8931165e+02   1.8931163e+02   1.8931163e+02   1.8931163e+02   1.8931163e+02   1.8931163e+02   1.8931163e+02
   1.8931163e+02   1.8931163e+02   1.8931163e+02   1.8931163e+02   1.8931163e+02   1.8931163e+02   1.8931163e+02   1.8931163e+02   1.8931163e+02   1.8931163e+02   1.8931163e+02   1.8931163e+02   1.8931163e+02   1.8931163e+02   1.8931163e+02   1.8931163e+02   1.8931163e+02   1.8931163e+02   1.8931163e+02   1.8931163e+02   1.8931163e+02   1.8931163e+02   1.8931163e+02   1.8931163e+02   1.8931163e+02
   1.8931163e+02   1.8931163e+02   1.8931163e+02   1.8931163e+02   1.8931163e+02   1.8931163e+02   1.8931163e+02   1.8931163e+02   1.8931163e+02   1.8931163e+02   1.8931163e+02   1.8931163e+02   1.8931163e+02   1.8931163e+02   1.8931163e+02   1.8931163e+02   1.8931163e+02   1.8931163e+02   1.8931163e+02   1.8931163e+02   1.8931163e+02   1.8931163e+02   1.8931163e+02   1.8931163e+02   1.8931163e+02
