   5.5755611e+00   3.1472513e+00   6.4199839e+00   3.1843591e+00   5.5806409e+00   3.2513180e+00   5.5908135e+00   6.4471444e+00   5.4833481e+00   3.1756965e+00   6.4316644e+00   3.1391330e+00   3.1309817e+00   5.4788935e+00   3.1055426e+00   3.1680750e+00   5.5488075e+00   5.5313148e+00   5.5231534e+00   3.1623060e+00   3.2307064e+00   3.1089936e+00   5.4786417e+00   6.4256027e+00   3.1422793e+00
   9.9498453e+00   5.9726656e+00   9.7118718e+00   1.3744091e+01   8.3206955e+00   6.6347316e+00   6.6662438e+00   9.7121671e+00   1.2262540e+01   9.2985784e+00   7.3695880e+00   9.2703011e+00   7.9383775e+00   1.2332628e+01   9.1424126e+00   5.3338486e+00   1.4776670e+01   1.2391297e+01   6.6621665e+00   3.1162567e+00   6.9569943e+00   8.4330214e+00   1.0841660e+01   8.9064304e+00   1.4306204e+01
   1.0089589e+01   1.0190173e+01   1.1390354e+01   1.0588544e+01   1.0076775e+01   9.9950163e+00   1.0723685e+01   1.1873065e+01   1.0438860e+01   1.0073365e+01   1.2785120e+01   1.0318593e+01   9.7425888e+00   1.0418775e+01   9.8241294e+00   1.0013970e+01   1.0665693e+01   1.0812755e+01   1.1082135e+01   1.0272522e+01   1.0774324e+01   1.0174170e+01   1.0043453e+01   1.1199626e+01   1.0390117e+01
   1.5813183e+01   1.0864282e+01   1.3051521e+01   1.0837211e+01   1.0724323e+01   1.0658431e+01   1.1682152e+01   1.4210021e+01   1.1321750e+01   1.0606739e+01   1.6000502e+01   1.1057845e+01   1.0526985e+01   1.1497153e+01   1.0547433e+01   1.0615433e+01   1.0756627e+01   1.1477019e+01   1.1032240e+01   1.2255261e+01   1.1053684e+01   1.0692903e+01   1.0839378e+01   1.3083220e+01   1.0712501e+01
   1.6089792e+01   1.5520183e+01   1.6111304e+01   1.3464580e+01   1.2189408e+01   1.2833185e+01   1.6195401e+01   1.6108684e+01   1.6194138e+01   1.1700165e+01   1.6094198e+01   1.6266976e+01   1.0653171e+01   1.6088558e+01   1.0885905e+01   1.1337174e+01   1.4998703e+01   1.6123245e+01   1.3971493e+01   1.6195904e+01   1.6252937e+01   1.1758473e+01   1.4197771e+01   1.6122047e+01   1.2956198e+01
   1.6070198e+01   1.6076270e+01   1.6070401e+01   1.6077844e+01   1.6082993e+01   1.6094426e+01   1.6072958e+01   1.6070286e+01   1.6073408e+01   1.6081688e+01   1.6070166e+01   1.6074151e+01   1.6113175e+01   1.6071300e+01   1.6101747e+01   1.6084762e+01   1.6081141e+01   1.6072431e+01   1.6085479e+01   1.6070827e+01   1.6075949e+01   1.6090630e+01   1.6078025e+01   1.6070463e+01   1.6081071e+01
   1.6069870e+01   1.6069904e+01   1.6069870e+01   1.6069905e+01   1.6069948e+01   1.6069968e+01   1.6069877e+01   1.6069870e+01   1.6069881e+01   1.6069970e+01   1.6069870e+01   1.6069882e+01   1.6070249e+01   1.6069873e+01   1.6070038e+01   1.6069948e+01   1.6069901e+01   1.6069874e+01   1.6069962e+01   1.6069873e+01   1.6069894e+01   1.6069949e+01   1.6069906e+01   1.6069870e+01   1.6069934e+01
   1.6069869e+01   1.6069869e+01   1.6069869e+01   1.6069869e+01   1.6069869e+01   1.6069869e+01   1.6069869e+01   1.6069869e+01   1.6069869e+01   1.6069869e+01   1.6069869e+01   1.6069869e+01   1.6069869e+01   1.6069869e+01   1.6069869e+01   1.6069869e+01   1.6069869e+01   1.6069869e+01   1.6069869e+01   1.6069869e+01   1.6069869e+01   1.6069869e+01   1.6069869e+01   1.6069869e+01   1.6069869e+01
   1.6069869e+01   1.6069869e+01   1.6069869e+01   1.6069869e+01   1.6069869e+01   1.6069869e+01   1.6069869e+01   1.6069869e+01   1.6069869e+01   1.6069869e+01   1.6069869e+01   1.6069869e+01   1.6069869e+01   1.6069869e+01   1.6069869e+01   1.6069869e+01   1.6069869e+01   1.6069869e+01   1.6069869e+01   1.6069869e+01   1.6069869e+01   1.6069869e+01   1.6069869e+01   1.6069869e+01   1.6069869e+01
   1.6069869e+01   1.6069869e+01   1.6069869e+01   1.6069869e+01   1.6069869e+01   1.6069869e+01   1.6069869e+01   1.6069869e+01   1.6069869e+01   1.6069869e+01   1.6069869e+01   1.6069869e+01   1.6069869e+01   1.6069869e+01   1.6069869e+01   1.6069869e+01   1.6069869e+01   1.6069869e+01   1.6069869e+01   1.6069869e+01   1.6069869e+01   1.6069869e+01   1.6069869e+01   1.6069869e+01   1.6069869e+01
