   1.2157775e+01   1.1907844e+01   7.5791389e+00   1.6529489e+01   9.4637248e+00   9.4896874e+00   7.3140935e+00   1.9443579e+01   7.5803015e+00   9.6458082e+00   6.1270406e+00   9.0679423e+00   9.5424479e+00   1.0958280e+01   9.1567107e+00   9.0130674e+00   9.0737976e+00   1.0750085e+01   9.4822335e+00   1.0305324e+01   1.0331341e+01   1.0328664e+01   8.9675192e+00   6.5139083e+00   1.0118138e+01
   7.5207419e+00   4.8536278e+00   4.9018397e+00   3.4100646e+00   6.6721615e+00   8.1413341e+00   3.3941243e+00   8.7258620e+00   3.0788065e+00   3.9584448e+00   4.4676651e+00   4.0125779e+00   7.7248697e+00   5.5977120e+00   5.3383390e+00   6.2212423e+00   6.6864102e+00   4.8126168e+00   4.1171460e+00   4.7356370e+00   8.9604353e+00   8.0632807e+00   6.9992367e+00   5.7460465e+00   5.1503955e+00
   6.9466197e+00   4.1731702e+00   4.7240451e+00   2.9208832e+00   4.6229747e+00   3.9511789e+00   3.3443286e+00   5.8425340e+00   2.7595994e+00   3.3108849e+00   3.7876695e+00   3.7441927e+00   3.7878883e+00   5.0921279e+00   4.3795148e+00   4.0519586e+00   3.0482563e+00   4.4456606e+00   3.8213516e+00   4.0848055e+00   3.9944277e+00   6.7096413e+00   3.5469428e+00   4.5177396e+00   4.3675750e+00
   6.7356571e+00   3.7740140e+00   4.6228916e+00   2.8511785e+00   2.2751987e+00   3.3933111e+00   3.2633609e+00   3.3765733e+00   2.4904836e+00   3.0767030e+00   3.6520290e+00   3.3634870e+00   3.0769605e+00   4.7161836e+00   3.5948714e+00   3.7976103e+00   2.6747415e+00   4.3605512e+00   3.4947888e+00   3.9884441e+00   3.8048953e+00   6.4605960e+00   3.3281895e+00   4.2410250e+00   3.7069604e+00
   4.0166636e+00   3.6405406e+00   4.5655164e+00   2.8319684e+00   2.0847371e+00   3.0148388e+00   3.0470140e+00   3.2751112e+00   2.0350870e+00   2.8189896e+00   3.4506255e+00   2.0305821e+00   2.3112705e+00   4.5712409e+00   3.2353438e+00   3.7037167e+00   2.4348188e+00   4.2765693e+00   3.3399639e+00   3.6430475e+00   3.3275434e+00   3.1139894e+00   3.1786576e+00   4.1739367e+00   3.1844971e+00
   3.9383372e+00   3.5016781e+00   4.5070103e+00   2.2881171e+00   1.9067845e+00   2.8285979e+00   2.4136569e+00   2.8529664e+00   1.8836114e+00   2.6934329e+00   3.4094016e+00   1.9695220e+00   2.1549684e+00   4.4246600e+00   2.8254478e+00   2.5757356e+00   2.3415657e+00   4.2592186e+00   3.2171979e+00   3.6166111e+00   3.2674556e+00   2.7299768e+00   2.8690447e+00   4.0632512e+00   2.9629316e+00
   3.8079071e+00   2.8399842e+00   3.0848451e+00   2.0897827e+00   1.8512555e+00   2.7827047e+00   2.3917136e+00   2.5279273e+00   1.7714546e+00   2.6295709e+00   3.3842123e+00   1.9267122e+00   2.1005984e+00   4.3907031e+00   2.5528696e+00   2.1387784e+00   1.8368243e+00   3.3225240e+00   3.1928339e+00   3.5845495e+00   2.7959805e+00   2.4443998e+00   2.6358694e+00   4.0040069e+00   2.7658514e+00
   3.5932464e+00   2.4037787e+00   3.0358403e+00   2.0465048e+00   1.7925855e+00   2.7515317e+00   2.3422214e+00   2.4582223e+00   1.6981308e+00   2.5712675e+00   1.7703610e+00   1.8924145e+00   2.0301683e+00   3.2286631e+00   2.4717153e+00   2.0889718e+00   1.7378181e+00   3.2876544e+00   1.8153677e+00   3.1078099e+00   2.2680131e+00   2.3753179e+00   2.5510215e+00   3.8061116e+00   2.4735559e+00
   3.2696334e+00   2.2955576e+00   3.0221622e+00   2.0368701e+00   1.7523336e+00   2.6892024e+00   2.3364968e+00   2.0901758e+00   1.6766657e+00   2.4845754e+00   1.6177990e+00   1.8070258e+00   1.9678174e+00   2.9092115e+00   2.4628911e+00   2.0721636e+00   1.7104595e+00   3.2846954e+00   1.8017518e+00   2.9980085e+00   2.1845706e+00   2.2887463e+00   2.1046926e+00   1.8119966e+00   2.4175476e+00
   3.1053480e+00   2.0720253e+00   2.9838152e+00   2.0319322e+00   1.7421389e+00   2.6637629e+00   2.3334989e+00   1.9201484e+00   1.6590024e+00   2.4690513e+00   1.5990166e+00   1.7385259e+00   1.3898398e+00   2.8050867e+00   2.4255142e+00   2.0627380e+00   1.4465827e+00   3.2701409e+00   1.7749705e+00   2.9614353e+00   2.1807725e+00   2.2285517e+00   2.1005627e+00   1.7694459e+00   2.3773646e+00
