   2.9523210e-04   2.2703667e-04   1.0214576e-04   1.3348637e-04   5.2132946e-05   2.2792816e-05   9.2473042e-05   1.4283245e-04   8.6396659e-05   3.0099955e-05   2.3759147e-04   1.2914754e-05   6.8564080e-05   5.0322096e-05   2.4050799e-05   1.4987676e-04   1.1353487e-04   1.8526589e-04   2.4976449e-04   8.2720627e-05   3.3588949e-04   1.8179760e-04   1.9854945e-04   2.0914305e-04   0.0000000e+00
   1.4336374e-02   1.6520147e-02   1.1784186e-02   1.2627918e-02   2.0466572e-02   1.2138120e-02   1.5266439e-02   1.9706883e-02   1.6292650e-02   7.3633258e-03   2.0902609e-02   1.8707708e-02   2.1126376e-02   2.0989114e-02   3.5568440e-02   5.4186905e-03   1.2404453e-02   9.7481761e-03   1.8694723e-02   1.3108218e-02   1.6462891e-02   1.7560755e-02   7.9844425e-03   1.9971948e-02   2.7809818e-02
   1.7096372e-03   2.8783986e-03   1.9612114e-03   2.1519172e-03   2.4119802e-03   2.6739360e-03   2.4060674e-03   3.4312312e-03   3.1219133e-03   4.9593285e-03   2.1404376e-03   4.0143521e-03   1.4849474e-03   2.0046906e-03   3.1461256e-03   3.9542706e-03   2.1365399e-03   3.0287166e-03   1.4928511e-03   2.8862633e-03   2.4558881e-03   3.9074246e-03   1.7452113e-03   1.5802746e-03   5.7212852e-03
   2.0499793e-04   3.3202931e-04   3.1309759e-04   1.6563143e-04   4.5054647e-04   9.7738596e-05   1.0540116e-04   5.4834260e-04   4.0420771e-04   7.8210727e-04   2.5258759e-04   2.8163233e-04   4.1532932e-04   2.6530657e-04   3.1622832e-04   6.7957381e-04   2.0754506e-04   4.3084401e-04   1.5931159e-04   2.0627157e-04   3.0408899e-04   3.6464420e-04   1.4110906e-04   5.4632277e-04   8.5891691e-04
   0.0000000e+00   0.0000000e+00   0.0000000e+00   0.0000000e+00   0.0000000e+00   0.0000000e+00   0.0000000e+00   1.7459436e-05   0.0000000e+00   0.0000000e+00   0.0000000e+00   0.0000000e+00   0.0000000e+00   0.0000000e+00   1.0393460e-05   4.5087815e-05   0.0000000e+00   1.7509913e-05   0.0000000e+00   0.0000000e+00   0.0000000e+00   0.0000000e+00   0.0000000e+00   3.4008422e-06   4.5004713e-05
   0.0000000e+00   0.0000000e+00   0.0000000e+00   0.0000000e+00   0.0000000e+00   0.0000000e+00   0.0000000e+00   0.0000000e+00   0.0000000e+00   0.0000000e+00   0.0000000e+00   0.0000000e+00   0.0000000e+00   0.0000000e+00   0.0000000e+00   0.0000000e+00   0.0000000e+00   0.0000000e+00   0.0000000e+00   0.0000000e+00   0.0000000e+00   0.0000000e+00   0.0000000e+00   0.0000000e+00   0.0000000e+00
   0.0000000e+00   0.0000000e+00   0.0000000e+00   0.0000000e+00   0.0000000e+00   0.0000000e+00   0.0000000e+00   0.0000000e+00   0.0000000e+00   0.0000000e+00   0.0000000e+00   0.0000000e+00   0.0000000e+00   0.0000000e+00   0.0000000e+00   0.0000000e+00   0.0000000e+00   0.0000000e+00   0.0000000e+00   0.0000000e+00   0.0000000e+00   0.0000000e+00   0.0000000e+00   0.0000000e+00   0.0000000e+00
   0.0000000e+00   0.0000000e+00   0.0000000e+00   0.0000000e+00   0.0000000e+00   0.0000000e+00   0.0000000e+00   0.0000000e+00   0.0000000e+00   0.0000000e+00   0.0000000e+00   0.0000000e+00   0.0000000e+00   0.0000000e+00   0.0000000e+00   0.0000000e+00   0.0000000e+00   0.0000000e+00   0.0000000e+00   0.0000000e+00   0.0000000e+00   0.0000000e+00   0.0000000e+00   0.0000000e+00   0.0000000e+00
   0.0000000e+00   0.0000000e+00   0.0000000e+00   0.0000000e+00   0.0000000e+00   0.0000000e+00   0.0000000e+00   0.0000000e+00   0.0000000e+00   0.0000000e+00   0.0000000e+00   0.0000000e+00   0.0000000e+00   0.0000000e+00   0.0000000e+00   0.0000000e+00   0.0000000e+00   0.0000000e+00   0.0000000e+00   0.0000000e+00   0.0000000e+00   0.0000000e+00   0.0000000e+00   0.0000000e+00   0.0000000e+00
   0.0000000e+00   0.0000000e+00   0.0000000e+00   0.0000000e+00   0.0000000e+00   0.0000000e+00   0.0000000e+00   0.0000000e+00   0.0000000e+00   0.0000000e+00   0.0000000e+00   0.0000000e+00   0.0000000e+00   0.0000000e+00   0.0000000e+00   0.0000000e+00   0.0000000e+00   0.0000000e+00   0.0000000e+00   0.0000000e+00   0.0000000e+00   0.0000000e+00   0.0000000e+00   0.0000000e+00   0.0000000e+00
