   2.6657186e+00   2.8090930e+00   2.6592905e+00   2.6691711e+00   2.6589611e+00   2.6596098e+00   2.6626215e+00   2.6628848e+00   2.7096094e+00   2.8088038e+00   2.8014515e+00   2.6671425e+00   2.6722618e+00   2.6745361e+00   2.6703106e+00   2.6766221e+00   2.6592934e+00   2.8086270e+00   2.6691953e+00   4.0398471e-01   4.0405136e-01   4.0398265e-01   2.6595153e+00   4.0398674e-01   2.6618480e+00
   2.6588643e+00   2.6594901e+00   2.6585692e+00   2.6586203e+00   2.6589611e+00   2.6588197e+00   2.6606220e+00   2.6588317e+00   2.6593453e+00   2.6589254e+00   2.6586124e+00   2.6586397e+00   2.6585671e+00   2.6588379e+00   2.6590413e+00   2.6586240e+00   2.6592934e+00   2.6586084e+00   2.6587706e+00   2.0198598e+00   3.7704064e+00   3.3666264e+00   2.6586292e+00   3.7704035e+00   2.6586355e+00
   2.6585593e+00   2.6585623e+00   2.6585592e+00   2.6585593e+00   2.6585593e+00   2.6585592e+00   2.6585628e+00   2.6585605e+00   2.6585609e+00   2.6585616e+00   2.6585669e+00   2.6585592e+00   2.6585595e+00   2.6585592e+00   2.6585613e+00   2.6585600e+00   2.6585601e+00   2.6585600e+00   2.6585601e+00   3.6359337e+00   3.6359337e+00   3.6359337e+00   2.6585592e+00   3.6359337e+00   2.6585593e+00
   2.6585592e+00   2.6585592e+00   2.6585592e+00   2.6585592e+00   2.6585592e+00   2.6585592e+00   2.6585592e+00   2.6585592e+00   2.6585592e+00   2.6585592e+00   2.6585592e+00   2.6585592e+00   2.6585592e+00   2.6585592e+00   2.6585592e+00   2.6585592e+00   2.6585592e+00   2.6585592e+00   2.6585592e+00   3.6359337e+00   3.6359337e+00   3.6359337e+00   2.6585592e+00   3.6359337e+00   2.6585592e+00
   2.6585592e+00   2.6585592e+00   2.6585592e+00   2.6585592e+00   2.6585592e+00   2.6585592e+00   2.6585592e+00   2.6585592e+00   2.6585592e+00   2.6585592e+00   2.6585592e+00   2.6585592e+00   2.6585592e+00   2.6585592e+00   2.6585592e+00   2.6585592e+00   2.6585592e+00   2.6585592e+00   2.6585592e+00   3.6359337e+00   3.6359337e+00   3.6359337e+00   2.6585592e+00   3.6359337e+00   2.6585592e+00
   2.6585592e+00   2.6585592e+00   2.6585592e+00   2.6585592e+00   2.6585592e+00   2.6585592e+00   2.6585592e+00   2.6585592e+00   2.6585592e+00   2.6585592e+00   2.6585592e+00   2.6585592e+00   2.6585592e+00   2.6585592e+00   2.6585592e+00   2.6585592e+00   2.6585592e+00   2.6585592e+00   2.6585592e+00   3.6359337e+00   3.6359337e+00   3.6359337e+00   2.6585592e+00   3.6359337e+00   2.6585592e+00
   2.6585592e+00   2.6585592e+00   2.6585592e+00   2.6585592e+00   2.6585592e+00   2.6585592e+00   2.6585592e+00   2.6585592e+00   2.6585592e+00   2.6585592e+00   2.6585592e+00   2.6585592e+00   2.6585592e+00   2.6585592e+00   2.6585592e+00   2.6585592e+00   2.6585592e+00   2.6585592e+00   2.6585592e+00   3.6359337e+00   3.6359337e+00   3.6359337e+00   2.6585592e+00   3.6359337e+00   2.6585592e+00
   2.6585592e+00   2.6585592e+00   2.6585592e+00   2.6585592e+00   2.6585592e+00   2.6585592e+00   2.6585592e+00   2.6585592e+00   2.6585592e+00   2.6585592e+00   2.6585592e+00   2.6585592e+00   2.6585592e+00   2.6585592e+00   2.6585592e+00   2.6585592e+00   2.6585592e+00   2.6585592e+00   2.6585592e+00   3.6359337e+00   3.6359337e+00   3.6359337e+00   2.6585592e+00   3.6359337e+00   2.6585592e+00
   2.6585592e+00   2.6585592e+00   2.6585592e+00   2.6585592e+00   2.6585592e+00   2.6585592e+00   2.6585592e+00   2.6585592e+00   2.6585592e+00   2.6585592e+00   2.6585592e+00   2.6585592e+00   2.6585592e+00   2.6585592e+00   2.6585592e+00   2.6585592e+00   2.6585592e+00   2.6585592e+00   2.6585592e+00   3.6359337e+00   3.6359337e+00   3.6359337e+00   2.6585592e+00   3.6359337e+00   2.6585592e+00
   2.6585592e+00   2.6585592e+00   2.6585592e+00   2.6585592e+00   2.6585592e+00   2.6585592e+00   2.6585592e+00   2.6585592e+00   2.6585592e+00   2.6585592e+00   2.6585592e+00   2.6585592e+00   2.6585592e+00   2.6585592e+00   2.6585592e+00   2.6585592e+00   2.6585592e+00   2.6585592e+00   2.6585592e+00   3.6359337e+00   3.6359337e+00   3.6359337e+00   2.6585592e+00   3.6359337e+00   2.6585592e+00
