   4.3454620e-01   4.1282816e-01   4.7444220e-01   4.2499979e-01   4.1950863e-01   2.7445993e-01   4.6125229e-01   4.4904426e-01   3.6489952e-01   4.8023010e-01   4.0833309e-01   3.4692440e-01   5.2562506e-01   4.1754150e-01   5.1761213e-01   4.9279931e-01   3.2916665e-01   5.3963034e-01   6.0227412e-01   4.4390916e-01   3.7904020e-01   3.9735268e-01   4.9033099e-01   4.0141624e-01   4.6547368e-01
   3.7191533e-01   3.3424282e-01   4.4084893e-01   3.6623713e-01   2.1940587e-01   2.1962156e-01   2.4312068e-01   4.1132664e-01   2.7223709e-01   3.0528113e-01   3.3670679e-01   2.9613585e-01   4.5531045e-01   3.5791070e-01   3.6392632e-01   2.8533333e-01   2.2135507e-01   2.9150982e-01   3.7827825e-01   3.6692625e-01   3.2049987e-01   3.3859225e-01   3.6789440e-01   3.7387711e-01   3.8487996e-01
   3.6088239e-01   3.2148554e-01   3.6035848e-01   3.4871120e-01   1.4541198e-01   2.1310307e-01   2.3240542e-01   3.9447738e-01   2.6522469e-01   1.9655725e-01   2.9953462e-01   2.7198603e-01   4.1849360e-01   3.4091967e-01   3.4104495e-01   2.3020384e-01   2.0220456e-01   2.3397574e-01   3.4270970e-01   3.2703931e-01   3.1173676e-01   3.1564875e-01   3.4781363e-01   3.5273450e-01   3.5564053e-01
   3.3636948e-01   3.1413527e-01   2.6110456e-01   3.2266034e-01   1.2848159e-01   2.1061587e-01   2.0602758e-01   3.7163272e-01   2.5614210e-01   1.8470838e-01   2.6698211e-01   2.6028654e-01   3.6494676e-01   3.0221472e-01   3.0819347e-01   2.1069122e-01   1.9927551e-01   2.1200606e-01   3.3569123e-01   3.0239308e-01   2.9163604e-01   3.0508326e-01   3.2191588e-01   3.4472010e-01   3.4965788e-01
   3.2956771e-01   3.1034684e-01   2.4498762e-01   2.6668032e-01   1.2672011e-01   2.0749124e-01   2.0134485e-01   3.6845036e-01   2.5480426e-01   1.7122791e-01   2.3964452e-01   2.3635842e-01   3.3636098e-01   2.7069696e-01   2.7029518e-01   2.0502744e-01   1.9472221e-01   1.8747037e-01   3.3241982e-01   2.8858781e-01   2.8880546e-01   2.8922294e-01   3.1288598e-01   2.2328894e-01   2.2961888e-01
   3.1680111e-01   3.0749751e-01   2.2702479e-01   1.4920327e-01   1.1672849e-01   2.0320718e-01   1.3746887e-01   3.6665436e-01   2.4872739e-01   1.0023977e-01   2.0360512e-01   2.3190670e-01   3.3232279e-01   2.4341237e-01   2.6470559e-01   1.9141296e-01   1.9331384e-01   1.7736838e-01   1.7453315e-01   1.4647616e-01   2.8085832e-01   2.8682636e-01   3.0404148e-01   1.4111697e-01   2.2199419e-01
   2.9804171e-01   2.9601642e-01   2.1996670e-01   1.4246678e-01   1.0575097e-01   1.6383859e-01   1.3288998e-01   2.1801376e-01   2.1400196e-01   9.0773361e-02   1.7802836e-01   1.5792359e-01   3.2144539e-01   2.4213847e-01   1.7545576e-01   1.8527357e-01   1.9122566e-01   1.6933927e-01   1.5502686e-01   1.4297044e-01   1.5892305e-01   2.8553223e-01   2.9998598e-01   1.0584405e-01   2.2021655e-01
   1.7907321e-01   2.9393956e-01   2.0451079e-01   9.9669134e-02   1.0412556e-01   1.3102968e-01   1.2631351e-01   1.9620930e-01   1.9720881e-01   8.8858968e-02   1.7538311e-01   1.2672808e-01   2.6537238e-01   1.5941475e-01   1.4785732e-01   1.5317310e-01   1.3379678e-01   1.5937056e-01   1.3227416e-01   1.4119216e-01   1.4652114e-01   1.4698283e-01   1.7286376e-01   9.3381253e-02   2.1115987e-01
   1.5751997e-01   2.9368581e-01   1.5088931e-01   9.2432881e-02   8.7996984e-02   1.2310089e-01   1.1820382e-01   1.6803646e-01   1.9656362e-01   8.8575429e-02   1.4753372e-01   1.1349251e-01   2.3508790e-01   1.5528539e-01   1.2159645e-01   1.5188913e-01   1.2145294e-01   1.4464410e-01   1.2146131e-01   1.3316366e-01   1.1829899e-01   1.2641421e-01   1.6469596e-01   7.9268712e-02   2.0624722e-01
   1.3838383e-01   2.8689370e-01   1.0172375e-01   9.0621649e-02   7.0350977e-02   1.2213155e-01   1.1486231e-01   1.4735769e-01   1.7822737e-01   8.8529255e-02   1.4214504e-01   1.0317369e-01   1.6145746e-01   1.5135335e-01   1.1283733e-01   1.5033331e-01   1.1312324e-01   9.8491047e-02   1.1678089e-01   1.1606453e-01   1.1199257e-01   1.2275174e-01   1.5784462e-01   7.0381089e-02   1.8826570e-01
