   1.6611090e+00   1.6791465e+00   1.6748043e+00   1.6841438e+00   1.6374096e+00   1.6707837e+00   1.6601455e+00   1.6750328e+00   1.6697488e+00   1.6635441e+00   1.6329355e+00   1.6869770e+00   1.6466941e+00   1.6585199e+00   1.6532174e+00   1.6522416e+00   1.6600710e+00   1.6549926e+00   1.6535060e+00   1.6436794e+00   1.6483747e+00   1.6664429e+00   1.6735259e+00   1.6532748e+00   1.6748492e+00
   5.1895975e+00   1.6654066e+00   1.6900894e+00   1.6971850e+00   1.6928946e+00   1.6794110e+00   1.6571256e+00   1.6884382e+00   1.6622416e+00   1.6757838e+00   1.6902084e+00   1.7056129e+00   1.6462234e+00   1.6759147e+00   1.6733828e+00   1.6669362e+00   1.6800775e+00   1.6785401e+00   1.6726450e+00   1.6549093e+00   2.5866673e+00   1.6725216e+00   1.6683255e+00   1.6848165e+00   1.6720666e+00
   1.6794271e+00   1.6741275e+00   1.6737665e+00   1.6751687e+00   1.6784639e+00   1.6762600e+00   1.6811644e+00   1.6741146e+00   1.6766874e+00   1.6729872e+00   1.6775714e+00   1.6779021e+00   1.6767572e+00   1.6756986e+00   1.6780859e+00   1.6790680e+00   1.6756339e+00   1.6748395e+00   1.6798254e+00   1.6726300e+00   1.6781374e+00   1.6776027e+00   1.6794738e+00   1.6739926e+00   1.6755952e+00
   1.6702745e+00   1.6703076e+00   1.6702427e+00   1.6702988e+00   1.6703264e+00   1.6702770e+00   1.6704459e+00   1.6702589e+00   1.6702789e+00   1.6702394e+00   1.6702855e+00   1.6703256e+00   1.6703499e+00   1.6702552e+00   1.6702837e+00   1.6704221e+00   1.6703211e+00   1.6702654e+00   1.6703017e+00   1.6702879e+00   1.6702607e+00   1.6703109e+00   1.6702864e+00   1.6702614e+00   1.6702566e+00
   1.6702184e+00   1.6702181e+00   1.6702180e+00   1.6702179e+00   1.6702181e+00   1.6702179e+00   1.6702184e+00   1.6702179e+00   1.6702179e+00   1.6702178e+00   1.6702181e+00   1.6702184e+00   1.6702184e+00   1.6702179e+00   1.6702180e+00   1.6702185e+00   1.6702181e+00   1.6702180e+00   1.6702180e+00   1.6702179e+00   1.6702182e+00   1.6702180e+00   1.6702180e+00   1.6702179e+00   1.6702179e+00
   1.6702177e+00   1.6702177e+00   1.6702177e+00   1.6702177e+00   1.6702177e+00   1.6702177e+00   1.6702177e+00   1.6702177e+00   1.6702177e+00   1.6702177e+00   1.6702177e+00   1.6702177e+00   1.6702177e+00   1.6702177e+00   1.6702177e+00   1.6702177e+00   1.6702177e+00   1.6702177e+00   1.6702177e+00   1.6702177e+00   1.6702177e+00   1.6702177e+00   1.6702177e+00   1.6702177e+00   1.6702177e+00
   1.6702177e+00   1.6702177e+00   1.6702177e+00   1.6702177e+00   1.6702177e+00   1.6702177e+00   1.6702177e+00   1.6702177e+00   1.6702177e+00   1.6702177e+00   1.6702177e+00   1.6702177e+00   1.6702177e+00   1.6702177e+00   1.6702177e+00   1.6702177e+00   1.6702177e+00   1.6702177e+00   1.6702177e+00   1.6702177e+00   1.6702177e+00   1.6702177e+00   1.6702177e+00   1.6702177e+00   1.6702177e+00
   1.6702177e+00   1.6702177e+00   1.6702177e+00   1.6702177e+00   1.6702177e+00   1.6702177e+00   1.6702177e+00   1.6702177e+00   1.6702177e+00   1.6702177e+00   1.6702177e+00   1.6702177e+00   1.6702177e+00   1.6702177e+00   1.6702177e+00   1.6702177e+00   1.6702177e+00   1.6702177e+00   1.6702177e+00   1.6702177e+00   1.6702177e+00   1.6702177e+00   1.6702177e+00   1.6702177e+00   1.6702177e+00
   1.6702177e+00   1.6702177e+00   1.6702177e+00   1.6702177e+00   1.6702177e+00   1.6702177e+00   1.6702177e+00   1.6702177e+00   1.6702177e+00   1.6702177e+00   1.6702177e+00   1.6702177e+00   1.6702177e+00   1.6702177e+00   1.6702177e+00   1.6702177e+00   1.6702177e+00   1.6702177e+00   1.6702177e+00   1.6702177e+00   1.6702177e+00   1.6702177e+00   1.6702177e+00   1.6702177e+00   1.6702177e+00
   1.6702177e+00   1.6702177e+00   1.6702177e+00   1.6702177e+00   1.6702177e+00   1.6702177e+00   1.6702177e+00   1.6702177e+00   1.6702177e+00   1.6702177e+00   1.6702177e+00   1.6702177e+00   1.6702177e+00   1.6702177e+00   1.6702177e+00   1.6702177e+00   1.6702177e+00   1.6702177e+00   1.6702177e+00   1.6702177e+00   1.6702177e+00   1.6702177e+00   1.6702177e+00   1.6702177e+00   1.6702177e+00
