   9.0909091e+04   9.0909091e+04   9.0909091e+04   9.0909091e+04   9.0909091e+04   0.0000000e+00   9.0909091e+04   9.0909091e+04   9.0909091e+04   9.0909091e+04   9.0909091e+04   9.0909091e+04   0.0000000e+00   9.0909091e+04   9.0909091e+04   9.0909091e+04   9.0909091e+04   0.0000000e+00   9.0909091e+04   9.0909091e+04   9.0909091e+04   0.0000000e+00   9.0909091e+04   0.0000000e+00   9.0909091e+04
   0.0000000e+00   9.0909091e+04   9.0909091e+04   9.0909091e+04   0.0000000e+00   0.0000000e+00   9.0909091e+04   0.0000000e+00   0.0000000e+00   9.0909091e+04   9.0909091e+04   9.0909091e+04   0.0000000e+00   9.0909091e+04   9.0909091e+04   9.0909091e+04   9.0909091e+04   0.0000000e+00   9.0909091e+04   9.0909091e+04   0.0000000e+00   0.0000000e+00   9.0909091e+04   0.0000000e+00   0.0000000e+00
   0.0000000e+00   9.0909091e+04   0.0000000e+00   9.0909091e+04   0.0000000e+00   0.0000000e+00   9.0909091e+04   0.0000000e+00   0.0000000e+00   9.0909091e+04   0.0000000e+00   9.0909091e+04   0.0000000e+00   9.0909091e+04   0.0000000e+00   9.0909091e+04   0.0000000e+00   0.0000000e+00   9.0909091e+04   9.0909091e+04   0.0000000e+00   0.0000000e+00   0.0000000e+00   0.0000000e+00   0.0000000e+00
   0.0000000e+00   0.0000000e+00   0.0000000e+00   9.0909091e+04   0.0000000e+00   0.0000000e+00   9.0909091e+04   0.0000000e+00   0.0000000e+00   0.0000000e+00   0.0000000e+00   0.0000000e+00   0.0000000e+00   0.0000000e+00   0.0000000e+00   9.0909091e+04   0.0000000e+00   0.0000000e+00   0.0000000e+00   9.0909091e+04   0.0000000e+00   0.0000000e+00   0.0000000e+00   0.0000000e+00   0.0000000e+00
   0.0000000e+00   0.0000000e+00   0.0000000e+00   0.0000000e+00   0.0000000e+00   0.0000000e+00   9.0909091e+04   0.0000000e+00   0.0000000e+00   0.0000000e+00   0.0000000e+00   0.0000000e+00   0.0000000e+00   0.0000000e+00   0.0000000e+00   9.0909091e+04   0.0000000e+00   0.0000000e+00   0.0000000e+00   0.0000000e+00   0.0000000e+00   0.0000000e+00   0.0000000e+00   0.0000000e+00   0.0000000e+00
   0.0000000e+00   0.0000000e+00   0.0000000e+00   0.0000000e+00   0.0000000e+00   0.0000000e+00   0.0000000e+00   0.0000000e+00   0.0000000e+00   0.0000000e+00   0.0000000e+00   0.0000000e+00   0.0000000e+00   0.0000000e+00   0.0000000e+00   0.0000000e+00   0.0000000e+00   0.0000000e+00   0.0000000e+00   0.0000000e+00   0.0000000e+00   0.0000000e+00   0.0000000e+00   0.0000000e+00   0.0000000e+00
   0.0000000e+00   0.0000000e+00   0.0000000e+00   0.0000000e+00   0.0000000e+00   0.0000000e+00   0.0000000e+00   0.0000000e+00   0.0000000e+00   0.0000000e+00   0.0000000e+00   0.0000000e+00   0.0000000e+00   0.0000000e+00   0.0000000e+00   0.0000000e+00   0.0000000e+00   0.0000000e+00   0.0000000e+00   0.0000000e+00   0.0000000e+00   0.0000000e+00   0.0000000e+00   0.0000000e+00   0.0000000e+00
   0.0000000e+00   0.0000000e+00   0.0000000e+00   0.0000000e+00   0.0000000e+00   0.0000000e+00   0.0000000e+00   0.0000000e+00   0.0000000e+00   0.0000000e+00   0.0000000e+00   0.0000000e+00   0.0000000e+00   0.0000000e+00   0.0000000e+00   0.0000000e+00   0.0000000e+00   0.0000000e+00   0.0000000e+00   0.0000000e+00   0.0000000e+00   0.0000000e+00   0.0000000e+00   0.0000000e+00   0.0000000e+00
   0.0000000e+00   0.0000000e+00   0.0000000e+00   0.0000000e+00   0.0000000e+00   0.0000000e+00   0.0000000e+00   0.0000000e+00   0.0000000e+00   0.0000000e+00   0.0000000e+00   0.0000000e+00   0.0000000e+00   0.0000000e+00   0.0000000e+00   0.0000000e+00   0.0000000e+00   0.0000000e+00   0.0000000e+00   0.0000000e+00   0.0000000e+00   0.0000000e+00   0.0000000e+00   0.0000000e+00   0.0000000e+00
   0.0000000e+00   0.0000000e+00   0.0000000e+00   0.0000000e+00   0.0000000e+00   0.0000000e+00   0.0000000e+00   0.0000000e+00   0.0000000e+00   0.0000000e+00   0.0000000e+00   0.0000000e+00   0.0000000e+00   0.0000000e+00   0.0000000e+00   0.0000000e+00   0.0000000e+00   0.0000000e+00   0.0000000e+00   0.0000000e+00   0.0000000e+00   0.0000000e+00   0.0000000e+00   0.0000000e+00   0.0000000e+00
