  -7.3824185e-01  -8.3441258e-01  -3.8565121e-01  -9.5016449e-01  -9.4767195e-01  -8.2971430e-01  -7.5917462e-01  -2.2357213e-01  -4.6178806e-01  -0.0000000e+00  -7.4994569e-01  -9.4105064e-01  -6.1927738e-01  -5.9633935e-01  -6.1831445e-01  -8.0392397e-01  -9.2575890e-01  -0.0000000e+00  -8.2166329e-01  -1.2602218e-01  -9.6253696e-01  -6.2488295e-01  -5.5729232e-02  -5.5007144e-01  -8.7202731e-01
  -3.5383276e-01  -3.4568782e-01  -2.8485749e-01  -2.6985515e-01  -3.5094152e-01  -3.2419005e-01  -3.7675879e-01  -2.9174020e-01  -3.5057385e-01  -3.5927222e-01  -3.1230025e-01  -3.7071803e-01  -2.5686523e-01  -3.0174135e-01  -3.9874741e-01  -2.0554696e-01  -3.7904212e-01  -3.4543469e-01  -4.2544069e-01  -3.1841374e-01  -3.7588382e-01  -3.1455000e-01  -3.4574723e-01  -3.9225231e-01  -4.1368182e-01
  -3.5778473e-01  -3.4303614e-01  -3.3468394e-01  -3.3052358e-01  -3.0071510e-01  -3.5072822e-01  -3.4961546e-01  -3.2764534e-01  -3.5387775e-01  -3.7866935e-01  -3.4006762e-01  -3.2432983e-01  -3.4556813e-01  -3.5079684e-01  -3.3436715e-01  -2.9044665e-01  -3.4836618e-01  -3.4386083e-01  -3.6061786e-01  -3.2037725e-01  -3.4423251e-01  -3.6054870e-01  -3.4487580e-01  -3.5858276e-01  -3.3387139e-01
  -3.6333112e-01  -3.5542163e-01  -3.5553332e-01  -3.4834482e-01  -3.5430471e-01  -3.5361733e-01  -3.5312419e-01  -3.5670702e-01  -3.4168534e-01  -3.4255613e-01  -3.5284386e-01  -3.4582815e-01  -3.6223277e-01  -3.2083633e-01  -3.4930637e-01  -3.5604334e-01  -3.6128595e-01  -3.5157325e-01  -3.5304355e-01  -3.5257229e-01  -3.6007817e-01  -3.5590456e-01  -3.5454069e-01  -3.4927074e-01  -3.5556079e-01
  -3.6856963e-01  -3.6120728e-01  -3.6265374e-01  -3.5877178e-01  -3.6187013e-01  -3.6717593e-01  -3.6258807e-01  -3.6879403e-01  -3.6439568e-01  -3.5594607e-01  -3.6577159e-01  -3.5944762e-01  -3.6952416e-01  -3.6829699e-01  -3.6693330e-01  -3.5670989e-01  -3.6695039e-01  -3.5454178e-01  -3.6420442e-01  -3.5859618e-01  -3.6515423e-01  -3.6306368e-01  -3.6545894e-01  -3.6270864e-01  -3.6054527e-01
  -3.7167178e-01  -3.6542582e-01  -3.6688105e-01  -3.6278906e-01  -3.6915951e-01  -3.7043874e-01  -3.6602091e-01  -3.7141381e-01  -3.6776346e-01  -3.6788040e-01  -3.6957681e-01  -3.7013767e-01  -3.7235323e-01  -3.7110388e-01  -3.7093283e-01  -3.5814174e-01  -3.7108499e-01  -3.6221905e-01  -3.7280814e-01  -3.6435488e-01  -3.6878507e-01  -3.6756895e-01  -3.6916233e-01  -3.6787325e-01  -3.6845171e-01
  -3.7364282e-01  -3.6746973e-01  -3.6975009e-01  -3.6869253e-01  -3.7301411e-01  -3.7235683e-01  -3.6929588e-01  -3.7350695e-01  -3.7126334e-01  -3.7203359e-01  -3.7123479e-01  -3.7554601e-01  -3.7403061e-01  -3.7354786e-01  -3.7316952e-01  -3.6119675e-01  -3.7306350e-01  -3.6484961e-01  -3.7810761e-01  -3.7036507e-01  -3.7088526e-01  -3.6977861e-01  -3.7097627e-01  -3.6978065e-01  -3.7183738e-01
  -3.7423925e-01  -3.6968061e-01  -3.7115869e-01  -3.7098956e-01  -3.7431635e-01  -3.7365515e-01  -3.7318006e-01  -3.7476065e-01  -3.7364534e-01  -3.7359693e-01  -3.7245889e-01  -3.8024162e-01  -3.7458174e-01  -3.7441695e-01  -3.7473169e-01  -3.6463521e-01  -3.7410596e-01  -3.6823422e-01  -3.8461819e-01  -3.7889262e-01  -3.7250417e-01  -3.7264234e-01  -3.7226959e-01  -3.7285739e-01  -3.7287765e-01
  -3.7466232e-01  -3.7243654e-01  -3.7299401e-01  -3.7346955e-01  -3.7468305e-01  -3.7428686e-01  -3.7433595e-01  -3.7486159e-01  -3.7414248e-01  -3.7404209e-01  -3.7330122e-01  -3.8352484e-01  -3.7466016e-01  -3.7464234e-01  -3.7486077e-01  -3.6733758e-01  -3.7439874e-01  -3.7346947e-01  -3.8825914e-01  -3.8443808e-01  -3.7340737e-01  -3.7398232e-01  -3.7360969e-01  -3.7424062e-01  -3.7431827e-01
  -3.7469378e-01  -3.7344557e-01  -3.7425545e-01  -3.7351169e-01  -3.7476885e-01  -3.7447561e-01  -3.7448921e-01  -3.7486163e-01  -3.7435773e-01  -3.7410723e-01  -3.7427072e-01  -3.8699260e-01  -3.7468626e-01  -3.7471114e-01  -3.7486163e-01  -3.6917640e-01  -3.7456234e-01  -3.7398037e-01  -3.8826044e-01  -3.8823297e-01  -3.7366779e-01  -3.7416573e-01  -3.7414569e-01  -3.7439858e-01  -3.7439469e-01
