   1.6075315e-11   2.0811187e-11   1.9826337e-13   8.1348651e-12   5.2354620e-12   1.5139159e-11   4.0823901e-11   6.0601843e-12   1.2765080e-13   5.6958679e-12   1.7275008e-10   1.2607962e-10   8.1194369e-12   3.7888206e-12   1.3062419e-15   2.8482483e-14   8.4480084e-12   5.5386977e-11   1.6935515e-12   3.1870022e-16   9.1273757e-13   2.4728039e-11   3.4190319e-15   9.3480913e-12   6.1625356e-15
   1.6243782e-13   4.7884734e-14   1.9826337e-13   2.8266949e-12   2.7742477e-12   6.9211707e-15   2.1463690e-11   6.0601843e-12   1.2765080e-13   4.5051096e-12   1.9439861e-14   1.0745992e-12   1.1968062e-12   1.6204601e-12   1.3062419e-15   2.8482483e-14   3.4230457e-12   2.1701363e-15   1.6935515e-12   3.1870022e-16   9.1273757e-13   4.9560853e-12   3.4190319e-15   5.8682126e-12   6.1625356e-15
   1.6243782e-13   4.7884734e-14   1.9826337e-13   1.5329800e-12   2.5162359e-16   6.9211707e-15   1.0867904e-11   3.1170381e-13   1.2765080e-13   7.6983694e-13   1.9439861e-14   6.7569218e-13   1.1968062e-12   1.3129076e-12   1.3062419e-15   2.8482483e-14   2.4700581e-12   2.1701363e-15   1.6935515e-12   3.1870022e-16   6.3272603e-15   1.3016886e-12   3.4190319e-15   7.0753014e-15   6.1625356e-15
   3.9093784e-14   7.8778585e-15   1.9826337e-13   2.2597720e-13   2.5162359e-16   6.9211707e-15   1.4282047e-13   3.1170381e-13   1.2765080e-13   7.6983694e-13   1.9439861e-14   6.7569218e-13   2.6448330e-13   5.6242510e-13   1.9695789e-16   2.8482483e-14   4.0221633e-14   2.1701363e-15   1.1828918e-14   3.1870022e-16   6.3272603e-15   1.2090553e-15   3.4190319e-15   7.0753014e-15   6.1625356e-15
   3.9093784e-14   7.8778585e-15   5.9471773e-14   1.3700896e-14   2.5162359e-16   6.9211707e-15   7.4302205e-14   1.6208637e-14   1.5144394e-15   8.3119547e-16   1.9439861e-14   7.8577868e-14   7.9757171e-16   7.8619561e-15   1.9695789e-16   3.8298849e-15   1.1324722e-14   2.1701363e-15   1.1828918e-14   3.1870022e-16   2.3827245e-15   1.2090553e-15   3.4190319e-15   6.7691897e-15   6.1625356e-15
   8.6656453e-16   5.0463171e-15   5.9471773e-14   3.7357685e-20   2.5162359e-16   6.9211707e-15   1.8961033e-14   1.6208637e-14   1.5144394e-15   8.3119547e-16   1.9439861e-14   6.1920430e-15   7.9757171e-16   5.7147381e-15   1.9695789e-16   3.8298849e-15   1.1324722e-14   2.1701363e-15   1.1828918e-14   3.1870022e-16   2.3827245e-15   1.2090553e-15   1.0184245e-15   6.7691897e-15   6.1625356e-15
   8.6656453e-16   5.0463171e-15   6.4491555e-15   3.7357685e-20   2.5162359e-16   6.9211707e-15   3.3172565e-17   7.9962371e-17   1.5144394e-15   1.8204232e-16   3.1643094e-17   6.1920430e-15   7.9757171e-16   5.7147381e-15   1.9695789e-16   3.8298849e-15   4.9383059e-15   3.1793917e-16   6.5003794e-17   9.4839978e-18   1.4200884e-15   1.2090553e-15   1.0184245e-15   4.3773882e-16   6.1625356e-15
   1.3938468e-16   5.0463171e-15   7.6026895e-16   3.7357685e-20   2.5162359e-16   1.2542419e-15   1.8693074e-17   7.9962371e-17   8.8664626e-16   1.8204232e-16   3.1643094e-17   1.3438770e-15   2.8418246e-16   1.2818068e-15   6.2192558e-18   3.5557814e-15   8.8936903e-18   3.1793917e-16   6.5003794e-17   9.4839978e-18   1.4200884e-15   2.4459025e-16   1.3231108e-19   4.3773882e-16   8.0812986e-17
   1.3862232e-16   3.8943921e-28   2.3216669e-27   0.0000000e+00   1.6560652e-21   1.2542419e-15   1.8693074e-17   7.7037198e-34   2.0706158e-16   1.8006701e-22   3.1643094e-17   2.5409713e-17   0.0000000e+00   1.2791751e-23   3.0814879e-33   1.7333369e-31   1.0205896e-27   2.8867007e-16   0.0000000e+00   9.4839978e-18   1.1271024e-26   1.8171391e-19   1.3230916e-19   1.0378536e-17   2.6161966e-18
   0.0000000e+00   0.0000000e+00   0.0000000e+00   0.0000000e+00   0.0000000e+00   0.0000000e+00   0.0000000e+00   0.0000000e+00   0.0000000e+00   0.0000000e+00   0.0000000e+00   0.0000000e+00   0.0000000e+00   0.0000000e+00   0.0000000e+00   0.0000000e+00   0.0000000e+00   0.0000000e+00   0.0000000e+00   0.0000000e+00   0.0000000e+00   0.0000000e+00   0.0000000e+00   0.0000000e+00   0.0000000e+00
