   9.2273349e-03   9.3610944e-03   9.1168750e-03   4.4401484e-02   8.4538862e-03   7.8952482e-03   1.6904080e-01   7.5523674e-03   9.0163234e-03   1.4503046e-01   8.7231120e-03   1.0264849e-02   7.5164455e-03   9.9439740e-03   7.9841814e-03   1.0493904e-02   7.5623358e-03   9.0674107e-03   1.0598616e-02   9.0020512e-03   8.6423978e-03   8.8766567e-03   3.6348087e-01   9.2299474e-03   8.5740354e-03
   7.9206267e-03   7.3653123e-03   7.8641823e-03   8.2959253e-03   8.0066798e-03   7.0804255e-03   6.7921467e-03   6.9360268e-03   7.2700484e-03   6.9315133e-03   7.4806132e-03   7.0626447e-03   4.1135374e-03   9.2203526e-03   5.9630263e-03   9.3545282e-03   6.0950856e-03   8.1886345e-03   8.7719701e-03   8.0441669e-03   7.7015369e-03   7.6618903e-03   8.3580564e-03   8.3113660e-03   7.1546944e-03
   6.6928367e-03   6.5458122e-03   6.6226542e-03   8.0887890e-03   7.5840115e-03   6.3078610e-03   6.3434799e-03   6.5203127e-03   6.5190768e-03   6.7267591e-03   6.9236498e-03   6.6256520e-03   3.5408349e-03   8.2183898e-03   4.4996887e-03   8.1918903e-03   5.5853862e-03   6.6046137e-03   6.9811350e-03   7.4895894e-03   7.1307062e-03   6.4754104e-03   7.5436962e-03   7.7396228e-03   6.5417181e-03
   5.6238815e-03   5.5516046e-03   5.8058051e-03   7.9354217e-03   7.3377815e-03   5.7279531e-03   6.0593041e-03   5.6472504e-03   5.9542005e-03   6.4221887e-03   6.3314766e-03   6.2619086e-03   3.2701194e-03   7.2574129e-03   3.7439468e-03   7.0786459e-03   5.1885282e-03   5.8173234e-03   6.4256567e-03   6.7211718e-03   6.4139642e-03   5.9568857e-03   6.6968080e-03   7.3250151e-03   6.2560784e-03
   4.0232345e-03   4.8771173e-03   5.5120473e-03   6.6253194e-03   6.7802854e-03   5.4317924e-03   5.7164285e-03   4.4386386e-03   5.5107116e-03   2.3311905e-03   5.9040619e-03   5.9731609e-03   2.7273334e-03   6.6464548e-03   3.5917041e-03   6.8391871e-03   4.5625356e-03   4.7180692e-03   5.9753197e-03   6.4760563e-03   6.1108905e-03   5.5075303e-03   6.1380436e-03   6.8866525e-03   5.9181326e-03
   3.3876616e-03   3.7678723e-03   5.2557426e-03   5.5522248e-03   2.0965887e-03   4.8694880e-03   5.6072748e-03   3.9578691e-03   5.0182517e-03   2.0812141e-03   5.6523449e-03   5.5740745e-03   2.4034949e-03   6.3411252e-03   1.9690355e-03   4.9444961e-03   4.0325315e-03   4.0770215e-03   2.0791280e-03   5.0247860e-03   5.8123580e-03   5.0495461e-03   5.4990955e-03   3.0348093e-03   2.5867666e-03
   2.0333587e-03   3.3971741e-03   4.9588795e-03   2.2650056e-03   2.0221856e-03   4.6175272e-03   4.8979427e-03   2.7559552e-03   4.0496771e-03   1.9702710e-03   2.6317051e-03   5.4581103e-03   1.8232997e-03   5.8150668e-03   1.9638807e-03   4.8043044e-03   3.0144265e-03   3.7960472e-03   1.9697621e-03   2.0799468e-03   2.4743530e-03   2.6626757e-03   4.0943003e-03   2.6183680e-03   2.1621173e-03
   1.9660202e-03   2.2531402e-03   1.9772242e-03   1.9671570e-03   1.9750384e-03   2.0655958e-03   2.3378838e-03   2.1466275e-03   1.9826986e-03   1.3597275e-03   2.0122049e-03   1.2875835e-03   7.3204456e-04   2.1938096e-03   1.3172380e-03   2.1794383e-03   2.0660434e-03   2.1526181e-03   1.9568702e-03   1.2089896e-03   2.0851317e-03   2.0137595e-03   2.2481199e-03   2.2422481e-03   1.9652479e-03
   1.9504670e-03   1.9019802e-03   1.3252348e-03   7.4665625e-04   1.5111241e-03   2.0609016e-03   2.0631148e-03   1.9517346e-03   1.5312816e-03   1.3234367e-03   1.9662502e-03   9.0834808e-04   4.9768262e-04   2.0193064e-03   6.9429694e-04   1.8727542e-03   6.6263121e-04   1.4598915e-03   1.2841456e-03   9.5643676e-04   2.0194931e-03   1.9705867e-03   2.0843418e-03   1.9638869e-03   1.3526102e-03
   1.0382690e-03   4.8705823e-04   1.3124509e-03   5.7406729e-04   1.3798231e-03   1.9552179e-03   1.3010274e-03   1.2266267e-03   1.5068475e-03   1.3116654e-03   1.3749366e-03   4.8823094e-04   4.9139049e-04   1.9430964e-03   6.1621725e-04   1.3691763e-03   4.8757604e-04   5.9360063e-04   3.1512939e-04   8.7936126e-04   1.9565391e-03   4.8669287e-04   1.2713712e-03   6.4599831e-05   1.3343184e-03
