   6.3799334e+00   6.4347456e+00   6.1794073e+00   7.7697001e+00   6.5041992e+00   5.9594777e+00   6.4717166e+00   8.0506178e+00   7.4643903e+00   7.2887309e+00   5.5917074e+00   7.0570501e+00   5.8756799e+00   7.5709269e+00   6.6362150e+00   8.0979625e+00   8.2501192e+00   5.4776118e+00   3.6181379e+00   6.5288073e+00   7.2343997e+00   8.0177272e+00   6.3097936e+00   6.7182337e+00   9.8350235e+00
   5.0878283e+00   4.6742607e+00   5.2548720e+00   4.9799310e+00   4.8162948e+00   4.8450400e+00   3.8887519e+00   6.9328552e+00   6.7628673e+00   5.4152792e+00   4.7358165e+00   5.7968618e+00   4.9140546e+00   4.7084742e+00   5.4279480e+00   6.1970877e+00   6.7818668e+00   3.9895531e+00   2.8311084e+00   5.3210826e+00   5.9625472e+00   4.6250085e+00   4.9573522e+00   5.8304289e+00   8.1216914e+00
   4.9483099e+00   4.4954709e+00   5.0691911e+00   4.6042923e+00   4.6957024e+00   4.2363943e+00   3.6899515e+00   6.7765928e+00   5.9354158e+00   4.8705391e+00   4.3655724e+00   5.4571298e+00   4.0682927e+00   3.5120000e+00   5.1768803e+00   4.9603016e+00   5.9125052e+00   3.7653900e+00   1.8672951e+00   4.9305694e+00   5.6287898e+00   4.4515770e+00   4.7915464e+00   5.3967181e+00   7.1041908e+00
   4.8640545e+00   4.4412150e+00   4.7842229e+00   4.4348162e+00   4.5452683e+00   4.1087634e+00   3.5501624e+00   5.3284213e+00   5.8761953e+00   4.7064488e+00   4.2548946e+00   5.2754487e+00   3.5869490e+00   3.2842686e+00   4.9950072e+00   4.8046465e+00   5.3304693e+00   3.6561930e+00   9.0623864e-01   4.7756596e+00   5.4326623e+00   4.3610304e+00   4.7207835e+00   4.6435478e+00   4.4604468e+00
   4.3576106e+00   4.4071063e+00   4.7443445e+00   4.4074142e+00   4.4780645e+00   4.0652102e+00   3.3595891e+00   4.6959510e+00   5.8532173e+00   4.6215265e+00   4.2403934e+00   5.1672775e+00   3.3384643e+00   3.1726193e+00   3.2148070e+00   4.7154908e+00   5.1264806e+00   3.6394154e+00   8.3371413e-01   4.7186575e+00   5.3736430e+00   4.3503707e+00   4.3557494e+00   4.4060404e+00   3.8272315e+00
   4.3316975e+00   4.3922307e+00   4.7024967e+00   4.4030128e+00   4.2898528e+00   4.0402654e+00   3.3189356e+00   4.5237553e+00   5.8338519e+00   4.5930649e+00   4.2058173e+00   4.2951916e+00   3.3114817e+00   3.1645978e+00   2.5881674e+00   4.0557368e+00   4.9818038e+00   3.5702882e+00   8.1261867e-01   3.6481119e+00   5.2634215e+00   4.2784706e+00   4.1449117e+00   4.2671922e+00   3.7852523e+00
   4.3161372e+00   4.3867564e+00   4.6958208e+00   4.3827188e+00   4.2760831e+00   2.2119598e+00   3.3004343e+00   4.4781845e+00   5.7987189e+00   4.5182823e+00   4.1874778e+00   3.2414209e+00   1.7326772e+00   3.0734229e+00   2.3581115e+00   3.1219111e+00   4.4417564e+00   3.5262991e+00   7.6686873e-01   2.0121394e+00   3.5527197e+00   4.2281047e+00   4.1015762e+00   4.2344632e+00   3.7495734e+00
   4.3040553e+00   4.3633263e+00   4.6673258e+00   4.3325439e+00   4.1893707e+00   2.1051689e+00   3.2231135e+00   4.4579225e+00   5.7845477e+00   4.5032220e+00   4.1671901e+00   2.8339772e+00   1.6535447e+00   2.9880189e+00   2.1992687e+00   3.0862275e+00   4.2612458e+00   3.2348494e+00   6.9439960e-01   1.2842524e+00   3.0359873e+00   1.1810956e+00   2.2676921e+00   4.1919925e+00   3.7393687e+00
   4.2394797e+00   3.5415031e+00   4.6269084e+00   4.3270306e+00   1.6534525e+00   2.0266499e+00   3.2157839e+00   4.3861645e+00   4.7242678e+00   4.5015213e+00   4.1520538e+00   2.7206393e+00   1.6497746e+00   1.3674405e+00   2.1421474e+00   3.0542213e+00   4.2562390e+00   3.0422067e+00   6.9321234e-01   1.2595736e+00   3.0113159e+00   1.1578381e+00   2.1412787e+00   2.4565146e+00   1.6413137e+00
   4.2225887e+00   1.8615455e+00   4.6086923e+00   2.3893519e+00   1.6116021e+00   1.8875042e+00   1.5345461e+00   4.3025916e+00   2.3273971e+00   4.4997738e+00   1.8542030e+00   1.9554794e+00   1.5698089e+00   1.0847953e+00   2.0224095e+00   1.6276506e+00   4.2440875e+00   1.8174324e+00   6.8969348e-01   1.0585805e+00   2.8678364e+00   1.1417388e+00   2.1001121e+00   2.3134084e+00   1.5793384e+00
