   0.0000000e+00   0.0000000e+00   0.0000000e+00   0.0000000e+00   0.0000000e+00   0.0000000e+00   0.0000000e+00   0.0000000e+00   0.0000000e+00   0.0000000e+00   0.0000000e+00   0.0000000e+00   0.0000000e+00   2.6074189e-03   0.0000000e+00   6.3692731e-04   0.0000000e+00   0.0000000e+00   0.0000000e+00   3.1108966e-05   0.0000000e+00   0.0000000e+00   0.0000000e+00   0.0000000e+00   0.0000000e+00
   5.0836929e-01   2.0572057e-01   3.9831882e-01   8.6872484e-01   8.6338456e-01   2.4421816e-01   2.6172992e-01   8.7322848e-02   5.5864902e-01   5.1144480e-01   1.5184615e-01   4.1407773e-01   2.8143214e-01   1.4478212e-01   2.3638040e-01   1.3687195e-01   2.3268755e-01   1.6150025e-01   3.3707580e-01   2.0036849e-01   4.2198399e-01   1.9256645e-01   1.7851598e+00   4.9611557e-01   2.4047721e-01
   2.7026122e-02   9.4504557e-03   2.6396654e-02   1.9676973e-02   3.7174601e-03   8.6291967e-03   1.6600405e-02   1.8315196e-02   1.0134650e-02   2.0561570e-02   4.0164532e-03   4.0211441e-02   4.6168653e-02   5.5712071e-02   1.7324757e-02   1.7873772e-02   3.3771924e-03   1.8168631e-02   1.1984282e-02   1.3584875e-02   5.8471060e-02   3.2232417e-02   2.6257122e-02   2.9535531e-02   5.0232195e-02
   3.0726653e-03   1.5623698e-03   1.7985781e-03   2.1400475e-03   1.2906828e-03   4.4636532e-03   4.6339235e-03   4.2159405e-03   1.8307953e-03   6.1686962e-03   1.3685867e-03   3.2759400e-03   1.7333687e-03   1.7392268e-02   3.8149681e-03   1.6568770e-03   2.7603870e-03   1.3561216e-03   3.5320737e-03   7.3112090e-04   1.5705161e-03   5.9110114e-03   1.8396108e-03   2.0221274e-03   1.2234474e-03
   4.2260298e-04   4.3789749e-05   8.3035486e-04   8.5661957e-05   1.3816520e-04   9.0967419e-04   6.9300637e-04   1.0730120e-03   8.1164245e-05   1.4941288e-04   5.9642789e-04   5.1128230e-04   5.3500330e-04   7.7406274e-03   2.6850738e-04   5.1362802e-04   3.0005650e-04   6.9444566e-05   3.0878015e-04   3.4551633e-04   1.5705161e-03   3.5477701e-04   9.9249462e-05   3.6424943e-05   1.2234474e-03
   4.0893434e-06   0.0000000e+00   2.7102697e-06   0.0000000e+00   0.0000000e+00   2.5216884e-05   1.6977486e-05   0.0000000e+00   0.0000000e+00   3.8702806e-07   1.4051695e-05   3.7653166e-05   1.3613704e-06   2.5496175e-03   0.0000000e+00   5.4466985e-05   7.6380657e-06   0.0000000e+00   2.2414613e-05   0.0000000e+00   9.6809621e-05   3.4258050e-06   0.0000000e+00   0.0000000e+00   2.0248886e-05
   0.0000000e+00   0.0000000e+00   0.0000000e+00   0.0000000e+00   0.0000000e+00   0.0000000e+00   0.0000000e+00   0.0000000e+00   0.0000000e+00   0.0000000e+00   0.0000000e+00   0.0000000e+00   0.0000000e+00   4.8229290e-04   0.0000000e+00   0.0000000e+00   0.0000000e+00   0.0000000e+00   0.0000000e+00   0.0000000e+00   0.0000000e+00   0.0000000e+00   0.0000000e+00   0.0000000e+00   0.0000000e+00
   0.0000000e+00   0.0000000e+00   0.0000000e+00   0.0000000e+00   0.0000000e+00   0.0000000e+00   0.0000000e+00   0.0000000e+00   0.0000000e+00   0.0000000e+00   0.0000000e+00   0.0000000e+00   0.0000000e+00   0.0000000e+00   0.0000000e+00   0.0000000e+00   0.0000000e+00   0.0000000e+00   0.0000000e+00   0.0000000e+00   0.0000000e+00   0.0000000e+00   0.0000000e+00   0.0000000e+00   0.0000000e+00
   0.0000000e+00   0.0000000e+00   0.0000000e+00   0.0000000e+00   0.0000000e+00   0.0000000e+00   0.0000000e+00   0.0000000e+00   0.0000000e+00   0.0000000e+00   0.0000000e+00   0.0000000e+00   0.0000000e+00   0.0000000e+00   0.0000000e+00   0.0000000e+00   0.0000000e+00   0.0000000e+00   0.0000000e+00   0.0000000e+00   0.0000000e+00   0.0000000e+00   0.0000000e+00   0.0000000e+00   0.0000000e+00
   0.0000000e+00   0.0000000e+00   0.0000000e+00   0.0000000e+00   0.0000000e+00   0.0000000e+00   0.0000000e+00   0.0000000e+00   0.0000000e+00   0.0000000e+00   0.0000000e+00   0.0000000e+00   0.0000000e+00   0.0000000e+00   0.0000000e+00   0.0000000e+00   0.0000000e+00   0.0000000e+00   0.0000000e+00   0.0000000e+00   0.0000000e+00   0.0000000e+00   0.0000000e+00   0.0000000e+00   0.0000000e+00
