   0.0000000e+00   0.0000000e+00   0.0000000e+00   2.6389715e+02   0.0000000e+00   0.0000000e+00   0.0000000e+00   0.0000000e+00   2.6390293e+02   0.0000000e+00   0.0000000e+00   0.0000000e+00   0.0000000e+00   2.6392022e+02   0.0000000e+00   0.0000000e+00   0.0000000e+00   0.0000000e+00   2.6390315e+02   0.0000000e+00   0.0000000e+00   2.6390212e+02   2.6390692e+02   0.0000000e+00   0.0000000e+00
   2.6389787e+02   2.6389585e+02   2.6389586e+02   2.6389585e+02   2.6389585e+02   2.6389587e+02   2.6389587e+02   2.6389664e+02   2.6389586e+02   2.6389611e+02   2.6389586e+02   2.6389592e+02   2.6389585e+02   2.6389585e+02   2.6389585e+02   2.6389584e+02   2.6389587e+02   2.6389586e+02   2.6389585e+02   2.6389588e+02   2.6389585e+02   2.6389584e+02   2.6389585e+02   2.6389589e+02   2.6389585e+02
   2.6389584e+02   2.6389584e+02   2.6389584e+02   2.6389584e+02   2.6389584e+02   2.6389584e+02   2.6389584e+02   2.6389584e+02   2.6389584e+02   2.6389584e+02   2.6389584e+02   2.6389584e+02   2.6389584e+02   2.6389584e+02   2.6389584e+02   2.6389584e+02   2.6389584e+02   2.6389584e+02   2.6389584e+02   2.6389584e+02   2.6389584e+02   2.6389584e+02   2.6389584e+02   2.6389584e+02   2.6389584e+02
   2.6389584e+02   2.6389584e+02   2.6389584e+02   2.6389584e+02   2.6389584e+02   2.6389584e+02   2.6389584e+02   2.6389584e+02   2.6389584e+02   2.6389584e+02   2.6389584e+02   2.6389584e+02   2.6389584e+02   2.6389584e+02   2.6389584e+02   2.6389584e+02   2.6389584e+02   2.6389584e+02   2.6389584e+02   2.6389584e+02   2.6389584e+02   2.6389584e+02   2.6389584e+02   2.6389584e+02   2.6389584e+02
   2.6389584e+02   2.6389584e+02   2.6389584e+02   2.6389584e+02   2.6389584e+02   2.6389584e+02   2.6389584e+02   2.6389584e+02   2.6389584e+02   2.6389584e+02   2.6389584e+02   2.6389584e+02   2.6389584e+02   2.6389584e+02   2.6389584e+02   2.6389584e+02   2.6389584e+02   2.6389584e+02   2.6389584e+02   2.6389584e+02   2.6389584e+02   2.6389584e+02   2.6389584e+02   2.6389584e+02   2.6389584e+02
   2.6389584e+02   2.6389584e+02   2.6389584e+02   2.6389584e+02   2.6389584e+02   2.6389584e+02   2.6389584e+02   2.6389584e+02   2.6389584e+02   2.6389584e+02   2.6389584e+02   2.6389584e+02   2.6389584e+02   2.6389584e+02   2.6389584e+02   2.6389584e+02   2.6389584e+02   2.6389584e+02   2.6389584e+02   2.6389584e+02   2.6389584e+02   2.6389584e+02   2.6389584e+02   2.6389584e+02   2.6389584e+02
   2.6389584e+02   2.6389584e+02   2.6389584e+02   2.6389584e+02   2.6389584e+02   2.6389584e+02   2.6389584e+02   2.6389584e+02   2.6389584e+02   2.6389584e+02   2.6389584e+02   2.6389584e+02   2.6389584e+02   2.6389584e+02   2.6389584e+02   2.6389584e+02   2.6389584e+02   2.6389584e+02   2.6389584e+02   2.6389584e+02   2.6389584e+02   2.6389584e+02   2.6389584e+02   2.6389584e+02   2.6389584e+02
   2.6389584e+02   2.6389584e+02   2.6389584e+02   2.6389584e+02   2.6389584e+02   2.6389584e+02   2.6389584e+02   2.6389584e+02   2.6389584e+02   2.6389584e+02   2.6389584e+02   2.6389584e+02   2.6389584e+02   2.6389584e+02   2.6389584e+02   2.6389584e+02   2.6389584e+02   2.6389584e+02   2.6389584e+02   2.6389584e+02   2.6389584e+02   2.6389584e+02   2.6389584e+02   2.6389584e+02   2.6389584e+02
   2.6389584e+02   2.6389584e+02   2.6389584e+02   2.6389584e+02   2.6389584e+02   2.6389584e+02   2.6389584e+02   2.6389584e+02   2.6389584e+02   2.6389584e+02   2.6389584e+02   2.6389584e+02   2.6389584e+02   2.6389584e+02   2.6389584e+02   2.6389584e+02   2.6389584e+02   2.6389584e+02   2.6389584e+02   2.6389584e+02   2.6389584e+02   2.6389584e+02   2.6389584e+02   2.6389584e+02   2.6389584e+02
   2.6389584e+02   2.6389584e+02   2.6389584e+02   2.6389584e+02   2.6389584e+02   2.6389584e+02   2.6389584e+02   2.6389584e+02   2.6389584e+02   2.6389584e+02   2.6389584e+02   2.6389584e+02   2.6389584e+02   2.6389584e+02   2.6389584e+02   2.6389584e+02   2.6389584e+02   2.6389584e+02   2.6389584e+02   2.6389584e+02   2.6389584e+02   2.6389584e+02   2.6389584e+02   2.6389584e+02   2.6389584e+02
