   3.6228436e-01   3.3730844e-01   2.9292335e-01   2.9743330e-01   1.8488510e-01   3.8848880e-01   3.8257704e-01   4.4154768e-01   1.9626857e-01   2.6967859e-01   2.9749364e-01   3.8945351e-01   3.6858975e-01   2.3679777e-01   3.6767050e-01   4.5089838e-01   2.2521933e-01   3.0410331e-01   2.2656556e-01   4.2690713e-01   2.8762553e-01   3.1401334e-01   2.7484059e-01   3.3691677e-01   3.9552439e-01
   2.4051717e-01   2.7666485e-02   2.3219680e-01   2.7156728e-01   1.4191901e-01   1.5569730e-01   2.5648050e-01   3.1859639e-01   1.0308662e-01   1.9140096e-01   2.6045317e-01   2.2644438e-01   2.8134337e-01   2.1235552e-01   2.2555916e-01   3.4583822e-01   1.1515651e-01   2.3753386e-01   2.0492975e-01   2.8106891e-01   2.8103404e-01   2.1391687e-01   2.1154399e-01   2.6044969e-01   2.3754344e-01
   2.3826813e-01   2.7008874e-02   2.3063466e-01   2.3663577e-01   1.4022991e-01   1.3088429e-01   2.5221844e-01   2.9534508e-01   9.9661395e-02   1.7211124e-01   2.4126380e-01   2.0975679e-01   2.6038101e-01   2.0674132e-01   2.1377919e-01   2.8114520e-01   1.0875113e-01   1.9305733e-01   2.0343335e-01   2.6410107e-01   2.1524952e-02   2.7600095e-02   2.0497318e-01   2.5782315e-01   2.0075426e-01
   2.3733157e-01   2.6258436e-02   2.7296240e-02   2.7758743e-02   1.3763054e-01   1.2623787e-01   2.3751716e-01   2.8099128e-01   9.7624864e-02   1.6654572e-01   2.3733004e-01   2.7657290e-02   2.7356778e-02   2.5176118e-02   2.0662056e-01   2.3753910e-01   2.7677706e-02   1.8652863e-01   2.7490379e-02   2.3776303e-01   2.0395834e-02   2.6555110e-02   2.7594734e-02   2.7121885e-02   2.7991182e-02
   2.8297841e-02   2.5058163e-02   2.6951491e-02   2.7115587e-02   2.7070718e-02   2.8168835e-02   2.3733211e-01   2.5289855e-02   2.7815946e-02   2.7164353e-02   2.8279923e-02   2.6743826e-02   2.6693404e-02   2.4892651e-02   2.6688794e-02   2.3732701e-01   2.7156787e-02   2.6653780e-02   2.6979465e-02   2.3259081e-01   1.9900340e-02   2.6360490e-02   2.6706753e-02   2.5486188e-02   2.7322186e-02
   2.8072830e-02   2.4950100e-02   2.6902313e-02   2.4881022e-02   2.7066036e-02   2.7307651e-02   2.8340697e-02   2.4842378e-02   2.4870515e-02   2.4922876e-02   2.8109755e-02   2.4871888e-02   2.5939879e-02   9.9989513e-03   2.6629004e-02   2.7169447e-02   2.7154675e-02   2.5779474e-02   1.0908865e-02   2.6482700e-02   1.8353099e-02   2.4889428e-02   2.6645127e-02   2.4926463e-02   2.4874573e-02
   2.4796335e-02   1.0258547e-02   2.4811023e-02   1.7559192e-02   2.4863782e-02   2.4868594e-02   2.4800111e-02   1.1113064e-02   2.4731814e-02   2.3187943e-02   2.4856153e-02   1.1444177e-02   2.4716459e-02   9.4248156e-03   2.4782609e-02   2.5254783e-02   2.4627694e-02   2.4498766e-02   1.0013298e-02   2.4659835e-02   1.3213987e-02   2.4775697e-02   2.4807976e-02   9.9463519e-03   2.4810760e-02
   1.6214362e-02   1.0106076e-02   1.0566161e-02   1.6016051e-02   1.3991665e-02   2.4833006e-02   1.0964857e-02   1.0097543e-02   1.0507977e-02   1.8015797e-02   9.9528286e-03   1.0576236e-02   2.1659605e-02   8.8690300e-03   1.0428896e-02   2.4753285e-02   2.2803258e-02   1.4915327e-02   9.8119198e-03   1.0419737e-02   1.1655309e-02   1.0065562e-02   1.0020953e-02   9.7895032e-03   1.0984042e-02
   8.3939199e-03   5.2310835e-03   1.0066845e-02   1.1063941e-02   1.2821595e-02   1.5518879e-02   1.0139933e-02   8.4187152e-03   4.8910300e-03   1.0962822e-02   9.6813741e-03   1.0350526e-02   1.3169158e-02   7.1886197e-03   5.1285982e-03   2.2874789e-02   1.0265067e-02   1.0170148e-02   8.6234206e-03   1.0139209e-02   6.3313068e-03   9.8482676e-03   9.8453335e-03   6.9225323e-03   8.4106527e-03
   6.3898786e-03   4.0856333e-03   9.1807016e-03   4.8091154e-03   1.0634935e-02   1.0919468e-02   1.0001722e-02   3.3230010e-03   2.5775325e-03   9.6369716e-03   4.4702226e-03   2.6498123e-03   7.7942696e-03   3.6042603e-03   4.2456258e-03   2.6853776e-03   3.8047148e-03   3.1575652e-03   8.0129779e-03   7.5382992e-03   4.7718497e-03   4.6425091e-03   8.7562769e-03   4.8102182e-03   3.9876325e-03
