   1.8000653e-01   1.8256324e-01   1.5513633e-01   2.1235699e-01   1.5936707e-01   2.5496834e-01   2.7302386e-01   2.6904158e-01   2.1439915e-01   1.7880703e-01   1.8541469e-01   2.0353283e-01   1.7889161e-01   1.6593829e-01   3.1706721e-01   1.8000898e-01   2.2978924e-01   1.8381923e-01   2.1435443e-01   1.9939732e-01   1.7787771e-01   2.2081122e-01   1.8304753e-01   2.5927866e-01   2.6277824e-01
   1.4145206e-01   1.3194030e-01   1.2474360e-01   1.7627898e-01   1.4004806e-01   1.6338656e-01   2.2665025e-01   2.3232291e-01   1.7082960e-01   1.3010771e-01   1.4857330e-01   1.7099466e-01   1.5540961e-01   1.1695033e-01   1.8536568e-01   1.3218719e-01   1.8987208e-01   1.1394937e-01   1.4761976e-01   1.4070020e-01   1.3642018e-01   1.6728248e-01   1.4632445e-01   1.7621337e-01   1.8909827e-01
   1.2671934e-01   1.1747570e-01   1.1871191e-01   1.6741653e-01   1.2647641e-01   1.5033120e-01   1.9541394e-01   2.1388358e-01   1.5894356e-01   1.2126847e-01   1.3855591e-01   1.6701148e-01   1.3804884e-01   1.0059695e-01   1.2617904e-01   1.2535955e-01   1.6623157e-01   1.1091569e-01   1.3748351e-01   1.2638891e-01   1.2966338e-01   1.4445564e-01   1.3337632e-01   1.7196445e-01   1.8692378e-01
   1.2178299e-01   1.1204842e-01   1.1736039e-01   1.6721804e-01   1.2636591e-01   1.4994857e-01   1.9204013e-01   1.9692950e-01   1.5423555e-01   1.2080410e-01   1.3690183e-01   1.6470414e-01   1.3793876e-01   9.7393755e-02   1.1145015e-01   1.2402557e-01   1.4897739e-01   1.1068850e-01   1.3492323e-01   1.1955010e-01   1.2694256e-01   1.2222268e-01   1.0578700e-01   1.5274306e-01   1.7004874e-01
   1.1789305e-01   1.0643326e-01   1.1713656e-01   1.6558675e-01   1.2632240e-01   1.4936439e-01   1.8689789e-01   1.7998048e-01   1.5313635e-01   1.2076520e-01   1.3667753e-01   1.6449445e-01   1.3361314e-01   8.5776504e-02   1.0929871e-01   1.1983237e-01   1.4432050e-01   1.1068722e-01   1.3480876e-01   1.1879930e-01   1.2295902e-01   1.2213007e-01   1.0334275e-01   1.5226080e-01   1.6948739e-01
   1.1759165e-01   1.0436046e-01   1.1529092e-01   1.6548049e-01   1.2632095e-01   1.4936018e-01   1.8254074e-01   1.7942390e-01   1.5310388e-01   1.2029922e-01   1.3480960e-01   1.6384423e-01   1.3243537e-01   7.6968221e-02   1.0779205e-01   1.1934515e-01   1.4112426e-01   1.1068659e-01   1.3478833e-01   1.1771296e-01   1.2225929e-01   1.2194408e-01   9.9255090e-02   1.5067809e-01   1.6706589e-01
   1.1757214e-01   1.0399288e-01   1.1470798e-01   1.6546143e-01   1.2632020e-01   1.4935887e-01   1.8192236e-01   1.7094226e-01   1.5310193e-01   1.1762890e-01   1.3456915e-01   1.6361999e-01   1.3163341e-01   7.5278689e-02   1.0482973e-01   1.1932378e-01   1.3912974e-01   1.1045108e-01   1.3473696e-01   1.1767313e-01   1.2222881e-01   1.2194062e-01   9.7921078e-02   1.5047526e-01   1.6706007e-01
   1.1757059e-01   1.0344740e-01   1.1470692e-01   1.6545569e-01   1.2631993e-01   1.4935715e-01   1.8190861e-01   1.7045097e-01   1.5308068e-01   1.1568750e-01   1.3447611e-01   1.6293653e-01   1.3139118e-01   7.5235593e-02   9.6656794e-02   1.1932323e-01   1.3909643e-01   1.0748643e-01   1.3412691e-01   1.1767038e-01   1.2222814e-01   1.2193871e-01   9.7851888e-02   1.5019012e-01   1.6693440e-01
   1.1756899e-01   9.6271893e-02   1.1470678e-01   1.6545293e-01   1.2631953e-01   1.4935634e-01   1.8190236e-01   1.7044857e-01   1.5226289e-01   1.1563060e-01   1.3446965e-01   1.6293607e-01   1.3138327e-01   7.5231471e-02   8.9171908e-02   1.1932128e-01   1.3909004e-01   1.0724394e-01   1.3412507e-01   1.1766389e-01   1.2222752e-01   1.2193695e-01   8.0544780e-02   1.4986875e-01   1.6693312e-01
   1.0513238e-01   8.5077787e-02   8.7086369e-02   1.1590963e-01   1.2631850e-01   1.4935304e-01   1.6350270e-01   1.5558297e-01   1.5219808e-01   1.1230090e-01   1.2497912e-01   1.4251284e-01   1.3137943e-01   5.7929554e-02   8.2168682e-02   1.1932057e-01   1.3908737e-01   1.0613589e-01   1.2873500e-01   1.1522215e-01   1.1706318e-01   9.8462432e-02   7.8338636e-02   1.4932270e-01   1.6693254e-01
