   4.2416566e+03   4.0921588e+03   4.1900526e+03   4.2310575e+03   4.2446419e+03   4.7871613e+03   4.2296795e+03   4.2757325e+03   4.2374101e+03   4.2788712e+03   4.2145635e+03   4.2388447e+03   4.2372374e+03   4.2768860e+03   4.2186466e+03   4.2217924e+03   4.2667856e+03   4.2350568e+03   4.2069531e+03   4.1892376e+03   4.2846513e+03   4.2455167e+03   4.2353347e+03   4.2040730e+03   4.4014025e+03
   4.2309723e+03   4.2299516e+03   4.2164553e+03   4.2217680e+03   4.2278222e+03   4.7522276e+03   4.2172406e+03   4.2652468e+03   4.2204792e+03   4.2710244e+03   4.2210431e+03   4.2245716e+03   4.2311167e+03   4.2570933e+03   4.2137708e+03   4.2146649e+03   4.2545882e+03   4.2177957e+03   4.2118362e+03   4.2151399e+03   4.2629707e+03   4.2171617e+03   4.2293895e+03   4.2050420e+03   4.2201883e+03
   4.2303022e+03   4.2270372e+03   4.2161844e+03   4.2511243e+03   4.2261494e+03   4.7465185e+03   4.2170758e+03   4.2644442e+03   4.2201879e+03   4.2686059e+03   4.2209062e+03   4.2253934e+03   4.2309697e+03   4.2549712e+03   4.2136103e+03   4.2141736e+03   4.2541963e+03   4.2175541e+03   4.2115265e+03   4.2145969e+03   4.2598203e+03   4.2169225e+03   4.2283961e+03   4.2069591e+03   4.2196746e+03
   4.2302471e+03   4.2267653e+03   4.2516588e+03   4.3062839e+03   4.2259775e+03   4.7031875e+03   4.2170366e+03   4.2708993e+03   4.3324835e+03   4.2667626e+03   4.2208964e+03   4.3320537e+03   4.3382959e+03   4.2539886e+03   4.2135661e+03   4.2141723e+03   4.3490405e+03   4.2174904e+03   4.2724925e+03   4.2170939e+03   4.2606727e+03   4.2168983e+03   4.3475159e+03   4.2069434e+03   4.2880088e+03
   4.3456178e+03   4.2914263e+03   4.3442755e+03   4.8638790e+03   4.2251448e+03   4.6897034e+03   4.2335823e+03   4.8067387e+03   4.3447706e+03   4.2667192e+03   4.2773462e+03   4.3311012e+03   4.3448884e+03   4.3088038e+03   4.2135645e+03   4.2550132e+03   4.3486718e+03   4.2175823e+03   4.3169591e+03   4.2424206e+03   4.3537486e+03   4.2168658e+03   4.3438300e+03   4.2531057e+03   4.2901270e+03
   4.3449877e+03   4.2911753e+03   4.3442158e+03   4.8456557e+03   4.2249982e+03   4.6132717e+03   4.3451282e+03   4.7880684e+03   4.3446791e+03   4.3263674e+03   4.2983339e+03   4.3311109e+03   4.3452196e+03   4.3086908e+03   4.2924705e+03   4.3435230e+03   4.3486490e+03   4.3415034e+03   4.3468160e+03   4.2412300e+03   4.3536220e+03   4.2168661e+03   4.3422618e+03   4.3306796e+03   4.3426940e+03
   4.3435242e+03   4.2911306e+03   4.3444243e+03   4.8450144e+03   4.3022746e+03   4.6081014e+03   4.3448621e+03   4.7873471e+03   4.3457585e+03   4.3376389e+03   4.3420606e+03   4.3342838e+03   4.3452171e+03   4.3451897e+03   4.3295819e+03   4.3451754e+03   4.3486492e+03   4.3414879e+03   4.3467416e+03   4.2412282e+03   4.3535567e+03   4.2196918e+03   4.3413016e+03   4.3621497e+03   4.3425202e+03
   4.3435239e+03   4.2932196e+03   4.3452510e+03   4.8449175e+03   4.3508096e+03   5.0543486e+03   4.3454607e+03   4.7873430e+03   4.3457567e+03   4.3374016e+03   4.3454917e+03   4.3446133e+03   4.3452376e+03   4.3451929e+03   4.3296531e+03   4.3452460e+03   4.3501845e+03   4.3437491e+03   4.3467399e+03   4.2412707e+03   4.3574807e+03   4.2980654e+03   4.3478381e+03   4.3576557e+03   4.3435325e+03
   4.3435280e+03   4.8429533e+03   4.3452544e+03   4.8448399e+03   4.3497929e+03   5.0241906e+03   4.3454752e+03   4.7880034e+03   4.3457606e+03   4.5087707e+03   4.3455033e+03   4.3447144e+03   4.8330322e+03   4.3451929e+03   4.3583997e+03   4.3452480e+03   4.3502056e+03   4.3509532e+03   4.3472020e+03   4.3694414e+03   4.3574863e+03   4.2980643e+03   4.3852664e+03   4.3576549e+03   4.3517612e+03
   4.3453031e+03   4.8612275e+03   4.3452541e+03   4.8700516e+03   4.3498934e+03   5.0241399e+03   4.3454753e+03   4.7882467e+03   4.3457612e+03   4.5178117e+03   4.5997202e+03   5.4473043e+03   4.8725812e+03   4.3452454e+03   5.3452268e+03   5.6477180e+03   4.3502219e+03   4.3525486e+03   4.3472021e+03   4.3633121e+03   4.3574949e+03   4.7876568e+03   5.5833558e+03   4.3576549e+03   4.3521859e+03
