   1.1713230e+00   1.4370687e+00   3.6808257e-01   1.4275444e+00   6.4526616e-01   9.0234894e-01   1.6749331e+00   8.8265318e-01   1.3095888e+00   1.7785105e+00   6.6311346e-01   8.7819075e-01   5.0219221e-01   7.5679498e-01   4.8069807e-01   7.5160143e-01   9.7920646e-01   4.7956092e-01   7.5204382e-01   7.7099968e-01   6.5906013e-01   1.3569428e+00   7.7741687e-01   1.2058450e+00   5.0098460e-01
   1.8429305e-01   1.5687799e-01   1.3291756e-01   1.8162796e-01   1.7617980e-01   2.2472321e-01   1.7983299e-01   1.3531466e-01   1.5773975e-01   2.1737923e-01   1.7544846e-01   1.3649522e-01   2.3375111e-01   2.9907127e-01   2.6957804e-01   1.6611115e-01   1.4214068e-01   2.3704690e-01   1.4655959e-01   1.6093095e-01   1.5671113e-01   2.1075072e-01   2.9958813e-01   2.3004668e-01   7.2122424e-02
   9.7718328e-02   1.2137692e-01   8.7013253e-02   1.6902500e-01   6.3006751e-02   1.0823497e-01   1.4594697e-01   8.0432097e-02   8.6249609e-02   8.6206919e-02   7.8394763e-02   1.3454518e-01   9.8236738e-02   1.0600584e-01   5.9996017e-02   9.9747165e-02   8.3682135e-02   8.2636118e-02   8.9563550e-02   1.1012715e-01   1.3438859e-01   1.3762616e-01   8.8000705e-02   1.0665759e-01   7.7916639e-02
   1.0764311e-01   8.3043117e-02   8.7424772e-02   1.0175445e-01   9.6286024e-02   9.8482120e-02   1.0248107e-01   7.4199939e-02   7.3373399e-02   1.1256444e-01   9.0219772e-02   1.0140030e-01   1.2003727e-01   1.0966109e-01   7.8486333e-02   1.0627721e-01   9.6168524e-02   1.1118000e-01   9.8305525e-02   1.0800517e-01   7.8772721e-02   9.8271549e-02   1.0517162e-01   1.1340333e-01   1.4973791e-01
   9.7888933e-02   7.2040108e-02   7.2325360e-02   8.5947761e-02   9.8916966e-02   9.0427484e-02   6.9913967e-02   9.8742294e-02   9.5677077e-02   8.1038687e-02   9.7763318e-02   9.8571744e-02   8.5665929e-02   8.3206084e-02   9.6882042e-02   9.8012918e-02   9.6109377e-02   9.9498848e-02   8.6761802e-02   7.6542402e-02   8.4991291e-02   8.1106765e-02   8.8873048e-02   9.0224001e-02   9.2914589e-02
   8.5806101e-02   7.1062388e-02   4.9896582e-02   7.9168628e-02   9.7752350e-02   8.2349400e-02   6.6911779e-02   8.6593265e-02   9.7923379e-02   7.2582944e-02   9.6959769e-02   9.8390123e-02   7.1065827e-02   7.0868690e-02   7.8281582e-02   9.7840185e-02   9.1397670e-02   9.8498638e-02   7.6893851e-02   6.9679195e-02   7.2505504e-02   7.2505465e-02   8.1963444e-02   6.9729020e-02   8.0288988e-02
   5.7240975e-02   7.0178224e-02   4.8610493e-02   7.3330871e-02   9.7749491e-02   7.1913819e-02   5.6076773e-02   7.0159795e-02   9.1539743e-02   6.4574545e-02   9.6358661e-02   9.8337526e-02   6.8589160e-02   5.9252670e-02   7.4521913e-02   9.7807437e-02   8.7609613e-02   9.8422251e-02   7.1659826e-02   5.8803153e-02   7.0203209e-02   6.9550160e-02   7.8610686e-02   6.8700777e-02   7.7775976e-02
   4.6653545e-02   6.9817411e-02   4.8473846e-02   6.8704720e-02   9.7749320e-02   6.4494125e-02   5.0862679e-02   5.6969230e-02   7.4970832e-02   6.0217272e-02   8.8003373e-02   9.3180868e-02   5.4312925e-02   4.9139902e-02   6.9491915e-02   9.7775762e-02   8.4601072e-02   9.8343953e-02   6.7964228e-02   5.0035519e-02   6.9862663e-02   6.9191292e-02   6.7973604e-02   6.8477949e-02   7.3310257e-02
   3.9534224e-02   6.9691894e-02   4.8461231e-02   4.5800082e-02   9.7749320e-02   6.3743884e-02   5.0446624e-02   4.4028830e-02   6.8574130e-02   5.9057735e-02   7.2445771e-02   7.2037413e-02   5.2778884e-02   4.9021570e-02   6.9155324e-02   9.7773394e-02   7.9789090e-02   9.8327477e-02   6.0564405e-02   4.7063750e-02   6.9694465e-02   6.8736247e-02   6.6872897e-02   6.8418483e-02   6.9741502e-02
   3.9029225e-02   6.9675072e-02   4.8457434e-02   3.8153671e-02   9.7749320e-02   6.3341708e-02   5.0432753e-02   4.2819393e-02   6.7740605e-02   5.8835078e-02   6.8481704e-02   7.0410334e-02   5.1110004e-02   4.8999058e-02   6.9122792e-02   9.7772961e-02   7.9604165e-02   9.8324466e-02   5.9714671e-02   4.6815258e-02   6.9692760e-02   6.8697733e-02   6.6682511e-02   6.8351413e-02   6.9138081e-02
