   1.9675094e+04   5.0238759e+04   4.2723783e+04   2.9896339e+04   3.3497750e+04   3.5890517e+04   1.9406449e+04   5.4430991e+04   4.1628344e+04   4.2716685e+04   3.1820446e+04   2.5198556e+04   4.4216329e+04   2.5726171e+04   5.4709955e+04   6.9037409e+04   2.4805058e+04   4.0988998e+04   3.9278432e+04   4.6903926e+04   4.0773775e+04   2.8846708e+04   4.2656864e+04   2.8835530e+04   4.0117103e+04
   6.9720684e+02   1.1284646e+03   7.6267299e+02   8.9214052e+02   8.5927827e+02   5.6593509e+02   6.6631572e+02   9.3699207e+02   5.8097343e+02   9.1499906e+02   1.0135840e+03   7.4652030e+02   1.0650070e+03   7.0801720e+02   1.1164158e+03   1.2498423e+03   9.0134185e+02   1.1188190e+03   9.7442006e+02   1.1160885e+03   8.8855447e+02   5.3132687e+02   1.1346544e+03   6.6943658e+02   8.6043185e+02
   6.5553459e+00   9.8185397e+00   9.1218966e+00   9.3314572e+00   1.1019779e+01   8.7323782e+00   7.2675825e+00   1.0602092e+01   1.2176894e+01   1.0782009e+01   8.5320260e+00   5.1887706e+00   1.8934352e+01   8.5983731e+00   1.8713585e+01   1.0279691e+01   1.5561150e+01   7.9564021e+00   1.2280966e+01   1.0447185e+01   1.0909512e+01   5.1360608e+00   1.3057786e+01   6.2056559e+00   9.3112783e+00
   2.1487448e-02   3.5854584e-02   4.7553846e-02   2.5579430e-02   3.7336552e-02   2.6591132e-02   3.2494631e-02   5.1714396e-02   3.6759475e-02   2.6957078e-02   3.6453091e-02   1.1876986e-02   9.1248736e-02   4.0511189e-02   6.8779842e-02   2.4297168e-02   7.3917490e-02   5.1951711e-02   4.5488559e-02   3.4433203e-02   5.4761327e-02   4.2546583e-02   6.7634418e-02   2.2108499e-02   4.5547609e-02
   0.0000000e+00   7.2081672e-06   1.8029903e-05   2.8356843e-06   3.5646183e-06   2.7611827e-07   0.0000000e+00   3.2915781e-05   1.9189017e-05   0.0000000e+00   0.0000000e+00   0.0000000e+00   4.5244766e-05   2.6998853e-06   5.9403707e-05   0.0000000e+00   3.5103989e-05   5.9063841e-06   3.6345474e-05   2.2581553e-05   2.2387238e-05   0.0000000e+00   4.6911133e-05   0.0000000e+00   6.4385504e-06
   0.0000000e+00   0.0000000e+00   0.0000000e+00   0.0000000e+00   0.0000000e+00   0.0000000e+00   0.0000000e+00   0.0000000e+00   0.0000000e+00   0.0000000e+00   0.0000000e+00   0.0000000e+00   0.0000000e+00   0.0000000e+00   0.0000000e+00   0.0000000e+00   0.0000000e+00   0.0000000e+00   0.0000000e+00   0.0000000e+00   0.0000000e+00   0.0000000e+00   0.0000000e+00   0.0000000e+00   0.0000000e+00
   0.0000000e+00   0.0000000e+00   0.0000000e+00   0.0000000e+00   0.0000000e+00   0.0000000e+00   0.0000000e+00   0.0000000e+00   0.0000000e+00   0.0000000e+00   0.0000000e+00   0.0000000e+00   0.0000000e+00   0.0000000e+00   0.0000000e+00   0.0000000e+00   0.0000000e+00   0.0000000e+00   0.0000000e+00   0.0000000e+00   0.0000000e+00   0.0000000e+00   0.0000000e+00   0.0000000e+00   0.0000000e+00
   0.0000000e+00   0.0000000e+00   0.0000000e+00   0.0000000e+00   0.0000000e+00   0.0000000e+00   0.0000000e+00   0.0000000e+00   0.0000000e+00   0.0000000e+00   0.0000000e+00   0.0000000e+00   0.0000000e+00   0.0000000e+00   0.0000000e+00   0.0000000e+00   0.0000000e+00   0.0000000e+00   0.0000000e+00   0.0000000e+00   0.0000000e+00   0.0000000e+00   0.0000000e+00   0.0000000e+00   0.0000000e+00
   0.0000000e+00   0.0000000e+00   0.0000000e+00   0.0000000e+00   0.0000000e+00   0.0000000e+00   0.0000000e+00   0.0000000e+00   0.0000000e+00   0.0000000e+00   0.0000000e+00   0.0000000e+00   0.0000000e+00   0.0000000e+00   0.0000000e+00   0.0000000e+00   0.0000000e+00   0.0000000e+00   0.0000000e+00   0.0000000e+00   0.0000000e+00   0.0000000e+00   0.0000000e+00   0.0000000e+00   0.0000000e+00
   0.0000000e+00   0.0000000e+00   0.0000000e+00   0.0000000e+00   0.0000000e+00   0.0000000e+00   0.0000000e+00   0.0000000e+00   0.0000000e+00   0.0000000e+00   0.0000000e+00   0.0000000e+00   0.0000000e+00   0.0000000e+00   0.0000000e+00   0.0000000e+00   0.0000000e+00   0.0000000e+00   0.0000000e+00   0.0000000e+00   0.0000000e+00   0.0000000e+00   0.0000000e+00   0.0000000e+00   0.0000000e+00
