   0.0000000e+00   0.0000000e+00   0.0000000e+00   8.6199513e-05   0.0000000e+00   0.0000000e+00   0.0000000e+00   0.0000000e+00   0.0000000e+00   0.0000000e+00   0.0000000e+00   0.0000000e+00   0.0000000e+00   0.0000000e+00   0.0000000e+00   0.0000000e+00   0.0000000e+00   0.0000000e+00   0.0000000e+00   0.0000000e+00   0.0000000e+00   0.0000000e+00   0.0000000e+00   0.0000000e+00   0.0000000e+00
   1.0061722e+02   2.7229524e+00   5.1333009e+00   6.1867070e+01   4.1703529e+00   4.7978102e+03   4.7718788e+00   1.4242730e+00   4.1380222e-01   3.2835965e+03   7.1620290e+01   3.0612589e-01   4.2369592e+01   1.7882097e+03   5.3245421e+01   1.7219825e+01   2.0430744e+00   6.5479249e-01   9.6680844e-01   5.9169770e+00   6.9389933e+00   8.8086530e+00   6.9239217e-01   9.8859423e+00   1.4763327e+04
   4.6992745e-01   3.8936253e-01   2.1708657e+00   3.2620161e+00   2.5541200e+00   2.6317068e+00   1.6409946e+00   1.2399325e+00   6.2787377e-02   4.5664979e-01   2.1198532e-01   3.0612589e-01   1.5397133e+00   4.8489266e+00   6.0818853e-01   8.3013009e-03   1.4599075e+00   6.0474301e-01   9.6680844e-01   2.2333731e+00   2.0348131e+00   2.7543192e+00   2.9062434e-01   3.0652586e+00   1.8232219e-01
   4.6992745e-01   3.8936253e-01   9.6754661e-03   6.6365003e-01   1.3694010e-01   1.1662917e+00   9.9116716e-01   1.8006676e-02   2.2745383e-02   2.4452730e-02   3.9416322e-02   8.2780350e-03   2.7854160e-01   3.5490205e+00   4.9849538e-02   5.0821662e-03   4.5468582e-01   2.0858901e-02   8.9846397e-02   3.7198124e-02   1.3340599e-01   1.2756233e+00   2.5389505e-02   1.2735945e-01   1.2458818e-02
   5.6352058e-02   2.4891112e-03   0.0000000e+00   1.7646144e-02   2.1576444e-03   8.5294383e-01   6.0861732e-01   2.3412324e-07   1.0215507e-03   7.8484959e-04   8.0640048e-03   0.0000000e+00   1.8011606e-02   1.5899621e+00   5.3041979e-04   0.0000000e+00   3.2144942e-03   0.0000000e+00   3.4947851e-03   6.4154714e-03   2.6510198e-03   4.9058614e-03   0.0000000e+00   3.5854384e-03   0.0000000e+00
   1.4476693e-04   0.0000000e+00   0.0000000e+00   0.0000000e+00   0.0000000e+00   2.4508413e-01   5.7465368e-03   0.0000000e+00   0.0000000e+00   0.0000000e+00   0.0000000e+00   0.0000000e+00   0.0000000e+00   2.5182004e-01   0.0000000e+00   0.0000000e+00   0.0000000e+00   0.0000000e+00   0.0000000e+00   0.0000000e+00   0.0000000e+00   0.0000000e+00   0.0000000e+00   0.0000000e+00   0.0000000e+00
   0.0000000e+00   0.0000000e+00   0.0000000e+00   0.0000000e+00   0.0000000e+00   4.5088425e-02   0.0000000e+00   0.0000000e+00   0.0000000e+00   0.0000000e+00   0.0000000e+00   0.0000000e+00   0.0000000e+00   0.0000000e+00   0.0000000e+00   0.0000000e+00   0.0000000e+00   0.0000000e+00   0.0000000e+00   0.0000000e+00   0.0000000e+00   0.0000000e+00   0.0000000e+00   0.0000000e+00   0.0000000e+00
   0.0000000e+00   0.0000000e+00   0.0000000e+00   0.0000000e+00   0.0000000e+00   0.0000000e+00   0.0000000e+00   0.0000000e+00   0.0000000e+00   0.0000000e+00   0.0000000e+00   0.0000000e+00   0.0000000e+00   0.0000000e+00   0.0000000e+00   0.0000000e+00   0.0000000e+00   0.0000000e+00   0.0000000e+00   0.0000000e+00   0.0000000e+00   0.0000000e+00   0.0000000e+00   0.0000000e+00   0.0000000e+00
   0.0000000e+00   0.0000000e+00   0.0000000e+00   0.0000000e+00   0.0000000e+00   0.0000000e+00   0.0000000e+00   0.0000000e+00   0.0000000e+00   0.0000000e+00   0.0000000e+00   0.0000000e+00   0.0000000e+00   0.0000000e+00   0.0000000e+00   0.0000000e+00   0.0000000e+00   0.0000000e+00   0.0000000e+00   0.0000000e+00   0.0000000e+00   0.0000000e+00   0.0000000e+00   0.0000000e+00   0.0000000e+00
   0.0000000e+00   0.0000000e+00   0.0000000e+00   0.0000000e+00   0.0000000e+00   0.0000000e+00   0.0000000e+00   0.0000000e+00   0.0000000e+00   0.0000000e+00   0.0000000e+00   0.0000000e+00   0.0000000e+00   0.0000000e+00   0.0000000e+00   0.0000000e+00   0.0000000e+00   0.0000000e+00   0.0000000e+00   0.0000000e+00   0.0000000e+00   0.0000000e+00   0.0000000e+00   0.0000000e+00   0.0000000e+00
