   3.0574394e+00   2.1538249e+00   2.1690539e+00   2.3953264e+00   2.4857106e+00   2.5034880e+00   2.4558602e+00   2.3020322e+00   2.1820368e+00   2.3968611e+00   2.3433735e+00   2.1899236e+00   2.3135796e+00   2.6876840e+00   3.0067631e+00   2.2595326e+00   2.3464142e+00   2.2998092e+00   2.8594273e+00   2.3796912e+00   2.2902920e+00   2.3087232e+00   2.3799978e+00   2.4401637e+00   2.5277372e+00
   2.6490172e+00   3.0866784e+00   2.9946756e+00   3.0901059e+00   2.9496095e+00   3.2198260e+00   3.2010986e+00   2.9938215e+00   2.9702996e+00   4.2013965e+00   2.9771313e+00   2.9969171e+00   4.0860075e+00   3.2912073e+00   2.8981935e+00   4.2759725e+00   2.9456737e+00   2.9947252e+00   3.2508935e+00   2.9993209e+00   2.9573858e+00   3.1067610e+00   3.1694396e+00   2.9564017e+00   3.0410250e+00
   2.9254373e+00   2.9251938e+00   2.9252363e+00   2.9251208e+00   2.9251030e+00   2.9253466e+00   2.9250646e+00   2.9251933e+00   2.9249697e+00   2.9254104e+00   2.9249414e+00   2.9253506e+00   2.9249699e+00   2.9252950e+00   2.9249175e+00   2.9253670e+00   2.9251316e+00   2.9252116e+00   2.9249714e+00   2.9254588e+00   2.9260310e+00   2.9254485e+00   2.9249585e+00   2.9249113e+00   2.9249205e+00
   2.9248325e+00   2.9248331e+00   2.9248317e+00   2.9248319e+00   2.9248313e+00   2.9248326e+00   2.9248346e+00   2.9248329e+00   2.9248314e+00   2.9248321e+00   2.9248322e+00   2.9248330e+00   2.9248316e+00   2.9248352e+00   2.9248323e+00   2.9248327e+00   2.9248323e+00   2.9248312e+00   2.9248321e+00   2.9248315e+00   2.9248352e+00   2.9248320e+00   2.9248324e+00   2.9248313e+00   2.9248339e+00
   2.9248306e+00   2.9248306e+00   2.9248306e+00   2.9248306e+00   2.9248306e+00   2.9248306e+00   2.9248306e+00   2.9248306e+00   2.9248306e+00   2.9248306e+00   2.9248306e+00   2.9248306e+00   2.9248306e+00   2.9248306e+00   2.9248306e+00   2.9248306e+00   2.9248306e+00   2.9248306e+00   2.9248306e+00   2.9248306e+00   2.9248306e+00   2.9248306e+00   2.9248306e+00   2.9248306e+00   2.9248306e+00
   2.9248306e+00   2.9248306e+00   2.9248306e+00   2.9248306e+00   2.9248306e+00   2.9248306e+00   2.9248306e+00   2.9248306e+00   2.9248306e+00   2.9248306e+00   2.9248306e+00   2.9248306e+00   2.9248306e+00   2.9248306e+00   2.9248306e+00   2.9248306e+00   2.9248306e+00   2.9248306e+00   2.9248306e+00   2.9248306e+00   2.9248306e+00   2.9248306e+00   2.9248306e+00   2.9248306e+00   2.9248306e+00
   2.9248306e+00   2.9248306e+00   2.9248306e+00   2.9248306e+00   2.9248306e+00   2.9248306e+00   2.9248306e+00   2.9248306e+00   2.9248306e+00   2.9248306e+00   2.9248306e+00   2.9248306e+00   2.9248306e+00   2.9248306e+00   2.9248306e+00   2.9248306e+00   2.9248306e+00   2.9248306e+00   2.9248306e+00   2.9248306e+00   2.9248306e+00   2.9248306e+00   2.9248306e+00   2.9248306e+00   2.9248306e+00
   2.9248306e+00   2.9248306e+00   2.9248306e+00   2.9248306e+00   2.9248306e+00   2.9248306e+00   2.9248306e+00   2.9248306e+00   2.9248306e+00   2.9248306e+00   2.9248306e+00   2.9248306e+00   2.9248306e+00   2.9248306e+00   2.9248306e+00   2.9248306e+00   2.9248306e+00   2.9248306e+00   2.9248306e+00   2.9248306e+00   2.9248306e+00   2.9248306e+00   2.9248306e+00   2.9248306e+00   2.9248306e+00
   2.9248306e+00   2.9248306e+00   2.9248306e+00   2.9248306e+00   2.9248306e+00   2.9248306e+00   2.9248306e+00   2.9248306e+00   2.9248306e+00   2.9248306e+00   2.9248306e+00   2.9248306e+00   2.9248306e+00   2.9248306e+00   2.9248306e+00   2.9248306e+00   2.9248306e+00   2.9248306e+00   2.9248306e+00   2.9248306e+00   2.9248306e+00   2.9248306e+00   2.9248306e+00   2.9248306e+00   2.9248306e+00
   2.9248306e+00   2.9248306e+00   2.9248306e+00   2.9248306e+00   2.9248306e+00   2.9248306e+00   2.9248306e+00   2.9248306e+00   2.9248306e+00   2.9248306e+00   2.9248306e+00   2.9248306e+00   2.9248306e+00   2.9248306e+00   2.9248306e+00   2.9248306e+00   2.9248306e+00   2.9248306e+00   2.9248306e+00   2.9248306e+00   2.9248306e+00   2.9248306e+00   2.9248306e+00   2.9248306e+00   2.9248306e+00
