  -2.4526886e+01  -2.4869337e+01  -2.9105549e+01  -2.8416146e+01  -3.1978984e+01  -2.1695476e+01  -3.5799835e+01  -3.3365891e+01  -2.6816305e+01  -2.4276841e+01  -3.4093211e+01  -3.0850611e+01  -3.0507074e+01  -3.1192326e+01  -1.9751703e+01  -3.4356836e+01  -3.0063100e+01  -2.0482074e+01  -3.6596355e+01  -1.6559810e+01  -3.2588990e+01  -3.2050270e+01  -1.8603969e+01  -2.8710553e+01  -1.6360408e+01
   9.2221919e-02  -1.5857184e+00  -4.4289142e+00  -4.2151106e+00  -1.9509178e+01  -2.8167582e+00  -3.5647773e+01  -3.4771183e+01  -2.5315474e+01  -2.0663336e+01  -4.3924089e+00  -2.9669731e+01  -4.8898247e+00  -2.9629001e+01  -1.5581137e+00  -3.3446075e+01  -3.0091559e+01  -1.9087120e+01  -3.5811132e+01  -2.9220339e+00  -3.6569822e+00  -2.4810071e+01  -1.7260337e+01  -2.8894052e+01  -3.4935991e+00
   2.6330004e+00  -1.9213844e-01  -4.9178667e+00  -3.1301062e+00  -1.9601589e+00  -2.5794164e+00  -1.2298016e+01  -1.4452897e+01  -2.5641241e+01  -1.3348897e+01  -2.2735610e+00  -4.4417741e+00  -3.0242505e+00  -5.2187232e+00  -1.3321491e+00  -3.9660390e+00  -5.2436619e+00  -1.8681168e+01  -4.2601944e+00  -3.0032721e+00  -2.9535831e-01  -4.4207083e+00  -3.9175680e+00  -2.4689149e+00  -1.2111993e+00
   2.9244915e+00   7.3304628e-02  -2.4332472e+00  -2.8116290e+00  -9.7783720e-02  -1.1344868e+00  -1.1898866e+01  -1.4326584e+01  -2.6942427e+00  -1.5137437e+00  -2.0089435e+00  -2.4196939e+00  -2.7998984e+00  -4.5704936e+00  -1.3363461e+00  -2.5136351e+00  -4.1070319e+00  -9.5866046e+00  -2.5050131e+00  -6.8995237e-01   5.3135832e-01  -3.9512762e+00  -3.6708333e+00  -1.3028015e+00  -4.4791766e-01
   2.5478024e+00   6.6239631e-02  -1.3625965e+00  -3.0075814e+00   1.3857100e+00  -1.1621937e+00  -1.1637029e+01   2.9262106e+00  -1.2702770e+00  -1.2481880e+00  -1.4099813e+00  -2.2583132e+00  -2.9537802e+00  -4.0211206e+00  -7.3220233e-01  -1.9750388e+00  -2.7448602e+00  -9.2817581e+00  -1.6051738e+00  -6.8360357e-01   1.5289167e+00  -3.9848895e+00  -3.3575106e+00  -1.2141667e+00   1.3312532e+00
   2.9397719e+00   7.3671957e-01  -1.4201224e+00  -2.0339544e+00   1.5971217e+00  -1.3094183e+00  -1.0264974e+01   3.0364924e+00  -1.3927843e+00  -1.1048892e+00  -1.4809912e+00  -8.5945642e-01  -3.0703017e+00  -4.2233356e+00  -7.5147709e-01  -1.4585699e+00  -1.7338918e+00  -3.4019896e+00  -1.1145178e+00  -1.1332157e+00   2.1624741e+00  -3.3172076e+00  -3.3967283e+00  -1.0086365e+00   1.2087015e+00
   2.9007551e+00   1.3682067e+00  -1.3678530e+00  -1.7093778e+00   1.2177301e+00  -1.2858980e+00  -9.5950600e+00   2.9193063e+00  -6.5706815e-01  -1.2966727e+00  -1.0614077e+00  -8.0816754e-01  -2.8618272e+00  -4.0218520e+00  -9.6701084e-01  -9.1513824e-01  -1.5270839e+00  -3.7368251e+00   5.6432481e-02  -7.5980545e-01   2.0865424e+00  -3.2900838e+00  -3.3555058e+00  -9.9979808e-01   1.1976393e+00
   2.8256066e+00   1.3390788e+00  -1.3441965e+00  -1.7069539e+00   1.6133898e+00  -1.1888953e+00  -7.8659750e+00   3.0429455e+00  -6.8117775e-01  -4.8294078e-01  -1.0687623e+00  -7.2593567e-01  -2.7817707e+00  -4.0743317e+00   8.5009522e-02  -1.0361620e+00  -1.2999794e+00  -2.4804353e+00   9.4372764e-02  -7.6193445e-01   2.1248549e+00  -3.3137694e+00  -3.3522294e+00  -9.9947221e-01   1.2090142e+00
   2.8701598e+00   1.3691620e+00  -1.3441409e+00  -1.7096813e+00   1.9184873e+00  -9.8328026e-01  -7.8597335e+00   3.0345989e+00  -6.6893359e-01  -4.9535810e-01  -1.0675220e+00  -7.3121271e-01  -2.7743090e+00  -3.9801063e+00   8.3199823e-02  -5.5093992e-01  -9.1449856e-01  -2.4158507e+00   2.0070056e-01  -7.6012199e-01   2.1987042e+00  -3.2903516e+00  -3.3529321e+00  -9.9959369e-01   1.2089263e+00
   2.9138894e+00   1.3691226e+00  -1.3441820e+00  -1.7100351e+00   1.9180832e+00  -9.4980476e-01  -7.7306827e+00   3.0521545e+00  -6.6534786e-01  -4.8184504e-01  -9.8622007e-01  -7.3630289e-01  -2.7739919e+00  -3.9668521e+00   8.5951376e-02  -5.5132481e-01  -7.0743963e-01  -2.3834450e+00   2.0187771e-01  -7.6010781e-01   2.2097308e+00  -3.3104795e+00  -3.3511998e+00  -9.9920397e-01   1.2089208e+00
