   1.2504633e-01   1.2499968e-01   1.2498170e-01   1.2498593e-01   1.2498130e-01   1.2499700e-01   1.2498124e-01   1.2508227e-01   1.2497589e-01   1.2499492e-01   1.2501628e-01   1.2497501e-01   1.2498043e-01   1.2497991e-01   1.2497753e-01   1.2497960e-01   1.2498585e-01   1.2500973e-01   1.2497535e-01   1.2498078e-01   1.2497365e-01   1.2499291e-01   1.2497994e-01   1.2498071e-01   1.2498293e-01
   2.3580900e-01   2.3524246e-01   2.3631172e-01   2.3524246e-01   2.3946705e-01   2.3567959e-01   2.3524263e-01   2.3912062e-01   2.3524269e-01   2.3553164e-01   2.3524253e-01   2.3524247e-01   2.4155880e-01   2.3524259e-01   2.3524247e-01   2.3524256e-01   2.3763996e-01   2.3524252e-01   2.3642135e-01   2.3524246e-01   2.3543887e-01   2.4292361e-01   2.3626005e-01   2.3524257e-01   2.3524258e-01
   2.3527972e-01   2.3524246e-01   2.3525028e-01   2.3524246e-01   2.3524692e-01   2.3524548e-01   2.3524250e-01   2.3524927e-01   2.3524246e-01   2.3524261e-01   2.3524246e-01   2.3524246e-01   2.3524471e-01   2.3524246e-01   2.3524246e-01   2.3524246e-01   2.3525639e-01   2.3524246e-01   2.3527718e-01   2.3524246e-01   2.3524380e-01   2.3524383e-01   2.3527245e-01   2.3524246e-01   2.3524249e-01
   2.3524249e-01   2.3524246e-01   2.3524248e-01   2.3524246e-01   2.3524246e-01   2.3524247e-01   2.3524246e-01   2.3524246e-01   2.3524246e-01   2.3524246e-01   2.3524246e-01   2.3524246e-01   2.3524247e-01   2.3524246e-01   2.3524246e-01   2.3524246e-01   2.3524247e-01   2.3524246e-01   2.3524246e-01   2.3524246e-01   2.3524246e-01   2.3524246e-01   2.3524246e-01   2.3524246e-01   2.3524246e-01
   2.3524246e-01   2.3524246e-01   2.3524246e-01   2.3524246e-01   2.3524246e-01   2.3524246e-01   2.3524246e-01   2.3524246e-01   2.3524246e-01   2.3524246e-01   2.3524246e-01   2.3524246e-01   2.3524246e-01   2.3524246e-01   2.3524246e-01   2.3524246e-01   2.3524246e-01   2.3524246e-01   2.3524246e-01   2.3524246e-01   2.3524246e-01   2.3524246e-01   2.3524246e-01   2.3524246e-01   2.3524246e-01
   2.3524246e-01   2.3524246e-01   2.3524246e-01   2.3524246e-01   2.3524246e-01   2.3524246e-01   2.3524246e-01   2.3524246e-01   2.3524246e-01   2.3524246e-01   2.3524246e-01   2.3524246e-01   2.3524246e-01   2.3524246e-01   2.3524246e-01   2.3524246e-01   2.3524246e-01   2.3524246e-01   2.3524246e-01   2.3524246e-01   2.3524246e-01   2.3524246e-01   2.3524246e-01   2.3524246e-01   2.3524246e-01
   2.3524246e-01   2.3524246e-01   2.3524246e-01   2.3524246e-01   2.3524246e-01   2.3524246e-01   2.3524246e-01   2.3524246e-01   2.3524246e-01   2.3524246e-01   2.3524246e-01   2.3524246e-01   2.3524246e-01   2.3524246e-01   2.3524246e-01   2.3524246e-01   2.3524246e-01   2.3524246e-01   2.3524246e-01   2.3524246e-01   2.3524246e-01   2.3524246e-01   2.3524246e-01   2.3524246e-01   2.3524246e-01
   2.3524246e-01   2.3524246e-01   2.3524246e-01   2.3524246e-01   2.3524246e-01   2.3524246e-01   2.3524246e-01   2.3524246e-01   2.3524246e-01   2.3524246e-01   2.3524246e-01   2.3524246e-01   2.3524246e-01   2.3524246e-01   2.3524246e-01   2.3524246e-01   2.3524246e-01   2.3524246e-01   2.3524246e-01   2.3524246e-01   2.3524246e-01   2.3524246e-01   2.3524246e-01   2.3524246e-01   2.3524246e-01
   2.3524246e-01   2.3524246e-01   2.3524246e-01   2.3524246e-01   2.3524246e-01   2.3524246e-01   2.3524246e-01   2.3524246e-01   2.3524246e-01   2.3524246e-01   2.3524246e-01   2.3524246e-01   2.3524246e-01   2.3524246e-01   2.3524246e-01   2.3524246e-01   2.3524246e-01   2.3524246e-01   2.3524246e-01   2.3524246e-01   2.3524246e-01   2.3524246e-01   2.3524246e-01   2.3524246e-01   2.3524246e-01
   2.3524246e-01   2.3524246e-01   2.3524246e-01   2.3524246e-01   2.3524246e-01   2.3524246e-01   2.3524246e-01   2.3524246e-01   2.3524246e-01   2.3524246e-01   2.3524246e-01   2.3524246e-01   2.3524246e-01   2.3524246e-01   2.3524246e-01   2.3524246e-01   2.3524246e-01   2.3524246e-01   2.3524246e-01   2.3524246e-01   2.3524246e-01   2.3524246e-01   2.3524246e-01   2.3524246e-01   2.3524246e-01
