   3.6642853e+03   3.5571693e+03   3.6805772e+03   3.5524011e+03   3.5003487e+03   3.5059623e+03   3.6123076e+03   3.5106703e+03   3.6145673e+03   3.5864080e+03   3.6277509e+03   3.6633719e+03   3.5269677e+03   3.5123730e+03   3.5686649e+03   3.6453441e+03   3.5914698e+03   3.4963535e+03   3.6355958e+03   3.5065697e+03   3.5028012e+03   3.6763367e+03   3.6347699e+03   3.5962381e+03   3.5680126e+03
   3.6304704e+03   3.5084084e+03   3.6325609e+03   3.5383335e+03   3.4807731e+03   3.4776026e+03   3.5627883e+03   3.4771234e+03   3.5592514e+03   3.5296291e+03   3.5649264e+03   3.6155745e+03   3.4964664e+03   3.4913903e+03   3.5320221e+03   3.5693357e+03   3.5364588e+03   3.4820118e+03   3.6150990e+03   3.4730775e+03   3.4662083e+03   3.6194344e+03   3.5591685e+03   3.5496607e+03   3.5325346e+03
   3.6201541e+03   3.5045948e+03   3.7341123e+03   3.5347711e+03   3.4746478e+03   3.4725300e+03   3.5442162e+03   3.4731326e+03   3.6694918e+03   3.5217254e+03   3.5560168e+03   4.0852894e+03   3.4921549e+03   3.4900669e+03   3.5236296e+03   3.5552983e+03   3.5323453e+03   3.5288010e+03   3.6062665e+03   3.4456711e+03   3.5381942e+03   3.6518696e+03   3.5266838e+03   3.5455790e+03   3.5316845e+03
   3.5782721e+03   3.5007260e+03   3.9364284e+03   3.5306807e+03   3.4722222e+03   3.4860595e+03   3.6966897e+03   3.4730065e+03   3.6606826e+03   3.5173771e+03   3.5535137e+03   4.0747497e+03   3.4930202e+03   4.3861373e+03   3.5234337e+03   3.5517089e+03   3.5313411e+03   3.6156554e+03   3.5811037e+03   3.4455480e+03   4.4518529e+03   3.6559332e+03   4.1188965e+03   3.5460940e+03   3.5315806e+03
   3.5867443e+03   3.5005060e+03   3.9366063e+03   4.4645599e+03   3.4725142e+03   3.9786882e+03   4.4051227e+03   3.4731914e+03   3.6621436e+03   3.5172968e+03   4.2825866e+03   4.0713978e+03   3.4930401e+03   4.3797890e+03   4.4156138e+03   4.4239284e+03   3.5313396e+03   4.4654966e+03   3.5803390e+03   4.3112715e+03   4.4682757e+03   3.6545188e+03   4.0909005e+03   3.5611754e+03   3.5315090e+03
   4.1041675e+03   4.4822822e+03   3.9363989e+03   4.4629858e+03   4.0470673e+03   4.4680454e+03   4.4715078e+03   4.4647169e+03   4.2648056e+03   4.3107713e+03   4.3393227e+03   4.0708234e+03   4.0699532e+03   4.4910269e+03   4.4624266e+03   4.4174752e+03   4.0688984e+03   4.5050474e+03   3.7498510e+03   4.3054285e+03   4.4681508e+03   3.6545616e+03   4.1029314e+03   3.5596457e+03   4.1265096e+03
   4.1057111e+03   4.4801394e+03   4.3907996e+03   4.4625083e+03   4.4543990e+03   4.5075096e+03   4.4702694e+03   4.4486559e+03   4.2545273e+03   4.3056084e+03   4.3263852e+03   4.0711598e+03   4.0692008e+03   4.4921776e+03   4.4978697e+03   4.4133803e+03   4.1208618e+03   4.5046903e+03   4.4476830e+03   4.4944274e+03   4.4681467e+03   4.4479964e+03   4.2129939e+03   4.4643944e+03   4.4964179e+03
   4.4542072e+03   4.4971309e+03   4.5045916e+03   4.4624865e+03   4.4772418e+03   4.5074689e+03   4.5064089e+03   4.4485230e+03   4.2554846e+03   4.5053388e+03   4.3280298e+03   4.5038793e+03   4.4012690e+03   4.4920748e+03   4.4978650e+03   4.4723537e+03   4.1256424e+03   4.5052505e+03   4.4949645e+03   4.4944287e+03   4.4681465e+03   4.4665266e+03   4.4947684e+03   4.4140608e+03   4.4958747e+03
   4.4955394e+03   4.4973749e+03   4.5050052e+03   4.4624813e+03   4.4962535e+03   4.5442891e+03   4.5118615e+03   4.4483967e+03   4.5394058e+03   4.5053233e+03   4.5075833e+03   4.5039765e+03   4.4215315e+03   4.5059151e+03   4.4978587e+03   4.4722470e+03   4.1256051e+03   4.5056463e+03   4.4950439e+03   4.4944289e+03   4.4681465e+03   4.4986388e+03   4.4947632e+03   4.4576627e+03   4.4959074e+03
   4.4955402e+03   4.4973862e+03   4.5050098e+03   4.5016596e+03   4.4960627e+03   4.5450752e+03   4.5119744e+03   4.5168337e+03   4.5397682e+03   4.5056200e+03   4.5061429e+03   4.5068640e+03   4.4980430e+03   4.5059164e+03   4.4979049e+03   4.4722470e+03   4.4947074e+03   4.5060082e+03   4.4950726e+03   4.4946250e+03   4.5349919e+03   4.4986481e+03   4.4947602e+03   4.4582239e+03   4.4958972e+03
