   1.6241695e+01   5.5000000e+00   5.5000000e+00   5.5000000e+00   5.5000000e+00   5.5000000e+00   5.5000000e+00   5.5000000e+00   5.5000000e+00   5.5000000e+00   7.5000000e+00   7.5000000e+00   5.5000000e+00   1.7652384e+02   1.1136191e+01   6.5914698e+01   5.5000000e+00   1.9772463e+02   5.5000000e+00   1.6132855e+02   5.5000000e+00   5.5000000e+00   5.5000000e+00   7.5000000e+00   5.5000000e+00
   1.3854755e+02   1.3987032e+02   1.3643045e+02   9.2719511e+01   1.2091058e+02   1.3697105e+02   1.3563737e+02   1.0930826e+02   1.7012228e+02   1.6200352e+02   1.8898651e+02   1.3709656e+02   1.0359943e+02   1.4217908e+02   2.0698057e+02   1.4115773e+02   1.3663536e+02   1.5949412e+02   1.3068114e+02   1.3263867e+02   1.4235815e+02   1.3758822e+02   4.4120392e+01   1.3617515e+02   1.3513001e+02
   1.2101306e+02   1.0887442e+02   1.1896644e+02   1.1776211e+02   1.1340838e+02   1.2135013e+02   1.2179595e+02   1.1086089e+02   1.1190275e+02   1.2286839e+02   1.1804784e+02   1.0646596e+02   1.0908873e+02   1.1210567e+02   1.1825831e+02   1.1841270e+02   9.9670269e+01   1.0765946e+02   1.1204835e+02   1.0793579e+02   1.1101281e+02   1.2010420e+02   1.0851731e+02   1.0345264e+02   1.1083906e+02
   1.0991781e+02   1.0741397e+02   1.1389863e+02   1.0767818e+02   1.1259026e+02   1.1120294e+02   1.1463929e+02   1.0741434e+02   1.0734497e+02   1.0800209e+02   1.0936325e+02   1.1586563e+02   1.0756330e+02   1.0481861e+02   1.0865455e+02   1.0818872e+02   1.0097626e+02   1.0750415e+02   1.1083770e+02   1.0819401e+02   1.1423237e+02   1.0817862e+02   1.1013218e+02   9.9305579e+01   1.0751024e+02
   1.0748432e+02   1.0737914e+02   1.0745508e+02   1.0740645e+02   1.0741259e+02   9.9520220e+01   1.0770581e+02   1.0742571e+02   1.0740199e+02   1.0787131e+02   9.9318357e+01   1.0039196e+02   1.0741990e+02   1.0966738e+02   1.0748038e+02   1.0230691e+02   9.9540516e+01   1.0738563e+02   1.0740542e+02   1.0820925e+02   1.1423237e+02   1.0742908e+02   1.0740375e+02   9.9243610e+01   1.0751024e+02
   1.0737615e+02   1.0737531e+02   1.0737650e+02   1.0737519e+02   1.0737533e+02   9.9239711e+01   1.0738070e+02   1.0737652e+02   1.0737590e+02   1.0738481e+02   9.9239160e+01   9.9682164e+01   1.0737891e+02   1.0693437e+02   1.0737947e+02   1.2212853e+02   9.9240474e+01   1.0737534e+02   1.0738708e+02   1.0737846e+02   1.0741882e+02   1.0737596e+02   1.0737535e+02   9.9238700e+01   1.0737484e+02
   1.0737515e+02   1.0737514e+02   1.0737515e+02   1.0737514e+02   1.0737514e+02   9.9238488e+01   1.0737516e+02   1.0737514e+02   1.0737514e+02   1.0737514e+02   9.9238467e+01   9.9238514e+01   1.0737515e+02   1.0098311e+02   1.0737514e+02   9.9240104e+01   9.9238478e+01   1.0737514e+02   1.0737516e+02   1.0737514e+02   1.0737542e+02   1.0737515e+02   1.0737514e+02   9.9238464e+01   1.0737521e+02
   1.0737514e+02   1.0737514e+02   1.0737514e+02   1.0737514e+02   1.0737514e+02   9.9238464e+01   1.0737514e+02   1.0737514e+02   1.0737514e+02   1.0737514e+02   9.9238464e+01   9.9238464e+01   1.0737514e+02   9.9238931e+01   1.0737514e+02   9.9238464e+01   9.9238464e+01   1.0737514e+02   1.0737514e+02   1.0737514e+02   1.0737514e+02   1.0737514e+02   1.0737514e+02   9.9238464e+01   1.0737514e+02
   1.0737514e+02   1.0737514e+02   1.0737514e+02   1.0737514e+02   1.0737514e+02   9.9238464e+01   1.0737514e+02   1.0737514e+02   1.0737514e+02   1.0737514e+02   9.9238464e+01   9.9238464e+01   1.0737514e+02   9.9238464e+01   1.0737514e+02   9.9238464e+01   9.9238464e+01   1.0737514e+02   1.0737514e+02   1.0737514e+02   1.0737514e+02   1.0737514e+02   1.0737514e+02   9.9238464e+01   1.0737514e+02
   1.0737514e+02   1.0737514e+02   1.0737514e+02   1.0737514e+02   1.0737514e+02   9.9238464e+01   1.0737514e+02   1.0737514e+02   1.0737514e+02   1.0737514e+02   9.9238464e+01   9.9238464e+01   1.0737514e+02   9.9238464e+01   1.0737514e+02   9.9238464e+01   9.9238464e+01   1.0737514e+02   1.0737514e+02   1.0737514e+02   1.0737514e+02   1.0737514e+02   1.0737514e+02   9.9238464e+01   1.0737514e+02
