  -5.0622985e+03  -5.1105870e+03  -4.2033570e+03  -6.6767890e+03  -4.4135974e+03  -7.3062667e+03  -4.9485419e+03  -4.2701321e+03  -4.4447887e+03  -6.4513697e+03  -5.6223497e+03  -4.1862566e+03  -4.9068586e+03  -4.9189794e+03  -3.7750518e+03  -3.4902453e+03  -4.4397040e+03  -3.8472261e+03  -4.8208160e+03  -4.9708803e+03  -4.8772344e+03  -6.4085133e+03  -3.6049272e+03  -7.4267234e+03  -6.0330857e+03
  -4.1990437e+03  -4.9476924e+03  -5.8285637e+03  -1.3502573e+04  -5.9357544e+03  -6.6754160e+03  -3.8224442e+03  -5.4962079e+03  -4.0820338e+03  -7.9948550e+03  -1.3085064e+04  -3.6710053e+03  -4.8423048e+03  -4.9526662e+03  -5.6765037e+03  -7.5176271e+03  -5.0392288e+03  -5.2402779e+03  -4.2119239e+03  -4.3907166e+03  -4.0789733e+03  -6.2807309e+03  -4.5026614e+03  -8.5576309e+03  -8.6264553e+03
  -4.7273051e+03  -3.5756609e+03  -5.8940381e+03  -9.2076763e+03  -4.6757408e+03  -3.0317803e+03  -3.8026011e+03  -7.4942272e+03  -4.0820338e+03  -4.5308515e+03  -4.3286889e+03  -3.6710053e+03  -3.8948838e+03  -6.1850653e+03  -4.0529788e+03  -3.8298507e+03  -7.5212287e+03  -5.1255727e+03  -4.2119239e+03  -4.0950638e+03  -4.3832447e+03  -6.6469792e+03  -4.5026614e+03  -2.2604442e+03  -3.4803916e+03
  -4.7273051e+03  -3.5756609e+03  -3.8715730e+03  -5.7202915e+03  -4.2179817e+03   7.8075924e+01  -1.0228477e+02  -3.3136310e+03  -3.6400698e+03  -3.8855122e+03  -4.0189345e+03  -4.0491797e+03  -4.5231851e+03  -4.4985632e+03  -4.0966399e+03  -3.8287083e+03  -5.5833636e+03  -3.7623789e+03  -4.3665522e+03  -3.6934571e+03  -3.7712405e+03  -6.3589998e+03  -3.7359511e+03   1.3020742e+03  -3.9039856e+03
  -4.0695761e+03  -4.2552532e+03  -4.3679369e+03  -3.6026199e+03  -4.2832281e+03   2.9267973e+02   6.7212301e+02  -3.5082017e+03  -4.3236182e+03  -4.0276335e+03  -4.1886718e+03  -3.5147489e+03  -4.2006019e+03  -1.4187741e+03  -3.5798111e+03  -4.3913329e+03  -3.5009627e+03  -4.3633060e+03  -4.0171840e+03  -3.8239408e+03  -3.9479134e+03  -3.6646088e+03  -4.3598741e+03  -3.4397024e+03  -4.2874187e+03
  -4.2074102e+03  -4.4201387e+03  -4.5264924e+03  -4.3721061e+03  -4.5273260e+03   9.0396589e+02  -3.5969771e+03  -4.4625680e+03  -4.5189161e+03  -4.4990822e+03  -4.4947063e+03  -4.4951807e+03  -4.4735522e+03  -3.1747980e+03  -4.5276124e+03  -4.5286580e+03  -4.4934057e+03  -4.5285820e+03  -4.5226588e+03  -4.5134020e+03  -4.0265101e+03  -4.3805141e+03  -4.5280825e+03  -4.4196750e+03  -4.5240355e+03
  -4.5290728e+03  -4.5290909e+03  -4.5291191e+03  -4.5286640e+03  -4.5291195e+03   4.8889416e+02  -4.5263329e+03  -4.5290751e+03  -4.5290935e+03  -4.5290971e+03  -4.5290984e+03  -4.5291125e+03  -4.5290831e+03  -4.4272204e+03  -4.5291195e+03  -4.5291197e+03  -4.5291051e+03  -4.5291197e+03  -4.5291189e+03  -4.5291152e+03  -4.5243143e+03  -4.5290613e+03  -4.5291196e+03  -4.5290922e+03  -4.5291189e+03
  -4.5291197e+03  -4.5291197e+03  -4.5291197e+03  -4.5291197e+03  -4.5291197e+03  -1.3923648e+02  -4.5291197e+03  -4.5291197e+03  -4.5291197e+03  -4.5291197e+03  -4.5291197e+03  -4.5291197e+03  -4.5291197e+03  -4.5291194e+03  -4.5291197e+03  -4.5291197e+03  -4.5291197e+03  -4.5291197e+03  -4.5291197e+03  -4.5291197e+03  -4.5291197e+03  -4.5291197e+03  -4.5291197e+03  -4.5291197e+03  -4.5291197e+03
  -4.5291197e+03  -4.5291197e+03  -4.5291197e+03  -4.5291197e+03  -4.5291197e+03  -1.4271916e+02  -4.5291197e+03  -4.5291197e+03  -4.5291197e+03  -4.5291197e+03  -4.5291197e+03  -4.5291197e+03  -4.5291197e+03  -4.5291197e+03  -4.5291197e+03  -4.5291197e+03  -4.5291197e+03  -4.5291197e+03  -4.5291197e+03  -4.5291197e+03  -4.5291197e+03  -4.5291197e+03  -4.5291197e+03  -4.5291197e+03  -4.5291197e+03
  -4.5291197e+03  -4.5291197e+03  -4.5291197e+03  -4.5291197e+03  -4.5291197e+03  -1.4271933e+02  -4.5291197e+03  -4.5291197e+03  -4.5291197e+03  -4.5291197e+03  -4.5291197e+03  -4.5291197e+03  -4.5291197e+03  -4.5291197e+03  -4.5291197e+03  -4.5291197e+03  -4.5291197e+03  -4.5291197e+03  -4.5291197e+03  -4.5291197e+03  -4.5291197e+03  -4.5291197e+03  -4.5291197e+03  -4.5291197e+03  -4.5291197e+03
