  -2.3184716e+01  -2.2829895e+01  -1.9594023e+01  -2.5351071e+01  -2.0602031e+01  -2.3386159e+01  -6.6681403e+00  -2.5481938e+01  -1.1171679e+01  -1.2648092e+01  -1.0646443e+01  -1.7775429e+01  -1.7599643e+01  -1.8130928e+01  -1.9687504e+01  -1.6608600e+01  -6.0360081e+00  -2.2844254e+01  -1.3722712e+01  -2.2234535e+01  -1.6807735e+01  -8.1368991e+00  -2.0276077e+01  -9.6082080e+00  -1.2817549e+01
  -2.4871560e+01  -5.1525922e+00  -3.2291118e+00  -4.9340043e+00  -4.5517281e+00  -2.3915192e+01   7.9797167e-01  -2.5220331e+01  -7.6980070e-01   1.1230263e+00   6.0320870e-01   4.0752444e-01  -2.2997567e+00   4.0489425e+00  -1.7304311e+00  -4.0463447e+00  -8.0912068e+00  -1.8962519e+00  -2.0809495e-01  -2.3819306e+01  -6.7207912e+00   8.8405502e-01   2.8762876e+00  -5.4799687e-01  -6.6925221e-01
  -2.4252929e+01  -6.6689366e+00  -1.5332766e+00  -5.0137561e+00  -3.7613770e+00  -1.2500689e-01   1.6809199e+00  -4.7959224e+00  -3.5193862e-01   1.2501947e+00   1.5550190e+00   2.7325139e-01  -9.2937239e-01   4.7431193e+00  -8.0417208e-01  -3.3672259e+00  -6.1903762e+00  -1.3182850e+00   1.6465732e+00  -6.7539987e-01  -4.5630873e-01   4.7190282e-01   2.6376656e+00  -5.6554825e-01   7.8086527e-01
   2.0519388e+00  -3.1316365e+00  -1.0755596e+00  -2.2911255e+00  -3.6110241e+00  -2.8677767e-01   2.5609829e+00  -4.0005314e+00  -9.0007007e-01   9.4889246e-01   1.4489253e+00   9.2916468e-01   8.1173004e-02   5.1667514e+00  -2.3935540e-01  -1.1521223e+00  -6.3704610e+00  -4.5092394e-01   2.2422225e+00   1.2505274e+00   8.2481985e-02   4.8267967e-01   3.1594821e+00  -7.6986814e-01   2.6196309e+00
   2.3160045e+00  -1.8077261e+00  -1.0020955e+00   1.2756435e-01  -3.7037752e+00   9.3783067e-01   2.6869878e+00  -4.0658994e+00  -7.0159582e-01   2.2771539e+00   1.7212384e+00   8.6201692e-01  -5.5304140e-01   5.7806639e+00  -3.4623168e-01  -1.1360440e+00   6.4454461e-01  -4.7624829e-01   2.1903515e+00   1.1170437e+00   2.7880190e-01   4.2751438e-01   3.0397669e+00  -1.8657689e-01   2.7436277e+00
   2.3663601e+00  -1.6171994e+00  -1.0055963e+00   6.2239301e-01  -3.0635002e+00   1.6734328e+00   2.7040660e+00  -2.4191333e-01  -5.9052121e-01   2.1533951e+00   1.7245320e+00   7.6086678e-01   1.2930858e-01   5.9988575e+00   1.6004103e-02  -4.3753380e-01   8.3062220e-01  -8.2527536e-01   2.2473107e+00   2.3636164e+00   2.0062020e-01   4.7703038e-01   3.0201806e+00  -1.7597757e-01   2.6307346e+00
   2.3471040e+00  -1.4152919e+00  -1.0011423e+00   8.3363723e-01  -3.1120434e+00   1.7830086e+00   2.3836519e+00  -3.7307269e-01  -5.9732043e-01   2.2147812e+00   1.7237984e+00   8.7131321e-01   3.6603627e-01   5.8627194e+00   3.9864063e-01  -4.4080234e-01   1.2187259e+00  -2.2739791e-01   2.2455496e+00   2.4642345e+00   2.1825366e-01   4.7894019e-01   3.8070020e+00  -1.9407569e-01   2.7385087e+00
   2.3679071e+00  -1.4071446e+00  -1.0478670e+00   6.1614629e-01  -2.9676390e+00   1.8176215e+00   2.6709540e+00  -1.2319252e-01  -5.8549124e-01   2.1691129e+00   1.7240583e+00   1.2236477e+00   4.0718225e-01   5.7336727e+00   4.6593759e-01  -4.4155769e-01   1.0134739e+00  -2.3120980e-01   2.2481625e+00   2.4627734e+00   3.2916590e-01   3.3118350e-01   3.8473391e+00  -2.2548944e-01   2.7495759e+00
   2.3641405e+00  -1.4101142e+00  -9.9818183e-01   8.3965694e-01  -2.9683241e+00   1.8452746e+00   2.7081689e+00  -1.0628665e-01  -5.6326524e-01   2.2098851e+00   1.6938632e+00   1.2232606e+00   4.0438647e-01   5.4788829e+00   4.8039549e-01  -4.0298741e-01   9.8909812e-01  -1.9324984e-01   2.2396488e+00   2.4774007e+00   3.4727401e-01   3.3392364e-01   3.8469206e+00  -2.2204790e-01   2.7515569e+00
   2.8180778e+00  -1.1206898e+00  -9.9840965e-01   8.3965876e-01  -2.9660659e+00   1.8456327e+00   2.7086377e+00  -7.1878530e-02  -5.6274563e-01   2.2750327e+00   1.7233785e+00   1.2238067e+00   4.1049134e-01   5.7312810e+00   4.8037588e-01  -3.2270345e-01   9.9805339e-01  -1.9309523e-01   2.2478695e+00   2.4719244e+00   3.4937056e-01   3.3389567e-01   3.8469540e+00  -2.0623117e-01   2.7514443e+00
