   6.5028316e-03   2.3525936e-02   1.0894309e-02   6.5984343e-03   6.6663659e-03   6.2589119e-03   7.1365667e-03   6.2905743e-03   6.6605458e-03   6.0602052e-03   1.0069613e-02   6.5767250e-03   6.4895820e-03   6.4039763e-03   6.6404151e-03   6.9367141e-03   6.0709058e-03   6.8205379e-03   9.6104961e-03   1.3018530e-02   6.2181199e-03   6.9737420e-03   6.5099713e-03   8.5379119e-03   1.1427854e-02
   6.3770547e-03   6.4325884e-03   6.6167783e-03   6.4740936e-03   6.4609560e-03   5.8603233e-03   6.5796203e-03   5.9818014e-03   6.5417694e-03   5.8605226e-03   6.5411331e-03   6.4153566e-03   6.3414119e-03   6.0178599e-03   6.5791599e-03   6.5778925e-03   5.9480004e-03   6.5254391e-03   6.6588623e-03   6.6359748e-03   5.8934812e-03   6.5879487e-03   6.4142507e-03   7.0865899e-03   6.5469615e-03
   6.3672201e-03   6.3804786e-03   6.6013585e-03   6.1712069e-03   6.4050208e-03   5.8032503e-03   6.5714756e-03   5.9190609e-03   6.5351969e-03   5.7856509e-03   6.5362050e-03   6.3833373e-03   6.3381672e-03   5.9849448e-03   6.5747126e-03   6.5694123e-03   5.9338894e-03   6.5225528e-03   6.6551778e-03   6.6283027e-03   5.8303513e-03   6.5819777e-03   6.4016751e-03   6.6833765e-03   6.5367730e-03
   6.3651472e-03   6.3700039e-03   6.1599947e-03   5.1480713e-03   6.4032215e-03   3.5239678e-03   6.5703414e-03   5.7352967e-03   4.8157518e-03   5.7338755e-03   6.5356214e-03   4.8009636e-03   4.7293612e-03   5.9510922e-03   6.5732998e-03   6.5692893e-03   4.5494465e-03   6.5212421e-03   5.8618425e-03   6.6037285e-03   5.8202736e-03   6.5806033e-03   4.8216526e-03   6.6830235e-03   5.6182740e-03
   4.6019410e-03   5.4242285e-03   4.5767240e-03   8.1521553e-04   6.3932034e-03   3.3808159e-03   6.2536300e-03   9.1012987e-04   4.5668667e-03   5.7312142e-03   5.6451038e-03   4.7777919e-03   4.5656575e-03   5.1006316e-03   6.5732447e-03   5.9709268e-03   4.5360200e-03   6.5202323e-03   4.9647227e-03   6.2216204e-03   4.5014684e-03   6.5779303e-03   4.6543169e-03   5.9510895e-03   5.4332267e-03
   4.5945487e-03   5.4193154e-03   4.5746617e-03   6.0685613e-04   6.3899043e-03   2.7097419e-03   4.5761656e-03   8.4738272e-04   4.5662567e-03   5.1422654e-03   5.2478896e-03   4.7774208e-03   4.5586751e-03   5.0980173e-03   5.3347214e-03   4.5964104e-03   4.5350409e-03   4.6209701e-03   4.5517254e-03   6.1955603e-03   4.5000552e-03   6.5779215e-03   4.6352575e-03   5.3211925e-03   4.6028061e-03
   4.5834498e-03   5.4175532e-03   4.5705571e-03   6.0140496e-04   5.2221850e-03   2.6824778e-03   4.5638242e-03   8.4440294e-04   4.5537603e-03   4.7847749e-03   4.6048708e-03   4.7215353e-03   4.5585780e-03   4.5596759e-03   4.7798334e-03   4.5592408e-03   4.5350235e-03   4.6167874e-03   4.5498619e-03   6.1955037e-03   4.4986600e-03   6.5463013e-03   4.6210253e-03   4.5336392e-03   4.5982548e-03
   4.5834460e-03   5.3841762e-03   4.5580485e-03   6.0031544e-04   4.5503586e-03   0.0000000e+00   4.5562297e-03   8.4437392e-04   4.5536743e-03   4.7798143e-03   4.5561551e-03   4.5764976e-03   4.5582204e-03   4.5588521e-03   4.7738802e-03   4.5580607e-03   4.5139657e-03   4.5955410e-03   4.5498334e-03   6.1946044e-03   4.4529382e-03   5.5311009e-03   4.5544736e-03   4.4683423e-03   4.5832290e-03
   4.5833708e-03   7.0397977e-04   4.5579917e-03   5.9988829e-04   4.5194042e-03   0.0000000e+00   4.5560570e-03   8.4168210e-04   4.5536281e-03   3.8748206e-03   4.5558389e-03   4.5655684e-03   7.6427814e-04   4.5588506e-03   4.4991057e-03   4.5580324e-03   4.5136331e-03   4.5470583e-03   4.5416098e-03   4.5140494e-03   4.4527959e-03   5.5223820e-03   4.4784951e-03   4.4683236e-03   4.5445183e-03
   4.5627303e-03   5.6504532e-04   4.5579762e-03   5.3523990e-04   4.5166795e-03   0.0000000e+00   4.5560526e-03   8.3930506e-04   4.5536223e-03   3.0434275e-03   4.0509780e-03   7.9381485e-04   5.2830252e-04   4.5581920e-03   0.0000000e+00   0.0000000e+00   4.5133497e-03   4.5408258e-03   4.5415975e-03   4.5128509e-03   4.4526964e-03   9.6608157e-04   5.8522564e-04   4.4683234e-03   4.5417626e-03
