   1.4389719e-02   1.3733309e-02   1.2847706e-02   1.3441956e-02   1.3799144e-02   1.5029381e-02   1.4215226e-02   1.3863749e-02   1.3609053e-02   1.3035966e-02   1.4175244e-02   1.2821346e-02   1.2398638e-02   1.4326940e-02   1.3654009e-02   1.2651747e-02   1.3471615e-02   1.4738262e-02   1.2949820e-02   1.3776600e-02   1.3243568e-02   1.3066636e-02   1.3704384e-02   1.4953685e-02   1.2884494e-02
   1.3622091e-02   1.2743538e-02   1.2309810e-02   1.2200768e-02   1.2357386e-02   1.4182748e-02   1.3356404e-02   1.2746122e-02   1.2334427e-02   1.2161636e-02   1.3636287e-02   1.2338231e-02   1.1717979e-02   1.3467268e-02   1.2612451e-02   1.1905865e-02   1.2984917e-02   1.4301439e-02   1.2290948e-02   1.2771143e-02   1.2246799e-02   1.1546047e-02   1.2670379e-02   1.4134833e-02   1.1844368e-02
   1.3586619e-02   1.1771908e-02   3.6339505e-03   1.1684548e-02   1.2011990e-02   1.4123907e-02   1.2989464e-02   1.2652414e-02   1.2187472e-02   1.1696687e-02   1.2281856e-02   1.2194376e-02   1.1641121e-02   1.3363112e-02   1.2085905e-02   1.1785012e-02   1.2853171e-02   1.4142061e-02   1.2020361e-02   1.2344469e-02   7.6052504e-03   1.1454647e-02   1.2611491e-02   3.8135518e-03   1.1795047e-02
   1.3022946e-02   3.8738238e-03   3.1083618e-03   8.6246989e-03   1.1976109e-02   1.4114396e-02   4.9714609e-03   6.9503478e-03   1.2169907e-02   1.1601706e-02   1.2071369e-02   1.2082761e-02   1.1639127e-02   1.1918159e-02   9.8500274e-03   5.8872884e-03   1.2851529e-02   1.4141182e-02   4.8431141e-03   5.7128058e-03   7.0549851e-03   1.0581376e-02   6.6640979e-03   1.9495081e-03   1.1754029e-02
   2.1424936e-03   2.0019327e-03   3.0643306e-03   5.5070219e-03   1.1963103e-02   1.4114365e-02   4.8827017e-03   4.5224493e-03   1.8838757e-03   1.8823377e-03   2.3844382e-03   1.8932043e-03   4.1886831e-03   2.2062862e-03   9.7837089e-03   5.4381742e-03   5.6682992e-03   2.2628869e-03   1.6762612e-03   5.3542233e-03   2.0881398e-03   1.0349118e-02   5.9257012e-03   1.6728268e-03   2.3479084e-03
   1.3965937e-03   1.3628363e-03   1.5516408e-03   5.4634181e-03   2.1969725e-03   5.5199145e-03   4.8821585e-03   1.9174104e-03   1.4332896e-03   1.3789192e-03   1.7778410e-03   1.8632916e-03   3.6626025e-03   1.3600847e-03   1.9697346e-03   5.4321700e-03   5.5132508e-03   1.8213704e-03   1.6646964e-03   5.1928445e-03   1.4942559e-03   5.8344378e-03   5.3915336e-03   1.3794788e-03   2.3220857e-03
   1.3542996e-03   1.3544239e-03   1.5166620e-03   5.3328434e-03   1.3648011e-03   1.4700895e-03   1.8202879e-03   1.4275135e-03   1.3542516e-03   1.3554952e-03   1.3540333e-03   1.3539540e-03   1.3686753e-03   1.3574920e-03   1.3608120e-03   1.3666310e-03   1.3634096e-03   1.8167441e-03   1.3601895e-03   1.3555268e-03   1.4705036e-03   5.4620444e-03   1.9076259e-03   1.3543910e-03   1.7058968e-03
   1.3537963e-03   1.3539285e-03   1.3541987e-03   1.4147164e-03   1.3537766e-03   1.3538769e-03   1.8165169e-03   1.3541204e-03   1.3538466e-03   1.3539081e-03   1.3537540e-03   1.3537546e-03   1.3537825e-03   1.3537621e-03   1.3537707e-03   1.3615077e-03   1.3556312e-03   1.8164199e-03   1.3538009e-03   1.3551231e-03   1.3546172e-03   5.3326568e-03   1.8179381e-03   1.3537686e-03   1.7006526e-03
   1.3537628e-03   1.3537524e-03   1.3537524e-03   1.3538702e-03   1.3537524e-03   1.3537647e-03   1.8165006e-03   1.3537524e-03   1.3537536e-03   1.3537524e-03   1.3537524e-03   1.3537524e-03   1.3537581e-03   1.3537579e-03   1.3537524e-03   1.3538499e-03   1.3547222e-03   1.8164192e-03   1.3537524e-03   1.3539025e-03   1.3544241e-03   5.3325437e-03   1.3538368e-03   1.3537525e-03   1.3942031e-03
   1.3537524e-03   1.3537524e-03   1.3537524e-03   1.3537524e-03   1.3537524e-03   1.3537524e-03   1.8022490e-03   1.3537524e-03   1.3537524e-03   1.3537524e-03   1.3537524e-03   1.3537524e-03   1.3537524e-03   1.3537577e-03   1.3537524e-03   1.3537524e-03   1.3537524e-03   1.3537524e-03   1.3537524e-03   1.3537624e-03   1.3539626e-03   4.0751242e-03   1.3536053e-03   1.3537524e-03   1.3537524e-03
