   4.1463440e+03   3.5589949e+03   3.5006319e+03   4.0086299e+03   3.9020766e+03   3.8275466e+03   3.5557543e+03   3.6424184e+03   3.7136018e+03   3.9196882e+03   4.1362663e+03   4.2063200e+03   4.0255423e+03   3.9367790e+03   3.7535702e+03   4.1073663e+03   3.7104648e+03   3.7863871e+03   3.5089153e+03   3.5273695e+03   3.8266073e+03   3.8789014e+03   3.5442649e+03   3.8264622e+03   3.7779699e+03
   3.9418490e+03   3.4234146e+03   3.4511433e+03   3.7946751e+03   3.7299231e+03   3.6613924e+03   3.4861745e+03   3.5632842e+03   3.6067564e+03   3.7607162e+03   3.8953753e+03   3.9874638e+03   3.8247385e+03   3.8435467e+03   3.6556390e+03   3.8223344e+03   3.5627903e+03   3.6793388e+03   3.4730482e+03   3.4207513e+03   3.6497927e+03   3.6785228e+03   3.4555710e+03   3.7144136e+03   3.6590361e+03
   3.7840095e+03   3.3990721e+03   3.4145778e+03   3.6986259e+03   3.6027673e+03   3.5438782e+03   3.4452684e+03   3.5088108e+03   3.5011018e+03   3.6351630e+03   3.7627161e+03   3.8482806e+03   3.5742109e+03   3.7503935e+03   3.5423812e+03   3.6987942e+03   3.4781202e+03   3.5808608e+03   3.4508486e+03   3.4044851e+03   3.5310021e+03   3.5707883e+03   3.4217210e+03   3.5798863e+03   3.5757500e+03
   3.6927747e+03   3.3746882e+03   3.3823052e+03   3.6499951e+03   3.5285499e+03   3.4529646e+03   3.3880887e+03   3.4424120e+03   3.4466316e+03   3.5665315e+03   3.6612937e+03   3.5786169e+03   3.5312631e+03   3.6528802e+03   3.4704645e+03   3.5536585e+03   3.4024857e+03   3.5104178e+03   3.4011725e+03   3.4027983e+03   3.4724203e+03   3.5436413e+03   3.4097717e+03   3.5054528e+03   3.4949250e+03
   3.5834587e+03   3.3607797e+03   3.3702277e+03   3.4429396e+03   3.4262972e+03   3.3861779e+03   3.3761181e+03   3.4112153e+03   3.4003059e+03   3.4331287e+03   3.5290481e+03   3.4431659e+03   3.3896741e+03   3.5003904e+03   3.4279157e+03   3.5144425e+03   3.3695561e+03   3.4464358e+03   3.3732706e+03   3.3948026e+03   3.4053900e+03   3.4956184e+03   3.4266820e+03   3.4413166e+03   3.3997432e+03
   3.4634594e+03   3.3499007e+03   3.3692766e+03   3.3882403e+03   3.3902259e+03   3.3718374e+03   3.3548809e+03   3.3834472e+03   3.3747862e+03   3.4130596e+03   3.4222866e+03   3.3979297e+03   3.3747757e+03   3.4419965e+03   3.4017732e+03   3.4326599e+03   3.3630350e+03   3.3829851e+03   3.3708237e+03   3.3926817e+03   3.3790290e+03   3.4154777e+03   3.3679137e+03   3.4341862e+03   3.3586907e+03
   3.4067272e+03   3.3498739e+03   3.3692502e+03   3.3687371e+03   3.3803207e+03   3.3574339e+03   3.3538680e+03   3.3531627e+03   3.3629660e+03   3.3928144e+03   3.4043501e+03   3.3953171e+03   3.3640068e+03   3.3916344e+03   3.3729392e+03   3.4004107e+03   3.3618675e+03   3.3806468e+03   3.3627662e+03   3.3920950e+03   3.3733752e+03   3.3859480e+03   3.3634304e+03   3.4155081e+03   3.3512046e+03
   3.3617244e+03   3.3498738e+03   3.3692498e+03   3.3658784e+03   3.3784150e+03   3.3560204e+03   3.3521263e+03   3.3508598e+03   3.3613190e+03   3.3643881e+03   3.4041169e+03   3.3912819e+03   3.3531001e+03   3.3914076e+03   3.3727637e+03   3.3875814e+03   3.3610834e+03   3.3635084e+03   3.3626628e+03   3.3914580e+03   3.3724951e+03   3.3856604e+03   3.3633166e+03   3.4072035e+03   3.3511867e+03
   3.3597133e+03   3.3498737e+03   3.3692498e+03   3.3658740e+03   3.3784123e+03   3.3559910e+03   3.3518032e+03   3.3508590e+03   3.3613182e+03   3.3497897e+03   3.4041054e+03   3.3859912e+03   3.3526308e+03   3.3913909e+03   3.3727616e+03   3.3873514e+03   3.3590730e+03   3.3631462e+03   3.3626444e+03   3.3912163e+03   3.3712059e+03   3.3856453e+03   3.3632996e+03   3.3995496e+03   3.3511867e+03
   3.3594017e+03   3.3498737e+03   3.3692498e+03   3.3658740e+03   3.3783730e+03   3.3559872e+03   3.3518032e+03   3.3508590e+03   3.3613136e+03   3.3497159e+03   3.4021251e+03   3.3856876e+03   3.3525672e+03   3.3913909e+03   3.3727616e+03   3.3869873e+03   3.3590711e+03   3.3631423e+03   3.3626444e+03   3.3912163e+03   3.3711998e+03   3.3849151e+03   3.3632996e+03   3.3731364e+03   3.3511867e+03
