   1.4832987e-02   1.8094566e-02   1.4428341e-02   2.4322776e-01   1.6098313e-02   1.4973911e-02   1.4892646e-02   1.4647265e-02   1.3036921e-02   1.8441460e-01   2.2372593e-01   1.5827228e-02   1.6778286e-02   1.5978379e-02   1.4830094e-02   1.5969111e-02   1.6420720e-02   1.5864505e-02   1.4560596e-02   3.6817343e-02   1.4437033e-02   1.3790483e-02   1.5631451e-02   1.5843822e-02   2.6432698e-02
   1.3327105e-02   1.5091707e-02   1.3573747e-02   1.3877075e-02   1.5093208e-02   1.4313550e-02   1.3298435e-02   1.3966474e-02   1.2202030e-02   1.4601625e-02   1.4278266e-02   1.4858694e-02   1.5189259e-02   1.3623487e-02   1.3606292e-02   1.4416561e-02   1.5544934e-02   1.2901132e-02   1.3882276e-02   1.4207319e-02   1.3457767e-02   1.3155672e-02   1.4306519e-02   1.4914308e-02   1.3512465e-02
   1.2656081e-02   1.4213933e-02   1.3258516e-02   1.3568347e-02   1.4336684e-02   1.3648110e-02   1.2282925e-02   1.3589748e-02   1.1993326e-02   1.3991262e-02   1.3849702e-02   1.4369415e-02   1.4653947e-02   1.3212440e-02   1.2998749e-02   1.3993097e-02   1.3790018e-02   1.1711380e-02   1.3266643e-02   1.3961551e-02   1.3260823e-02   1.2185412e-02   1.3070892e-02   1.4386777e-02   1.3134559e-02
   1.2463060e-02   1.3284681e-02   1.2979136e-02   1.3529963e-02   1.3952352e-02   1.3344313e-02   1.1971166e-02   1.3379471e-02   1.1692129e-02   1.3634453e-02   1.3549924e-02   1.3767001e-02   1.4081826e-02   1.2962664e-02   1.2779726e-02   1.2619988e-02   1.3158048e-02   1.0736383e-02   1.2960254e-02   1.3604230e-02   1.3215561e-02   1.1809275e-02   1.2624005e-02   1.3743753e-02   1.2781921e-02
   1.2049168e-02   1.2846435e-02   1.2798978e-02   9.8061773e-03   1.2883403e-02   1.3180945e-02   1.1384224e-02   1.3024175e-02   1.1556395e-02   1.3051396e-02   1.3437502e-02   1.3309341e-02   1.3687962e-02   9.9065423e-03   1.2338400e-02   1.2265835e-02   1.2780554e-02   1.0425488e-02   1.2531356e-02   9.8905029e-03   1.0295891e-02   1.1341328e-02   1.2171868e-02   1.3374055e-02   1.2583423e-02
   1.0128164e-02   9.9491293e-03   9.8052843e-03   9.7931239e-03   1.2563313e-02   9.8223612e-03   1.1233861e-02   1.2880045e-02   1.1244864e-02   1.2723579e-02   1.3412297e-02   1.2380434e-02   1.1789089e-02   9.8066248e-03   9.8439875e-03   9.8134062e-03   1.2114955e-02   1.0091800e-02   1.0020334e-02   9.7880770e-03   9.9150019e-03   1.0959291e-02   1.1455612e-02   1.3231444e-02   9.8789490e-03
   9.8095728e-03   9.7959558e-03   9.7876952e-03   9.7843624e-03   1.2216106e-02   9.7843013e-03   9.8003703e-03   9.9153800e-03   9.8729207e-03   9.8008725e-03   9.9214477e-03   1.2066531e-02   1.1401645e-02   9.7874985e-03   9.7916329e-03   9.7979772e-03   9.8111240e-03   9.7229171e-03   9.7222252e-03   9.7724533e-03   9.8012738e-03   1.0637260e-02   1.1244149e-02   1.0068293e-02   9.7994255e-03
   9.7946445e-03   9.7948482e-03   9.7873195e-03   7.8767041e-03   1.0009980e-02   8.7397491e-03   8.7308993e-03   9.8003411e-03   9.8028122e-03   9.7988035e-03   9.8005223e-03   1.1843367e-02   1.0447254e-02   8.5557508e-03   5.1104630e-03   9.1850615e-03   9.7970862e-03   8.9901127e-03   8.7326785e-03   1.0462850e-03   9.7966894e-03   9.7993741e-03   9.8000053e-03   9.8274257e-03   3.0080443e-03
   8.5923815e-03   2.3653581e-03   9.7744987e-03   7.0551302e-03   9.3680285e-03   8.5974795e-03   8.5941785e-03   9.7916087e-03   9.4876144e-03   9.7911095e-03   9.7888368e-03   9.7963196e-03   9.9628719e-03   5.4968818e-03   1.9028022e-03   8.7451745e-03   9.7964285e-03   7.9002278e-03   7.9026934e-03   8.5767769e-04   9.0722952e-03   9.5704731e-03   8.9755826e-03   1.7673333e-03   8.4524766e-04
   8.5914432e-03   8.4549730e-04   9.7490398e-03   1.3802917e-03   2.4543923e-03   1.8891299e-03   8.2253981e-03   1.9286432e-03   8.9183932e-03   9.7893880e-03   9.0707028e-04   6.2310221e-04   9.1415011e-03   2.6562248e-03   8.9735713e-04   1.6294842e-03   1.7719988e-03   2.0881562e-03   1.8967078e-03   6.3079852e-04   1.0189174e-03   8.4526200e-04   1.9842251e-03   1.0561356e-04   0.0000000e+00
