   7.5087989e+01   1.8302878e+02   1.4560552e+02   1.3180753e+02   1.5783406e+02   3.1693353e+02   9.2332952e+01   6.6801974e+01   8.5951956e+01   1.4179855e+02   7.1589448e+01   1.2910483e+02   1.6005242e+02   6.0887557e+01   1.7677000e+02   8.0366979e+01   1.4713983e+02   1.0360671e+02   7.2155029e+01   1.4051337e+02   1.0037951e+02   6.5880531e+01   1.3073713e+02   6.0878197e+01   1.0701041e+02
   7.1564175e+01   5.3641682e+01   6.0456057e+01   7.2366610e+01   9.7529223e+01   5.9272683e+01   5.8214996e+01   5.9563853e+01   4.0709701e+01   6.1440988e+01   8.3619910e+01   4.4295215e+01   7.1965727e+01   1.2602964e+02   8.5483114e+01   6.4240228e+01   7.7974358e+01   4.7581426e+01   7.3792270e+01   1.3180948e+02   5.4662000e+01   5.5051893e+01   5.8838516e+01   5.1530619e+01   8.1082021e+01
   4.8295306e+01   5.2614515e+01   5.9130064e+01   5.3355829e+01   1.0618640e+02   6.3337379e+01   4.8952522e+01   5.9520881e+01   7.2938177e+01   5.8193343e+01   5.8896778e+01   4.4295215e+01   5.2108122e+01   5.6946720e+01   6.6348865e+01   5.7185939e+01   6.2555642e+01   5.1193403e+01   6.8893728e+01   5.6348690e+01   5.0108623e+01   7.5047433e+01   4.4803723e+01   6.9100082e+01   7.4797896e+01
   4.5424277e+01   4.6851250e+01   4.1946317e+01   4.2373729e+01   4.7167562e+01   4.1456331e+01   4.6197441e+01   5.0149446e+01   5.7067591e+01   4.5859451e+01   4.8334732e+01   4.1049981e+01   4.7297565e+01   4.7266040e+01   4.4960218e+01   4.4688900e+01   4.1853535e+01   4.0084928e+01   4.3137007e+01   5.0089279e+01   4.4898096e+01   4.0305654e+01   4.4684390e+01   4.2907709e+01   4.4661330e+01
   3.9590368e+01   3.9084283e+01   3.9123609e+01   3.9042410e+01   4.1019893e+01   3.9177339e+01   3.8169212e+01   3.9145639e+01   4.4753050e+01   3.9630167e+01   4.2080940e+01   3.9162501e+01   4.0929907e+01   4.4507626e+01   4.0666582e+01   4.2942984e+01   4.1021098e+01   4.0084928e+01   4.0684967e+01   4.1466827e+01   4.1106979e+01   4.0305654e+01   4.4684390e+01   4.1114335e+01   4.3634977e+01
   3.8964018e+01   3.6278811e+01   3.8345525e+01   3.9023807e+01   3.7441203e+01   3.8314075e+01   3.8169212e+01   3.9074339e+01   3.8215716e+01   3.7449816e+01   3.8227800e+01   3.7370064e+01   3.7445852e+01   3.9050472e+01   3.7317768e+01   3.9013076e+01   3.7390142e+01   4.0084928e+01   4.0634814e+01   3.8211873e+01   4.0256222e+01   4.0134457e+01   3.7379021e+01   3.9072436e+01   3.9157631e+01
   3.8964018e+01   3.6258004e+01   3.7340874e+01   3.8339013e+01   3.7439482e+01   3.6264777e+01   3.6281301e+01   3.8160345e+01   3.7381686e+01   3.6556040e+01   3.7327784e+01   3.7271781e+01   3.7411735e+01   3.9016026e+01   3.6266590e+01   3.5394835e+01   3.7390142e+01   3.8175854e+01   3.8360721e+01   3.8145930e+01   3.8125480e+01   3.9068586e+01   3.7379021e+01   3.8304225e+01   3.7327135e+01
   3.6248757e+01   3.6250928e+01   3.6287227e+01   3.7462642e+01   3.6258498e+01   3.5367691e+01   3.5375384e+01   3.6253238e+01   3.6270054e+01   3.6556040e+01   3.7327784e+01   3.7271781e+01   3.6255300e+01   3.7366795e+01   3.6257336e+01   3.5376149e+01   3.7390142e+01   3.5393186e+01   3.6284614e+01   3.6257361e+01   3.5393186e+01   3.6289894e+01   3.7299482e+01   3.6295034e+01   3.7327135e+01
   3.6248244e+01   3.5394835e+01   3.5366926e+01   3.6488157e+01   3.6256292e+01   3.5359232e+01   3.5359232e+01   3.6248244e+01   3.6256073e+01   3.6264532e+01   3.7317283e+01   3.5367691e+01   3.6252711e+01   3.6251285e+01   3.5363560e+01   3.5367691e+01   3.6269160e+01   3.5393186e+01   3.6252844e+01   3.6249620e+01   3.5393186e+01   3.6274598e+01   3.7299482e+01   3.6249666e+01   3.5377034e+01
   3.5359232e+01   3.5362312e+01   3.5359232e+01   3.5378464e+01   3.5363295e+01   3.5359232e+01   3.5359232e+01   3.6248244e+01   3.6250515e+01   3.5360662e+01   3.7259742e+01   3.5359232e+01   3.5375384e+01   3.6251285e+01   3.5363560e+01   3.5359997e+01   3.6249523e+01   3.5369121e+01   3.5359232e+01   3.6249248e+01   3.5360662e+01   3.6253624e+01   3.7267923e+01   3.5360662e+01   3.5370006e+01
