   1.2029628e+00   1.2742392e+00   1.0827328e+00   5.1463357e-01   4.0349857e-01   1.3194097e+00   1.3013071e+00   1.5687837e+00   3.8546743e-01   7.0341834e-01   1.3932559e+00   1.1604364e+00   1.4283425e+00   4.5155188e-01   4.2751009e-01   6.3925894e-01   5.2920561e-01   5.7510864e-01   7.7128133e-01   4.1563332e-01   3.5965545e-01   1.5350001e+00   8.2612629e-01   8.2206620e-01   1.2360673e+00
   2.6538571e-01   3.0468972e-01   1.4947862e-01   2.8775171e-01   3.3818949e-01   2.1082704e-01   1.5074488e-01   5.1705953e-01   2.7429447e-01   2.2591525e-01   1.3466433e-01   1.7768376e-01   3.4221314e-01   2.7267222e-01   1.4419441e-01   4.1827046e-01   2.6860558e-01   3.5809683e-01   3.6245670e-01   2.0676360e-01   2.4149155e-01   1.6483962e-01   1.6866456e-01   2.2519392e-01   3.1183418e-01
   1.5092095e-01   1.4003008e-01   1.6418245e-01   9.1644431e-02   1.2457917e-01   9.1981904e-02   9.5602372e-02   1.7308815e-01   1.2717098e-01   9.9978019e-02   1.5899519e-01   1.7861376e-01   1.4066128e-01   1.1060736e-01   1.1668292e-01   1.2749754e-01   2.0741227e-01   1.2594541e-01   1.2556121e-01   1.3627625e-01   2.2126554e-01   1.2042574e-01   1.3272272e-01   1.8215380e-01   1.4062718e-01
   7.6733658e-02   8.4696819e-02   8.7507351e-02   7.1314936e-02   8.6710021e-02   6.6560540e-02   5.9454221e-02   8.0124615e-02   8.6826835e-02   9.1656499e-02   7.7659573e-02   9.1867080e-02   8.2930880e-02   9.0551512e-02   1.5618259e-01   7.9819988e-02   1.1233387e-01   1.2645566e-01   8.0743606e-02   9.4269129e-02   9.7653804e-02   7.7411927e-02   7.8869944e-02   8.0929012e-02   7.3527890e-02
   6.5964936e-02   7.1375252e-02   7.2809074e-02   6.5940719e-02   7.3803995e-02   6.3302576e-02   5.4725677e-02   7.1383657e-02   7.5520247e-02   7.8238215e-02   6.6916230e-02   8.6636644e-02   7.5193910e-02   6.7169855e-02   1.1629402e-01   7.1480994e-02   6.4365068e-02   9.5805395e-02   7.2579972e-02   7.0711719e-02   8.4950417e-02   7.1757343e-02   6.7671428e-02   7.6863741e-02   6.7640758e-02
   6.1864394e-02   6.4555458e-02   6.4617999e-02   6.2077236e-02   6.9540541e-02   6.1424069e-02   5.4232454e-02   6.7889875e-02   7.1541832e-02   7.5634327e-02   5.4031995e-02   7.5996208e-02   7.1090404e-02   6.2795247e-02   9.3193663e-02   6.9326779e-02   6.1921103e-02   8.2135875e-02   7.1657831e-02   6.4893633e-02   7.3879468e-02   6.9710352e-02   6.7328064e-02   7.2592058e-02   6.3963402e-02
   6.1511603e-02   6.3562814e-02   6.2004861e-02   6.1426405e-02   6.6668346e-02   6.1320173e-02   5.4105356e-02   6.6289506e-02   6.8350551e-02   7.4558166e-02   5.1864138e-02   7.2710334e-02   6.8310196e-02   6.2437675e-02   7.9731532e-02   6.6040939e-02   6.1696751e-02   8.0363097e-02   6.9399489e-02   6.4249938e-02   6.8046181e-02   6.8206892e-02   6.7157083e-02   7.0339179e-02   6.2599442e-02
   6.1462897e-02   6.3111540e-02   6.1579420e-02   6.1355333e-02   6.3488093e-02   6.1268576e-02   5.3906301e-02   6.5012705e-02   6.6237074e-02   7.4376795e-02   5.1546205e-02   7.2407422e-02   6.7481172e-02   6.2404813e-02   7.3075241e-02   6.4939884e-02   6.1449283e-02   7.7926280e-02   6.8206376e-02   6.4182259e-02   6.5364915e-02   6.6001335e-02   6.4577598e-02   6.8943621e-02   6.0871533e-02
   6.1459085e-02   6.2440076e-02   6.1364808e-02   6.1350663e-02   6.3341792e-02   6.1026182e-02   5.3858555e-02   6.3662675e-02   6.5943257e-02   7.4375018e-02   5.1518131e-02   7.2100732e-02   6.5045589e-02   6.2355841e-02   6.5026868e-02   6.3866949e-02   6.1432349e-02   7.3403495e-02   6.8037900e-02   6.4132026e-02   6.4771105e-02   6.3533265e-02   6.3348939e-02   6.8630421e-02   5.6983447e-02
   6.1449584e-02   6.2339184e-02   6.1342636e-02   6.1350194e-02   6.3248036e-02   6.0943044e-02   5.3848997e-02   6.3488494e-02   6.5812973e-02   7.4370679e-02   5.1508278e-02   7.2095583e-02   6.4854314e-02   6.2342828e-02   6.4853208e-02   6.3472667e-02   6.1432073e-02   7.2423389e-02   6.8027820e-02   6.4122160e-02   6.4713610e-02   6.3240814e-02   6.3259465e-02   6.8595811e-02   5.6383924e-02
