   2.2303032e+04   2.2303025e+04   2.2302852e+04   2.2303345e+04   2.2303003e+04   2.2303210e+04   2.2303033e+04   2.2302936e+04   2.2302964e+04   2.2302872e+04   2.2303323e+04   2.2302996e+04   2.2302959e+04   2.2303008e+04   2.2303007e+04   2.2302885e+04   2.2303001e+04   2.2302970e+04   2.2303015e+04   2.2302968e+04   2.2302835e+04   2.2303371e+04   2.2302876e+04   2.2302938e+04   2.2302784e+04
   2.7362018e+04   2.7794147e+04   2.7905476e+04   2.7204046e+04   2.8397130e+04   2.7444685e+04   2.8318490e+04   2.7737378e+04   2.8427715e+04   2.7183504e+04   2.7478799e+04   2.7175090e+04   2.7802880e+04   2.6909024e+04   2.7668741e+04   2.7694870e+04   2.8568425e+04   2.7497574e+04   2.7607167e+04   2.7687817e+04   2.6943359e+04   2.7561545e+04   2.7238260e+04   2.9161208e+04   2.9517453e+04
   2.6888744e+04   2.6887945e+04   2.6888303e+04   2.6888893e+04   2.6889776e+04   2.6887964e+04   2.6889875e+04   2.6887819e+04   2.6888696e+04   2.6889340e+04   2.6889159e+04   2.6888112e+04   2.6888915e+04   2.6887961e+04   2.6889602e+04   2.6888195e+04   2.6889913e+04   2.6887728e+04   2.6890178e+04   2.6887918e+04   2.6887543e+04   2.6888031e+04   2.6889296e+04   2.6890925e+04   2.6890216e+04
   2.6887423e+04   2.6887423e+04   2.6887422e+04   2.6887422e+04   2.6887423e+04   2.6887423e+04   2.6887423e+04   2.6887423e+04   2.6887423e+04   2.6887422e+04   2.6887423e+04   2.6887422e+04   2.6887423e+04   2.6887422e+04   2.6887422e+04   2.6887422e+04   2.6887422e+04   2.6887422e+04   2.6887423e+04   2.6887423e+04   2.6887422e+04   2.6887422e+04   2.6887423e+04   2.6887423e+04   2.6887423e+04
   2.6887422e+04   2.6887422e+04   2.6887422e+04   2.6887422e+04   2.6887422e+04   2.6887422e+04   2.6887422e+04   2.6887422e+04   2.6887422e+04   2.6887422e+04   2.6887422e+04   2.6887422e+04   2.6887422e+04   2.6887422e+04   2.6887422e+04   2.6887422e+04   2.6887422e+04   2.6887422e+04   2.6887422e+04   2.6887422e+04   2.6887422e+04   2.6887422e+04   2.6887422e+04   2.6887422e+04   2.6887422e+04
   2.6887422e+04   2.6887422e+04   2.6887422e+04   2.6887422e+04   2.6887422e+04   2.6887422e+04   2.6887422e+04   2.6887422e+04   2.6887422e+04   2.6887422e+04   2.6887422e+04   2.6887422e+04   2.6887422e+04   2.6887422e+04   2.6887422e+04   2.6887422e+04   2.6887422e+04   2.6887422e+04   2.6887422e+04   2.6887422e+04   2.6887422e+04   2.6887422e+04   2.6887422e+04   2.6887422e+04   2.6887422e+04
   2.6887422e+04   2.6887422e+04   2.6887422e+04   2.6887422e+04   2.6887422e+04   2.6887422e+04   2.6887422e+04   2.6887422e+04   2.6887422e+04   2.6887422e+04   2.6887422e+04   2.6887422e+04   2.6887422e+04   2.6887422e+04   2.6887422e+04   2.6887422e+04   2.6887422e+04   2.6887422e+04   2.6887422e+04   2.6887422e+04   2.6887422e+04   2.6887422e+04   2.6887422e+04   2.6887422e+04   2.6887422e+04
   2.6887422e+04   2.6887422e+04   2.6887422e+04   2.6887422e+04   2.6887422e+04   2.6887422e+04   2.6887422e+04   2.6887422e+04   2.6887422e+04   2.6887422e+04   2.6887422e+04   2.6887422e+04   2.6887422e+04   2.6887422e+04   2.6887422e+04   2.6887422e+04   2.6887422e+04   2.6887422e+04   2.6887422e+04   2.6887422e+04   2.6887422e+04   2.6887422e+04   2.6887422e+04   2.6887422e+04   2.6887422e+04
   2.6887422e+04   2.6887422e+04   2.6887422e+04   2.6887422e+04   2.6887422e+04   2.6887422e+04   2.6887422e+04   2.6887422e+04   2.6887422e+04   2.6887422e+04   2.6887422e+04   2.6887422e+04   2.6887422e+04   2.6887422e+04   2.6887422e+04   2.6887422e+04   2.6887422e+04   2.6887422e+04   2.6887422e+04   2.6887422e+04   2.6887422e+04   2.6887422e+04   2.6887422e+04   2.6887422e+04   2.6887422e+04
   2.6887422e+04   2.6887422e+04   2.6887422e+04   2.6887422e+04   2.6887422e+04   2.6887422e+04   2.6887422e+04   2.6887422e+04   2.6887422e+04   2.6887422e+04   2.6887422e+04   2.6887422e+04   2.6887422e+04   2.6887422e+04   2.6887422e+04   2.6887422e+04   2.6887422e+04   2.6887422e+04   2.6887422e+04   2.6887422e+04   2.6887422e+04   2.6887422e+04   2.6887422e+04   2.6887422e+04   2.6887422e+04
