  -9.8791093e+01  -9.8195762e+01  -1.0646910e+02  -1.4560667e+02  -9.3586389e+01  -9.9194119e+01  -9.0974469e+01  -1.3908011e+02  -1.2246506e+02  -1.0874014e+02  -9.4308094e+01  -9.5625009e+01  -8.0003676e+01  -1.2844410e+02  -9.3338605e+01  -1.1643199e+02  -1.2927540e+02  -8.0729531e+01  -2.6589700e+00  -1.1368328e+02  -1.0582166e+02  -1.2307562e+02  -1.1477487e+02  -9.8539359e+01  -1.5999668e+02
  -8.2446905e+01  -8.4789635e+01  -9.1194156e+01  -9.2578367e+01  -8.1670391e+01  -8.3569380e+01  -6.3046243e+01  -1.2003951e+02  -1.2162732e+02  -8.9284509e+01  -8.1637892e+01  -9.2783911e+01  -7.3873136e+01  -8.1732205e+01  -8.3219886e+01  -1.1319133e+02  -1.0537062e+02  -6.3845383e+01  -2.1731701e+00  -9.3281917e+01  -8.8802073e+01  -8.8630344e+01  -9.2863773e+01  -9.1788707e+01  -1.3272468e+02
  -8.2207037e+01  -8.2967326e+01  -8.8158609e+01  -9.2563010e+01  -8.0310001e+01  -7.1565304e+01  -6.2764660e+01  -1.2000306e+02  -1.0730202e+02  -8.0345031e+01  -7.4776147e+01  -8.8323099e+01  -6.5603003e+01  -6.6555243e+01  -8.1865938e+01  -8.9343889e+01  -9.0277702e+01  -6.5195342e+01  -8.0571166e+00  -9.0167807e+01  -8.5865731e+01  -8.9344676e+01  -9.0796016e+01  -8.8835159e+01  -1.1960834e+02
  -8.1740975e+01  -8.2465344e+01  -8.3846848e+01  -9.0657555e+01  -7.9315647e+01  -7.1050894e+01  -6.1351903e+01  -9.1595240e+01  -1.0756792e+02  -7.6141023e+01  -7.3600469e+01  -8.7238274e+01  -5.7959778e+01  -6.4187252e+01  -8.0252650e+01  -8.8774120e+01  -7.8171571e+01  -6.4267429e+01   5.6523491e+01  -8.8749705e+01  -8.3567505e+01  -8.7294645e+01  -9.1704249e+01  -7.7431047e+01  -7.6944135e+01
  -7.0690769e+01  -8.2427127e+01  -8.3241425e+01  -8.9505163e+01  -7.8077485e+01  -7.0840963e+01  -5.8729281e+01  -8.2509537e+01  -1.0714560e+02  -7.5083418e+01  -7.3785622e+01  -8.6770188e+01  -6.0073489e+01  -6.1791286e+01   7.7742159e+01  -8.6314323e+01  -7.4539758e+01  -6.4117571e+01   5.6989414e+01  -8.7513906e+01  -8.2707226e+01  -8.7358303e+01  -8.5257044e+01  -7.4927256e+01  -6.5777513e+01
  -6.9984741e+01  -8.1832536e+01  -8.2378266e+01  -8.9496635e+01  -7.5092943e+01  -7.0508114e+01  -5.9100820e+01  -8.3877231e+01  -1.0658332e+02  -7.4625214e+01  -7.2374801e+01  -7.2764983e+01  -6.0263769e+01  -6.1631725e+01   7.1355102e+01  -7.4035104e+01  -7.5457665e+01  -6.4756738e+01   5.7792754e+01   1.0492670e+01  -8.0265063e+01  -8.5940935e+01  -8.2486302e+01  -7.3653923e+01  -6.5082195e+01
  -7.0040606e+01  -8.1754715e+01  -8.2376647e+01  -8.8599379e+01  -7.5035690e+01   5.0114745e+01  -5.9085041e+01  -8.3338916e+01  -1.0521140e+02  -7.3049759e+01  -7.1927579e+01  -3.1818675e+00   4.9945365e+01  -6.0564642e+01   7.1971212e+01  -6.1114815e+01  -7.0416575e+01  -6.4213790e+01   5.8636647e+01   9.8889605e+01   5.4371580e+01  -8.4135185e+01  -8.1490767e+01  -7.3696772e+01  -6.5051270e+01
  -6.9516691e+01  -8.1025543e+01  -8.1855843e+01  -8.7346092e+01  -7.2722401e+01   5.1238889e+01  -5.7154323e+01  -8.3400266e+01  -1.0469445e+02  -7.2910557e+01  -7.1495430e+01  -1.2706037e+00   5.3246652e+01  -5.8691207e+01   7.1479088e+01  -6.0862784e+01  -7.0098551e+01  -4.0035418e+01   5.8278730e+01   1.3061826e+02   5.4842494e+01   1.3107319e+02   6.6043130e+01  -7.2312239e+01  -6.4611797e+01
  -6.8981939e+01   2.2639821e+01  -8.0494198e+01  -8.7014513e+01   9.9953637e+01   4.8711228e+01  -5.7227372e+01  -7.6059584e+01   4.6739645e+00  -7.2900480e+01  -7.1210393e+01   2.5850739e+00   5.3179943e+01   6.1306675e+01   7.0193959e+01  -5.9798226e+01  -7.0037618e+01  -3.8562520e+01   5.8279446e+01   1.3062030e+02   5.3833628e+01   1.3165774e+02   6.6371661e+01   5.6682355e+01   8.7076208e+01
  -6.8499485e+01   1.0574372e+02  -7.9982311e+01   6.0831873e+01   1.0125450e+02   5.7545437e+01   7.0647290e+01  -7.4641977e+01   1.2464914e+02  -7.2890212e+01   9.8112559e+01   4.0777770e+01   5.5092659e+01   7.5789640e+01   7.2863898e+01   7.1711169e+01  -6.9510266e+01   4.3733544e+01   5.8378139e+01   1.4590273e+02   5.7483656e+01   1.3186359e+02   6.8560407e+01   5.7108953e+01   8.7676678e+01
