  -4.2666101e+02  -1.5832173e+02  -3.5449773e+00  -8.8021110e+02  -7.3800087e+01  -2.4727985e+02  -2.1104173e+02  -5.8062063e+02  -1.8652706e+02  -2.1298257e+02  -6.1142792e+01  -2.4331024e+02  -2.4529237e+02  -2.6589241e+02  -1.5481454e+02  -2.4907488e+02  -3.0383362e+00  -2.0410821e+02  -2.8004906e+02  -3.2948388e+02  -3.1358369e+02  -2.7003979e+02  -2.6462859e+02  -2.0573796e+02  -1.3459695e+02
  -2.1964285e+02  -6.5547587e+01  -8.5309214e+01  -2.0162241e+01  -1.5143578e+02  -2.5094303e+02  -3.2995247e+01  -1.4313105e+02  -2.0318858e+01  -2.3486519e+01  -1.0043502e+02  -4.4206159e+01  -2.5624858e+02  -1.1355654e+02  -3.7441333e+01  -2.1859574e+02  -4.7105003e+01  -5.3854366e+01  -7.4696288e+01  -6.2919573e+01  -3.2986477e+02  -2.5972792e+02  -2.1900548e+02  -2.0557651e+02  -1.9185151e+01
  -2.3178210e+02  -5.7909411e+01  -9.0491246e+01  -3.1420138e+01  -4.6312499e+01  -3.0298244e+01  -3.3316297e+01  -2.0273302e+02  -1.2329636e+01  -5.0435966e+00  -1.1006274e+02  -5.2811298e+01  -3.4284040e+01  -1.2983970e+02  -1.5565889e+01  -9.7276139e+01  -1.1039456e+01  -6.6065977e+01  -8.1897531e+01  -7.5100681e+01  -1.1495958e+01  -2.1980070e+02  -3.9850921e+01  -1.4513965e+02  -4.1866966e+01
  -2.3484512e+02  -5.7634508e+01  -9.3277593e+01  -2.9179228e+01  -7.4248161e+00  -1.1617909e+01  -3.4777895e+01  -2.2650876e+01  -1.8293977e+01  -4.4891697e+00  -1.1396137e+02  -6.4292705e+01  -6.0486940e+01  -1.2468000e+02  -2.5334505e+01  -1.0548682e+02  -1.7706930e+01  -6.8750385e+01  -8.9064775e+01  -7.6189658e+01  -1.8846467e+01  -1.8948824e+02  -4.8433272e+01  -1.4820464e+02  -1.7810245e+00
  -3.9831882e+01  -6.0479316e+01  -9.4867913e+01  -2.9747609e+01  -1.2225757e+01  -7.3553862e+00  -3.8986831e+01  -2.9008437e+01  -2.5945315e+00  -1.0896892e+01  -1.2172445e+02  -1.7604684e+00  -7.0629446e+01  -1.2865196e+02  -1.9560130e+01  -1.0838723e+02  -2.4218677e+01  -6.7799102e+01  -9.1283243e+01  -7.1479662e+01  -2.7860342e+01  -1.5361775e+01  -5.4121254e+01  -1.5014427e+02  -1.5561462e+01
  -4.1869299e+01  -6.3752914e+01  -9.6292499e+01  -1.6245932e+01  -3.5768044e+00  -2.9378354e+00  -1.5612343e+00  -3.0825551e+00  -1.0909552e+00  -1.2951487e+01  -1.2260683e+02  -3.0878176e+00  -7.4592644e+01  -1.3194782e+02  -5.3656341e+00  -8.8734693e+00  -2.5299703e+01  -6.8239296e+01  -9.4024587e+01  -7.2144593e+01  -2.8852835e+01  -3.1585298e+00  -6.0426223e+01  -1.5299105e+02  -2.1655738e+01
  -3.8251517e+01  -1.4600566e+01  -1.7111542e+00  -4.6544229e+00  -3.1651526e+00  -3.8772082e+00  -1.9587654e+00  -1.2888808e+00  -1.9887125e+00  -1.4049758e+01  -1.2309433e+02  -3.9892853e+00  -7.2863903e+01  -1.3234724e+02  -5.1221533e+00  -5.6853734e+00  -8.5812526e+00  -2.2136380e+00  -9.4407133e+01  -7.2536493e+01  -3.6591457e+01  -5.7768729e+00  -5.6108719e+01  -1.5345806e+02  -1.9789699e+01
  -2.7473726e+01  -1.4651989e+01  -1.3844798e+00  -3.7868298e+00  -1.5788423e+00  -3.1383471e+00  -8.5278938e-01  -1.3467045e+00  -1.3934559e+00  -1.4436349e+01  -1.5736632e+00  -4.6300097e+00  -7.2909888e+01  -5.9418092e+00  -3.2984670e+00  -4.9717260e+00  -8.1339018e+00  -1.3919896e+00  -2.4796683e+00  -3.0142070e+00  -4.4093102e+00  -6.9692140e+00  -5.5037553e+01  -1.4102517e+02  -1.2752189e+00
  -3.9158959e+00  -1.4577776e+01  -1.0723013e+00  -3.7371391e+00  -1.0166930e+00  -1.4181761e+00  -8.3464296e-01  -8.5523131e+00  -1.0030560e+00  -1.0883435e+01  -9.3279671e-01  -1.4447908e+00  -7.2865650e+01  -2.6827529e+01  -2.9606840e+00  -5.0048618e+00  -8.3191037e+00  -1.3589971e+00  -2.4958316e+00  -1.0400169e+01  -4.3218195e+00  -1.8782813e+00  -1.1533007e+00  -1.0650407e+00  -1.4967454e+00
  -4.0478790e+00  -1.0766667e+00  -1.0025513e+00  -3.6984060e+00  -9.7397972e-01  -1.2880036e+00  -8.2359258e-01  -9.7126783e-01  -9.9998533e-01  -1.0929611e+01  -9.3251711e-01  -1.4479161e+00  -1.2874426e+00  -4.2785312e+00  -1.3438605e+00  -4.9490030e+00  -1.2692421e+00  -1.1202683e+00  -1.2335531e+00  -1.2348624e+00  -4.3015872e+00  -1.8531975e+00  -1.0862696e+00  -9.9281840e-01  -1.0557589e+00
