   5.7472858e-01   1.1273375e+00   1.2370828e-01   8.6373046e-01   6.6431042e-01   1.8260108e-01   4.1958310e-01   6.7096428e-01   6.7769090e-01   1.2757109e+00   5.0867110e-01   6.6615390e-01   2.4331697e-01   6.2621477e-01   5.9375023e-01   6.4737762e-01   4.4689056e-01   5.3740185e-01   7.3569109e-01   6.9782294e-01   9.1784826e-01   6.7858168e-01   3.4682127e-01   4.3068798e-01   2.1139025e-01
   1.0031025e-01   2.0116371e-01   1.3492395e-01   1.4258019e-01   1.9291348e-01   1.1881597e-01   8.6560084e-02   3.0481818e-01   9.7658838e-02   2.4497643e-01   1.4338077e-01   1.3738529e-01   1.6698615e-01   1.5321710e-01   2.7789967e-01   8.0876205e-02   1.0200530e-01   3.2135113e-01   2.1943592e-01   1.2095583e-01   1.6045323e-01   1.3742565e-01   1.2323284e-01   1.4396130e-01   1.6171976e-01
   4.8743235e-02   5.1513073e-02   5.6344944e-02   6.4631533e-02   6.2316270e-02   7.1649916e-02   6.0907413e-02   9.6398310e-02   4.4774998e-02   7.7507716e-02   5.4547243e-02   6.0563416e-02   7.2923216e-02   5.9312988e-02   5.1173415e-02   5.0133432e-02   4.1180260e-02   7.4989866e-02   5.1999503e-02   7.5502755e-02   4.6801085e-02   3.9960255e-02   4.4962125e-02   5.4117305e-02   5.9333789e-02
   4.5179348e-02   4.7079552e-02   5.1518681e-02   6.6408923e-02   5.4903046e-02   7.1438952e-02   5.8248606e-02   5.7044530e-02   4.7579685e-02   6.6912587e-02   6.1105504e-02   5.4565887e-02   6.3116060e-02   6.4301555e-02   4.7793510e-02   4.1385449e-02   6.3790304e-02   6.4792809e-02   4.8660213e-02   5.7449121e-02   4.4632490e-02   5.8519621e-02   4.1221687e-02   5.3959347e-02   5.2378727e-02
   4.4646925e-02   5.4437626e-02   5.1505069e-02   6.4066072e-02   1.1062644e-01   6.6775147e-02   5.6450588e-02   5.2710465e-02   1.1796323e-01   6.7765105e-02   5.8251146e-02   5.0515880e-02   1.0983592e-01   6.4050668e-02   5.6034694e-02   3.8666950e-02   7.9542782e-02   6.1346855e-02   4.8894345e-02   6.3386288e-02   7.1637473e-02   9.5429228e-02   4.0394445e-02   6.8510150e-02   4.8441785e-02
   6.8255857e-02   1.1318195e-01   6.4407557e-02   5.3065801e-02   1.7487893e-01   5.8474849e-02   5.1312659e-02   5.0746397e-02   1.1449424e-01   6.1940879e-02   5.8010705e-02   4.7629211e-02   1.2565900e-01   6.3702689e-02   1.3397579e-01   3.8259914e-02   1.0688663e-01   5.9840725e-02   4.9356313e-02   9.6041242e-02   1.0592845e-01   1.0434024e-01   4.0189493e-02   1.1807748e-01   4.7120015e-02
   6.8562269e-02   1.1623359e-01   6.3180497e-02   7.6277232e-02   1.6668701e-01   1.1587095e-01   5.0352268e-02   4.8541737e-02   1.1004969e-01   5.4332235e-02   6.0966643e-02   4.4510397e-02   1.2326657e-01   5.9015887e-02   1.3430196e-01   3.7621803e-02   1.0446576e-01   5.9359713e-02   5.1239240e-02   1.4613662e-01   9.9051336e-02   1.0228040e-01   4.0119509e-02   1.1903995e-01   4.2385409e-02
   6.4710053e-02   1.1442441e-01   6.2821569e-02   1.7657452e-01   1.6266349e-01   1.6528335e-01   5.0073141e-02   4.6476602e-02   1.0783647e-01   5.0425847e-02   5.5778873e-02   4.2986691e-02   1.2247812e-01   6.4019603e-02   1.3268174e-01   3.7323616e-02   1.0435981e-01   5.8178913e-02   8.2347635e-02   1.4440202e-01   9.8828104e-02   1.0214041e-01   4.0068933e-02   1.1825308e-01   3.9745192e-02
   6.3383200e-02   1.1298281e-01   6.2738736e-02   1.7200351e-01   1.6027064e-01   1.6147004e-01   5.0035103e-02   4.4869681e-02   1.0649281e-01   4.9572234e-02   5.3548977e-02   4.2748255e-02   1.2237311e-01   8.9546289e-02   1.3239020e-01   3.7313942e-02   1.0426320e-01   5.7874668e-02   8.1745445e-02   1.4424947e-01   9.8784829e-02   1.0213130e-01   4.0029735e-02   1.1801498e-01   3.9511352e-02
   6.2893226e-02   1.1234728e-01   6.2717119e-02   1.7168485e-01   1.6025500e-01   1.6118826e-01   5.0007733e-02   4.4041717e-02   1.0644331e-01   4.9449681e-02   5.3084064e-02   4.2720306e-02   1.2232583e-01   1.9977159e-01   1.3238318e-01   3.7313355e-02   1.0421082e-01   5.7843848e-02   8.1560465e-02   1.4418122e-01   9.8782642e-02   1.0211743e-01   4.0015776e-02   1.1793914e-01   3.8473339e-02
