  -1.8935791e+02  -2.7453152e+02  -2.8777957e+02  -1.6513580e+02  -7.2817755e+01  -9.3718446e+01  -1.7961920e+02  -1.7712423e+02  -2.5636266e+02  -2.7862221e+02  -4.6570833e+02  -3.3920258e+02  -2.3181494e+02  -1.3015201e+02  -5.0692200e+01  -3.5860866e+02  -5.6981989e+01  -3.6425487e+01  -3.4935781e+02  -1.5516207e+02  -3.6509612e+02  -1.4683458e+02  -3.1255286e+02  -5.7927255e+02   2.7388882e+01
  -2.3727591e+02  -2.1817824e+02  -1.6558561e+02  -1.5236971e+02  -7.8859563e+00  -1.3630364e+02   2.8834695e+01  -1.7745369e+02  -3.7643029e+01  -1.1850547e+01  -4.4468165e+02  -1.8784793e+02  -5.9763614e+01   1.0894020e+01  -1.3805676e+01  -2.8745494e+02  -5.2959761e+01   1.4616756e+01  -3.3947938e+02  -1.2805379e+02  -2.4684206e+02  -9.7258548e+01  -3.5420778e+02  -5.9469774e+02   1.2474416e+01
  -2.4396098e+02  -2.1557950e+00  -1.7749595e+02   6.1971714e+00  -2.2730212e+01  -1.4649647e+02   4.6072872e+01  -1.7787319e+02  -6.1754016e+01  -2.9883890e+01  -9.4989972e+01  -3.8240753e+01  -4.8956927e-01   3.2622940e+01  -2.2679906e+01  -1.8042645e+02  -6.9008634e+01   2.1583674e+00  -1.7600041e+02  -1.3362442e+02  -6.1510522e+00  -1.0251241e+02  -3.8956920e+02  -6.1561412e+02   8.8976670e+00
  -2.4851876e+02  -7.2847458e+00  -1.8335462e+02  -6.8769638e+00  -2.6291672e+01  -1.5244889e+02   3.2708355e+01  -1.8570809e+02  -7.3036365e+01  -3.6399138e+01  -1.1164649e+02  -4.3738962e+01  -1.8136504e+01   2.5656004e+01  -3.8705562e+01  -1.8798482e+02  -8.9519871e+01  -4.7270321e+00  -4.6146970e+01  -1.4158848e+02  -1.5079932e+01  -1.0559881e+02  -1.8843275e+02  -3.4825768e+02   7.4477588e+00
  -2.5745401e+02   3.0624567e+01  -1.8779551e+02   2.5902518e+01  -2.8347200e+01  -1.5447218e+02   3.2587139e+01  -1.8605431e+02  -8.2109193e+01  -3.2873105e+01  -1.1679749e+02  -4.5580718e+01  -2.7622331e+01   1.8148959e+01  -4.2021740e+01  -1.8875168e+02  -9.5508033e+01  -9.7782381e+00  -4.7367411e+01  -1.4621617e+02  -2.0684630e+01  -1.0884995e+02  -1.9347193e+02  -3.4122680e+02   2.5299599e+01
  -2.5926617e+02   1.7130757e+01  -1.8881196e+02   2.3638225e+01  -3.0177309e+01  -1.6304962e+02   2.4691707e+01  -9.1444275e+01  -9.1286092e+01  -3.4420130e+01  -1.1865434e+02  -4.6633140e+01  -3.0871381e+01   1.1756005e+01   1.5642493e+01  -1.9097803e+02  -9.7353494e+01  -9.6230202e+00  -4.9773005e+01  -1.4708334e+02  -5.1545372e+00  -1.0925683e+02  -1.9589738e+02  -3.3147431e+02   2.5048180e+01
  -4.9514970e+01   1.6330981e+01  -1.8976096e+02   2.2690830e+01  -2.5892850e+01  -1.6609229e+02   2.4133952e+01  -1.0000486e+02  -9.2384343e+01  -3.5147171e+01  -1.2179586e+02  -1.7029117e+01   4.4211243e+00   1.1497873e+01   9.6473772e+00  -1.8465299e+02  -9.7592041e+01  -9.8175792e+00  -5.4739876e+01  -1.4795433e+02   7.0180594e+00  -1.1009461e+02  -1.9828187e+02  -3.3303091e+02   2.3791214e+01
   2.3293202e+01   1.5915479e+01  -1.9032800e+02   2.2383014e+01  -2.6126279e+01  -1.6623468e+02   2.4453762e+01  -2.8764174e+01  -9.4785338e+01  -3.4651974e+01  -1.2420003e+02  -1.7485975e+01   4.6097494e+00   1.3940399e+01   9.0822561e+00  -5.8564805e+01  -9.7849334e+01   2.1845600e+01  -2.5128363e+01   2.9195213e+01   5.9730750e+00  -1.0984213e+02  -1.9859840e+02  -3.3311520e+02   2.3855528e+01
   2.3288867e+01   1.5592706e+01  -9.0319406e+01   2.1556702e+01   1.6011724e+01  -1.6471958e+02   2.4462984e+01   8.5547456e+00  -9.5266300e+01   1.9987029e+01  -1.2417778e+02  -1.8011526e+01   3.2068249e+00   1.3824893e+01   8.9396878e+00  -5.4640272e+01  -9.8058365e+01   2.1701700e+01   2.4333110e+01   3.9590439e+01   8.9692670e+00  -1.0215744e+02  -8.1942501e+00  -3.3317174e+02   2.3796059e+01
   3.0407635e+01   1.9443909e+01   2.1375118e+01   2.1593807e+01   1.7177161e+01  -8.3960548e+01   2.4464488e+01   1.4641777e+01  -9.4416578e+01   1.9997176e+01   6.9521052e+00  -1.7974444e+01   1.6234777e+01   1.4562332e+01   9.0200017e+00   4.1365327e+00   3.5196616e+00   2.1689340e+01   2.7492967e+01   3.9664702e+01   9.1385169e+00   1.2654197e+01  -8.1611728e+00  -1.8863513e+02   2.4143444e+01
