   4.0563350e+00   1.5700585e+01   1.3739123e+00   2.2629902e+01   2.0144486e+00   2.4347323e+00   2.9912186e+00   1.2815098e+01   2.7624828e+00   1.5759911e+01   2.4663881e+01   7.3298335e-01   4.1091034e+00   1.3338506e+01   1.8941285e+01   5.5312883e+00   1.0106185e+00   1.5229700e+01   1.1018927e+00   1.6990689e+00   4.2250833e+01   4.8168805e+00   1.4127166e+00   3.5123108e+01   2.5649464e+00
   1.5283363e+00   1.1371407e+01   7.6613586e-01   1.3883159e+00   3.8518701e-01   2.4680719e-01   8.6807868e-01   3.9653910e+00   4.2579109e-01   8.2602537e+00   1.5556965e+01   2.4179925e-01   1.5389121e+00   1.7180514e+00   6.4136890e+00   9.3833947e-01   2.8037524e-01   5.0406227e+00   2.3027572e-01   7.9999700e-01   1.1886545e+01   1.3283822e+00   3.5996312e-01   2.8981794e+01   7.8536194e-01
   7.5953775e-01   9.0885849e+00   5.3131439e-01   7.0659732e-01   2.3883914e-01   1.9109576e-01   5.0404653e-01   1.3018569e+00   3.2070772e-01   6.4159168e+00   8.2580070e+00   8.3057224e-02   1.2942600e+00   9.9578000e-01   5.0128933e+00   6.1664929e-01   1.5624675e-01   3.9092478e+00   1.5762928e-01   5.4208479e-01   8.9536683e+00   5.8211438e-01   1.5098815e-01   2.6418046e+01   4.2652578e-01
   5.4863508e-01   8.3632839e+00   5.8158358e-01   3.9784991e-01   2.0973779e-01   1.5678800e-01   4.3180803e-01   6.4709145e-01   2.2477210e-01   4.0415390e+00   4.8719749e+00   5.7268427e-02   9.2484450e-01   5.5618526e-01   3.7883695e+00   5.4628227e-01   1.1821469e-01   2.9818940e+00   8.1036665e-02   5.4258307e-01   7.6318295e+00   5.2450450e-01   1.3668544e-01   2.4212549e+01   3.2089845e-01
   3.7319554e-01   7.8394536e+00   4.0420902e-01   1.6980984e-01   1.7760664e-01   1.8366225e-01   3.3307359e-01   5.2592244e-01   1.7857305e-01   3.6749754e+00   4.5569537e+00   4.5040535e-02   7.6881557e-01   2.6660197e-01   2.3027671e+00   4.3957168e-01   9.3388042e-02   2.6132980e+00   4.8910911e-02   4.5719277e-01   7.3284741e+00   4.2892668e-01   1.2341067e-01   4.4122696e+01   1.6119095e-01
   3.1739117e-01   7.4672841e+00   3.1160113e-01   1.1958919e-01   1.6809646e-01   1.8574036e-01   3.1260240e-01   4.5352191e-01   1.6967616e-01   3.5545420e+00   4.5262020e+00   4.1179122e-02   6.7603150e-01   5.5868098e+00   2.1747133e+00   3.7869737e-01   5.5319399e-02   2.2109596e+00   4.2523322e-02   4.0597843e-01   7.2034837e+00   4.2047410e-01   1.1054188e-01   4.6669830e+01   1.5163271e-01
   2.8832536e-01   6.3082389e+00   3.9467642e-01   1.0589044e-01   1.5474759e-01   1.8303436e-01   3.1373008e-01   4.0070680e-01   1.5915136e-01   3.0009345e+00   4.4545175e+00   4.3033817e-02   6.4170531e-01   5.3021521e+00   2.0695562e+00   3.5598747e-01   5.1281160e-02   2.0968273e+00   3.3698553e-02   4.7227311e-01   7.1164136e+00   2.3587592e+01   9.9841057e-02   2.7111065e+01   1.3280778e-01
   2.8363047e-01   6.0373385e+00   4.4576559e-01   1.0096379e-01   1.7486143e-01   1.8771770e-01   3.0722984e-01   3.8195864e-01   1.5526441e-01   2.8759533e+00   4.3867347e+00   3.8225628e-02   6.4061920e-01   5.3507413e+00   2.0611639e+00   3.6134780e-01   4.8986109e-02   2.0866050e+00   2.8537720e-02   3.1394380e-01   7.1169341e+00   1.1700748e+02   1.0638425e-01   2.5209563e+01   1.3995407e-01
   2.9267085e-01   6.4295390e+00   4.8261698e-01   8.7577389e-02   1.8014118e-01   2.3371728e-01   5.8701218e+00   8.8270999e+00   1.5439604e-01   3.0311427e+00   3.3628062e+03   3.7978438e-02   6.4547523e-01   2.1365342e+01   2.3149656e+00   3.7453473e+03   4.5544363e-02   2.0904489e+00   2.6238670e-02   3.8301680e-01   2.7775071e+03   7.9091938e-01   1.0829372e-01   3.2262341e+01   2.1603713e-01
   1.3454114e+01   6.2368892e+00   4.9634665e-01   9.7976945e-02   1.8102735e-01   2.6087762e+03   1.7020230e+01   9.5062325e+01   1.6109411e-01   2.9766079e+00   3.2521105e+02   4.3655851e-02   6.4529286e-01   1.3086354e+00   2.9304368e+04   8.2468231e+02   3.2484934e+01   2.0914399e+00   3.3907828e-02   4.2440468e-01   2.2767531e+03   5.7169055e-01   1.2930311e-01   2.8907948e+01   1.2947308e+02
