   2.7406418e+00   4.1783081e+00   3.2006190e+00   4.0692419e+00   3.5103401e+00   3.5000221e+00   3.3033965e+00   4.0589736e+00   2.2869552e+00   3.6915630e+00   3.6132570e+00   2.6389315e+00   3.7011523e+00   4.6906550e+00   3.1601773e+00   3.4255423e+00   3.8675785e+00   2.6804551e+00   4.3985596e+00   5.2240812e+00   2.7555327e+00   3.5777051e+00   2.5303827e+00   4.4901587e+00   4.0847514e+00
   1.6888260e+00   3.2673958e+00   2.7096919e+00   3.0751091e+00   2.9833165e+00   2.8718577e+00   2.9181435e+00   3.4468744e+00   1.6072295e+00   2.9449052e+00   2.9477374e+00   2.0572567e+00   2.8916008e+00   3.6061371e+00   2.7189127e+00   2.9346938e+00   3.0948912e+00   2.2608754e+00   2.8262275e+00   1.9407425e+00   2.1224744e+00   3.1070604e+00   1.7560160e+00   3.8124959e+00   2.9281488e+00
   1.3710395e+00   2.6381471e+00   2.4517546e+00   2.5214133e+00   2.7997729e+00   2.5194985e+00   2.8246710e+00   2.5438990e+00   1.4670840e+00   2.8534109e+00   2.2002521e+00   1.5904690e+00   2.6224744e+00   3.0705620e+00   2.4645086e+00   2.5108014e+00   2.7337428e+00   2.1667506e+00   1.2747900e+00   1.4876886e+00   1.9328842e+00   2.9112143e+00   1.4498970e+00   2.6029880e+00   2.1199521e+00
   1.3115537e+00   2.4933198e+00   2.3713174e+00   2.4808500e+00   1.6535431e+00   2.4230954e+00   2.6804466e+00   1.3064194e+00   1.2919222e+00   2.8074973e+00   2.0083849e+00   1.5626331e+00   2.5181166e+00   2.6509340e+00   2.3250570e+00   2.1926992e+00   2.4581031e+00   2.1484917e+00   1.1447922e+00   1.3673586e+00   1.8972751e+00   2.8355181e+00   1.0032209e+00   2.5272705e+00   1.9755276e+00
   1.2583964e+00   2.4359868e+00   2.3545467e+00   2.4587338e+00   1.5269587e+00   2.3517638e+00   1.6436681e+00   1.1880602e+00   1.2132904e+00   2.7382955e+00   1.9848112e+00   1.5525605e+00   2.3024122e+00   1.3902957e+00   2.3110816e+00   2.1305375e+00   2.3661855e+00   2.1092260e+00   1.0687530e+00   8.6498281e-01   1.3837192e+00   2.7559957e+00   9.3841903e-01   2.3008302e+00   1.9422270e+00
   9.1659347e-01   2.4226606e+00   2.3134679e+00   2.4520791e+00   1.2187875e+00   2.2670910e+00   1.5464085e+00   9.9280546e-01   1.1604828e+00   2.6717662e+00   1.9472996e+00   1.5483992e+00   2.0430804e+00   1.1110099e+00   1.8925553e+00   2.0692465e+00   2.3269037e+00   2.0989246e+00   1.0499974e+00   7.8495821e-01   1.1848578e+00   1.9098295e+00   9.2874767e-01   2.0566145e+00   1.9312112e+00
   8.4041185e-01   2.4080689e+00   2.2866768e+00   2.4056100e+00   1.1688126e+00   2.1936121e+00   1.4370587e+00   9.7671376e-01   1.0847707e+00   2.3917929e+00   1.9244238e+00   9.4113976e-01   1.8678469e+00   9.8860102e-01   1.3092538e+00   2.0271529e+00   2.3201399e+00   2.0902453e+00   1.0423824e+00   7.2084149e-01   1.0509808e+00   1.8459588e+00   9.2563302e-01   2.0219488e+00   1.9306020e+00
   7.4941088e-01   2.3960099e+00   2.2735172e+00   1.2213267e+00   1.1449336e+00   2.1836168e+00   1.4024250e+00   9.6771700e-01   7.2206461e-01   2.3336998e+00   1.9100013e+00   9.2418517e-01   9.6181083e-01   8.6160589e-01   1.1961906e+00   2.0164467e+00   2.3171642e+00   1.1515681e+00   1.0312327e+00   7.1487505e-01   1.0294317e+00   1.7136953e+00   8.8470608e-01   2.0118653e+00   1.9294051e+00
   6.9402429e-01   2.3869350e+00   2.2582838e+00   1.0587053e+00   1.1012182e+00   2.1780418e+00   1.3130427e+00   9.6506662e-01   7.0924296e-01   2.3096287e+00   1.8898277e+00   9.0529097e-01   8.7667446e-01   8.4112240e-01   1.0668644e+00   1.2388105e+00   2.2707064e+00   1.1274466e+00   1.0290483e+00   7.1179997e-01   1.0185992e+00   1.6997252e+00   8.6926000e-01   1.9144827e+00   1.9284350e+00
   6.8585621e-01   2.3751085e+00   2.2297568e+00   1.0065061e+00   7.2703807e-01   2.1677387e+00   1.2806588e+00   8.8483978e-01   7.0040515e-01   2.3064325e+00   1.8014106e+00   7.1741931e-01   8.4722305e-01   8.0601678e-01   1.0373482e+00   7.8663659e-01   2.2548504e+00   1.1250187e+00   9.7739138e-01   7.1175427e-01   1.0175791e+00   1.6600759e+00   8.6137054e-01   1.8971083e+00   7.7015506e-01
