   1.0835593e+01   1.1076951e+01   9.9908180e+00   1.0509766e+01   1.0287936e+01   7.5448283e+00   1.0861723e+01   1.0374099e+01   1.3435484e+01   1.5823322e+01   1.3389837e+01   1.1312876e+01   1.0135241e+01   9.6791789e+00   8.4863689e+00   1.0668674e+01   5.8139461e+00   8.3001088e+00   1.3291234e+01   1.1333318e+01   1.1198185e+01   1.0444847e+01   1.1166312e+01   1.4166139e+01   4.9692103e+00
   8.0960645e+00   8.8615840e+00   6.5489850e+00   8.7957452e+00   4.5161296e+00   5.8909106e+00   5.5830686e+00   8.3540778e+00   6.5955602e+00   5.9395751e+00   1.1317051e+01   7.1546998e+00   5.1859111e+00   4.6103588e+00   4.5658074e+00   8.6213618e+00   4.7608937e+00   4.4529894e+00   1.0210882e+01   6.9251102e+00   6.9332315e+00   7.1582430e+00   9.9121292e+00   1.3347605e+01   3.1558507e+00
   7.7232636e+00   4.3975279e+00   6.0840834e+00   4.4894722e+00   3.8088073e+00   5.4563872e+00   3.6668074e+00   7.1923720e+00   5.7666397e+00   4.8695920e+00   5.4765095e+00   4.7446491e+00   3.6847223e+00   3.1564271e+00   3.9062197e+00   6.3390783e+00   4.3398273e+00   3.6096928e+00   7.1792523e+00   5.8576334e+00   3.2193423e+00   6.3543963e+00   8.5490561e+00   1.2476950e+01   2.8249840e+00
   7.4582398e+00   4.2132003e+00   5.9183331e+00   3.8908674e+00   3.6272711e+00   4.9744593e+00   3.2850377e+00   6.7001400e+00   4.5322673e+00   4.1199625e+00   4.8335248e+00   4.5243986e+00   3.1161048e+00   2.5867278e+00   2.8802993e+00   6.1200040e+00   3.4406627e+00   3.1268624e+00   4.8836831e+00   5.7591208e+00   2.9542837e+00   5.9833781e+00   5.4134759e+00   8.1532123e+00   2.7207353e+00
   7.1836300e+00   3.2666369e+00   5.7715176e+00   2.9362738e+00   3.5206958e+00   4.8310944e+00   2.8072751e+00   6.2937127e+00   4.1621515e+00   3.8273363e+00   4.6621913e+00   4.4665061e+00   2.6703451e+00   2.2502610e+00   2.7317790e+00   6.0482130e+00   3.2372297e+00   2.8129485e+00   4.7028393e+00   5.6179625e+00   2.7798555e+00   5.7991444e+00   5.2680190e+00   7.4600066e+00   2.3313903e+00
   7.0553271e+00   2.5194234e+00   5.7370280e+00   2.8288687e+00   3.3367036e+00   4.5789768e+00   2.3261312e+00   4.9815974e+00   3.9132266e+00   3.7206951e+00   4.5409350e+00   4.3686590e+00   2.5327868e+00   1.9734240e+00   1.7239279e+00   5.8572394e+00   3.1648431e+00   2.6124508e+00   4.4994453e+00   5.5631611e+00   2.1781281e+00   5.7835367e+00   5.1781307e+00   7.2095421e+00   2.2975034e+00
   3.7212458e+00   2.4745120e+00   5.6780150e+00   2.7379977e+00   3.1738426e+00   4.4639186e+00   2.2505332e+00   4.8788782e+00   3.8354687e+00   3.5399612e+00   4.3588052e+00   3.6494265e+00   1.7564321e+00   1.9074337e+00   1.6196842e+00   5.5280488e+00   3.1505581e+00   2.5837783e+00   4.2665411e+00   5.5056132e+00   1.8752566e+00   5.7515322e+00   5.0247005e+00   7.1352339e+00   2.2183924e+00
   2.2903279e+00   2.4340538e+00   5.6334849e+00   2.7123489e+00   3.0746924e+00   4.4404180e+00   2.1570944e+00   3.7244456e+00   3.7029955e+00   3.5030352e+00   4.2234928e+00   3.6224766e+00   1.6860506e+00   1.8211218e+00   1.5632853e+00   3.6359056e+00   3.1365731e+00   1.8704925e+00   3.8817054e+00   2.7609702e+00   1.5666864e+00   5.7061491e+00   5.0044949e+00   7.1092905e+00   2.1804680e+00
   2.2164082e+00   2.4063022e+00   5.3283325e+00   2.5859234e+00   2.4594054e+00   4.1958925e+00   2.0385339e+00   2.9876179e+00   3.6332020e+00   2.7656875e+00   4.0562840e+00   3.5904835e+00   1.5921209e+00   1.8043933e+00   1.4939253e+00   3.5722330e+00   3.0920049e+00   1.8373876e+00   2.3707060e+00   2.3234028e+00   1.5121172e+00   5.6468125e+00   2.4464654e+00   7.0962991e+00   2.1257938e+00
   2.1672534e+00   2.3688003e+00   2.6034966e+00   2.5493263e+00   2.4420736e+00   4.0583452e+00   2.0359999e+00   2.9172526e+00   3.5605386e+00   2.7561218e+00   2.2702707e+00   3.5477937e+00   1.3169428e+00   1.7714849e+00   1.4806778e+00   2.7888247e+00   1.7554864e+00   1.8301233e+00   2.3189891e+00   2.2846333e+00   1.5073399e+00   3.6642349e+00   2.4329566e+00   5.1686272e+00   2.0931136e+00
