   3.1887558e+00   3.7377463e+00   3.2879222e+00   1.1641076e+00   3.3396849e+00   1.3969658e+00   1.7624604e+00   1.8165086e+00   2.6784573e+00   8.8018471e-01   1.0125590e+00   1.1917211e+00   1.5620644e+00   2.1051520e+00   3.2099398e+00   2.3538572e+00   2.5950239e+00   9.6672686e-01   1.7637600e+00   1.3767379e+00   8.8324344e-01   1.5938575e+00   1.6902416e+00   7.3574655e-01   2.9524418e+00
   3.8432883e-01   3.9262709e-01   7.4595562e-01   8.4529648e-01   5.0782201e-01   3.4856504e-01   4.9851783e-01   2.7278441e-01   3.5852484e-01   5.5283523e-01   7.4227559e-01   3.7166309e-01   4.7801246e-01   3.4114184e-01   3.8985055e-01   6.4899695e-01   1.9764652e-01   4.3017440e-01   6.8914119e-01   6.6213302e-01   3.1547959e-01   3.8170485e-01   4.0411415e-01   4.7596573e-01   2.3961678e-01
   4.6902030e-01   4.5359596e-01   6.1475891e-01   3.2933970e-01   3.9063511e-01   4.9604381e-01   3.3745290e-01   4.3314467e-01   6.6357128e-01   4.4168532e-01   4.5276634e-01   5.5965277e-01   6.6162138e-01   5.0365248e-01   3.6544853e-01   1.8225919e-01   2.6283517e-01   5.1242785e-01   3.5146841e-01   6.8609239e-01   5.0242846e-01   4.1441572e-01   3.6565174e-01   3.7414543e-01   5.9903651e-01
   3.1495861e-01   4.9707404e-01   4.9850190e-01   1.6110532e-01   2.3419669e-01   3.3108784e-01   1.7364003e-01   4.8726137e-01   2.3748237e-01   4.6687696e-01   3.2050018e-01   2.0672055e-01   3.1614682e-01   7.9791583e-01   4.6645076e-01   1.1904583e-01   5.7281262e-01   4.6650619e-01   5.1463653e-01   3.5069194e-01   3.0055452e-01   5.6706565e-01   6.6581372e-01   7.4634614e-01   2.9659514e-01
   2.6357752e-01   3.7796689e-01   3.1055112e-01   1.3733697e-01   1.3906663e-01   1.6787928e-01   1.1718844e-01   3.8115746e-01   1.8885638e-01   2.4338546e-01   2.2866195e-01   1.6751247e-01   2.9996765e-01   2.5392214e-01   3.1606930e-01   1.1322957e-01   4.7045968e-01   2.4945742e-01   3.6282893e-01   1.2352254e-01   2.3743692e-01   4.9404161e-01   4.6158951e-01   2.0744904e-01   2.1187494e-01
   1.4828098e-01   3.2881063e-01   3.0179693e-01   1.3718379e-01   1.1552636e-01   1.3322338e-01   1.0495363e-01   3.0379838e-01   1.6638387e-01   1.6861728e-01   2.2027863e-01   1.6609779e-01   2.9943028e-01   1.7505856e-01   2.9606832e-01   1.1281019e-01   3.4487173e-01   1.2544051e-01   2.4849746e-01   1.1387281e-01   1.6525765e-01   3.3836932e-01   3.1250749e-01   1.3701776e-01   1.7003969e-01
   1.3085649e-01   3.1493433e-01   3.0067262e-01   1.3718100e-01   1.1442609e-01   1.1935300e-01   1.0166892e-01   2.9897879e-01   1.6584624e-01   1.2013378e-01   2.1957294e-01   1.6554278e-01   2.8873379e-01   1.6648459e-01   2.3392621e-01   1.1273331e-01   2.3706621e-01   1.1409206e-01   1.9346399e-01   1.1274977e-01   1.3910316e-01   2.0815984e-01   3.0047730e-01   1.2338143e-01   1.6664485e-01
   1.1778926e-01   3.0287528e-01   3.0063916e-01   1.3718047e-01   1.1440655e-01   9.5911974e-02   9.9205016e-02   2.6341507e-01   1.6582142e-01   1.1548934e-01   2.1941639e-01   1.6516117e-01   2.4242611e-01   1.5594062e-01   1.5080208e-01   1.1272610e-01   1.4408596e-01   1.1303615e-01   1.5729132e-01   1.1272958e-01   1.3315178e-01   1.7704377e-01   2.9572596e-01   1.1421882e-01   1.6619107e-01
   1.0924947e-01   2.9341839e-01   3.0063411e-01   1.3718033e-01   1.1438493e-01   8.4230152e-02   9.8715449e-02   2.2245423e-01   1.6582006e-01   1.1329333e-01   2.0316880e-01   1.5670568e-01   1.8802800e-01   1.2440993e-01   1.4440912e-01   1.1272603e-01   1.3738982e-01   1.1275746e-01   1.1326860e-01   1.1272679e-01   1.2092654e-01   1.6911695e-01   2.8313678e-01   1.1272888e-01   1.6587827e-01
   9.9663881e-02   2.4614554e-01   3.0063313e-01   1.3717980e-01   1.1436056e-01   7.4333670e-02   9.8556720e-02   1.4767580e-01   1.6582005e-01   1.1286190e-01   1.4051104e-01   1.4337642e-01   1.5419767e-01   1.1705456e-01   1.4004694e-01   1.1272603e-01   1.3721734e-01   1.1273724e-01   8.5045416e-02   1.1272607e-01   1.1834900e-01   1.6623059e-01   2.6496642e-01   1.1272460e-01   1.6584151e-01
