   3.4427529e-01   3.0064683e-01   3.5366501e-01   2.8458986e-01   4.0424453e-01   2.6951339e-01   3.6300408e-01   3.8086642e-01   2.9564393e-01   3.0847044e-01   3.2414918e-01   3.4196624e-01   3.6173064e-01   3.2385102e-01   2.7284745e-01   3.9769914e-01   3.5510884e-01   2.4708096e-01   4.6040499e-01   2.2303900e-01   3.2440726e-01   3.3999072e-01   2.6924739e-01   3.5121304e-01   2.3840858e-01
   1.4260047e-01   1.2442090e-01   1.5392460e-01   1.5001569e-01   2.9000745e-01   1.1659261e-01   3.2513197e-01   3.4529707e-01   2.4289846e-01   2.4628279e-01   1.4493184e-01   3.1019317e-01   1.6541784e-01   2.8330054e-01   1.2317325e-01   3.2274504e-01   3.0487022e-01   1.8992047e-01   3.4766248e-01   1.2678884e-01   1.9510627e-01   2.5808310e-01   2.1163090e-01   2.6780886e-01   1.2179971e-01
   1.1942454e-01   1.0791897e-01   1.2635080e-01   1.2504018e-01   1.4383776e-01   1.0465596e-01   2.0897740e-01   2.4238356e-01   2.2911772e-01   1.7784576e-01   1.2303431e-01   1.6167238e-01   1.3271891e-01   1.2918815e-01   1.1499458e-01   1.5059059e-01   1.9058814e-01   1.8401696e-01   1.6818405e-01   1.0660817e-01   1.4122186e-01   1.3375762e-01   1.1759030e-01   1.1422028e-01   9.3852474e-02
   1.1653329e-01   1.0271618e-01   1.1579935e-01   1.1539770e-01   1.2475361e-01   9.6865152e-02   1.9572227e-01   2.2742284e-01   1.3526676e-01   1.0500616e-01   1.0626166e-01   1.3982223e-01   1.2851851e-01   1.0910855e-01   1.0824417e-01   1.3372030e-01   1.6494937e-01   1.3598237e-01   1.3444748e-01   1.0013630e-01   1.1039880e-01   1.2865193e-01   1.1185298e-01   9.3185263e-02   9.1678553e-02
   1.1392653e-01   1.0259190e-01   1.0676518e-01   9.6442040e-02   1.1757769e-01   9.6648237e-02   1.7832355e-01   8.2823042e-02   1.1498282e-01   9.4649685e-02   9.7378972e-02   1.2406566e-01   1.2724235e-01   1.0768118e-01   1.0576572e-01   1.2591968e-01   1.4792532e-01   1.2442361e-01   1.2522914e-01   1.0008510e-01   1.0505557e-01   1.2129276e-01   1.1069577e-01   9.1748763e-02   8.4168973e-02
   1.1260911e-01   9.5942888e-02   1.0632882e-01   8.5213162e-02   1.1687783e-01   9.5713279e-02   1.6389608e-01   7.0672171e-02   1.1074640e-01   9.4217700e-02   9.5597566e-02   1.1497672e-01   1.2585747e-01   1.0531891e-01   1.0561655e-01   1.2392540e-01   1.3480898e-01   9.6373776e-02   1.1394281e-01   9.5247182e-02   1.0163109e-01   1.1802448e-01   1.0955765e-01   8.7042786e-02   8.3404892e-02
   1.1177378e-01   9.3670149e-02   1.0377869e-01   8.0933466e-02   1.1407645e-01   9.5617335e-02   1.5855836e-01   6.8448288e-02   1.0791520e-01   9.3001940e-02   9.3652170e-02   1.1388639e-01   1.2098384e-01   1.0330294e-01   1.0243536e-01   1.1497474e-01   1.3179425e-01   9.2487672e-02   1.0386376e-01   9.4172344e-02   1.0008753e-01   1.1761678e-01   1.0874710e-01   8.6803105e-02   8.2656713e-02
   1.1042516e-01   9.3350791e-02   1.0362462e-01   7.9718745e-02   1.1159580e-01   9.4441577e-02   1.4579641e-01   6.5760931e-02   9.8058507e-02   9.0369345e-02   9.3587628e-02   1.1346218e-01   1.2023136e-01   1.0242959e-01   9.6983236e-02   1.1117936e-01   1.3092339e-01   8.8518782e-02   1.0113758e-01   9.3228684e-02   9.7526605e-02   1.1731090e-01   1.0867430e-01   8.6794291e-02   8.2590926e-02
   1.0587568e-01   9.3268889e-02   1.0362073e-01   7.9617236e-02   1.1061555e-01   9.0970250e-02   1.4355669e-01   6.5637182e-02   9.7562737e-02   8.9915750e-02   9.3581555e-02   1.1211390e-01   1.2017576e-01   1.0029133e-01   9.6759719e-02   1.0998691e-01   1.2666011e-01   8.7331342e-02   1.0081576e-01   9.3221369e-02   9.5964676e-02   1.1720056e-01   1.0601081e-01   8.6786263e-02   8.2588473e-02
   1.0561946e-01   9.3266130e-02   1.0361994e-01   7.9576842e-02   1.1004975e-01   9.0549303e-02   1.4295190e-01   6.5590145e-02   9.7538414e-02   8.9878625e-02   9.3403282e-02   1.1169738e-01   1.2017113e-01   1.0016536e-01   9.6746795e-02   1.0883081e-01   1.2554521e-01   8.6112810e-02   1.0080824e-01   9.3219902e-02   9.5019268e-02   1.1715218e-01   1.0594624e-01   8.4282200e-02   8.2587654e-02
