   0.0000000e+00   0.0000000e+00   0.0000000e+00   0.0000000e+00   0.0000000e+00   0.0000000e+00   0.0000000e+00   0.0000000e+00   0.0000000e+00   0.0000000e+00   0.0000000e+00   0.0000000e+00   0.0000000e+00   0.0000000e+00   0.0000000e+00   0.0000000e+00   0.0000000e+00   0.0000000e+00   0.0000000e+00   0.0000000e+00   0.0000000e+00   0.0000000e+00   0.0000000e+00   0.0000000e+00   0.0000000e+00
   8.2609684e-03   2.8422783e+01   7.8305811e-03   5.6936018e+00   2.4786147e+01   2.2906947e+01   2.5836273e+01   3.6960042e+00   8.2486352e-03   9.3473180e-03   4.4470830e+01   2.8340995e+00   5.3588818e+00   3.3230453e-02   9.9370367e+00   2.3373972e+01   2.7402094e-01   8.6238002e-03   4.3848120e+01   9.0425251e+01   1.6022342e+01   1.0443274e+01   8.5622657e-03   1.8218591e-01   2.6800316e+00
   6.8574321e-03   7.0464844e-03   4.2682643e-03   5.4469025e-03   6.7374761e-03   6.8366996e-03   5.6075316e-03   3.8365537e-03   5.3209936e-03   6.4374657e-03   3.6867212e-03   6.6543119e-03   7.3057753e-03   5.1681678e-03   7.5419026e-03   7.3367551e-03   7.0511073e-03   5.6058140e-03   6.7146776e-03   7.0355922e-03   5.4403116e-03   7.2246589e-03   6.4826905e-03   4.2267867e-03   6.0252974e-03
   5.4935327e-04   4.5033006e-03   2.5878361e-03   4.4458852e-03   4.5632212e-03   4.6764429e-03   3.8254028e-03   1.5804679e-03   4.0813707e-03   4.6650868e-03   3.1375230e-04   4.3774509e-03   4.7515109e-03   3.8615826e-03   4.7523271e-03   4.7223486e-03   4.5176040e-03   3.8642680e-03   4.3331782e-03   3.3895256e-03   4.2277555e-03   4.6132970e-03   4.4912511e-03   2.4572468e-03   4.5699885e-03
   0.0000000e+00   6.2026367e-04   0.0000000e+00   2.2042385e-03   3.2086432e-03   2.7961279e-03   2.0644533e-05   0.0000000e+00   1.5257835e-05   3.5906355e-03   0.0000000e+00   7.8561018e-05   4.5874860e-03   1.9936652e-05   4.3919338e-03   3.9418020e-03   1.0468371e-03   2.8450678e-05   1.6736593e-03   0.0000000e+00   1.4001233e-04   3.5514617e-03   1.6217851e-03   0.0000000e+00   2.6575011e-03
   0.0000000e+00   0.0000000e+00   0.0000000e+00   0.0000000e+00   0.0000000e+00   0.0000000e+00   0.0000000e+00   0.0000000e+00   0.0000000e+00   0.0000000e+00   0.0000000e+00   0.0000000e+00   5.9615758e-07   0.0000000e+00   0.0000000e+00   0.0000000e+00   0.0000000e+00   0.0000000e+00   0.0000000e+00   0.0000000e+00   0.0000000e+00   0.0000000e+00   0.0000000e+00   0.0000000e+00   0.0000000e+00
   0.0000000e+00   0.0000000e+00   0.0000000e+00   0.0000000e+00   0.0000000e+00   0.0000000e+00   0.0000000e+00   0.0000000e+00   0.0000000e+00   0.0000000e+00   0.0000000e+00   0.0000000e+00   0.0000000e+00   0.0000000e+00   0.0000000e+00   0.0000000e+00   0.0000000e+00   0.0000000e+00   0.0000000e+00   0.0000000e+00   0.0000000e+00   0.0000000e+00   0.0000000e+00   0.0000000e+00   0.0000000e+00
   0.0000000e+00   0.0000000e+00   0.0000000e+00   0.0000000e+00   0.0000000e+00   0.0000000e+00   0.0000000e+00   0.0000000e+00   0.0000000e+00   0.0000000e+00   0.0000000e+00   0.0000000e+00   0.0000000e+00   0.0000000e+00   0.0000000e+00   0.0000000e+00   0.0000000e+00   0.0000000e+00   0.0000000e+00   0.0000000e+00   0.0000000e+00   0.0000000e+00   0.0000000e+00   0.0000000e+00   0.0000000e+00
   0.0000000e+00   0.0000000e+00   0.0000000e+00   0.0000000e+00   0.0000000e+00   0.0000000e+00   0.0000000e+00   0.0000000e+00   0.0000000e+00   0.0000000e+00   0.0000000e+00   0.0000000e+00   0.0000000e+00   0.0000000e+00   0.0000000e+00   0.0000000e+00   0.0000000e+00   0.0000000e+00   0.0000000e+00   0.0000000e+00   0.0000000e+00   0.0000000e+00   0.0000000e+00   0.0000000e+00   0.0000000e+00
   0.0000000e+00   0.0000000e+00   0.0000000e+00   0.0000000e+00   0.0000000e+00   0.0000000e+00   0.0000000e+00   0.0000000e+00   0.0000000e+00   0.0000000e+00   0.0000000e+00   0.0000000e+00   0.0000000e+00   0.0000000e+00   0.0000000e+00   0.0000000e+00   0.0000000e+00   0.0000000e+00   0.0000000e+00   0.0000000e+00   0.0000000e+00   0.0000000e+00   0.0000000e+00   0.0000000e+00   0.0000000e+00
