   1.0000000e-01   8.0000000e-01   8.0000000e-01   1.0000000e-01   8.0000000e-01   1.0000000e-01   8.0000000e-01   8.0000000e-01   1.0000000e-01   8.0000000e-01   8.0000000e-01   8.0000000e-01   8.0000000e-01   8.0000000e-01   1.0000000e-01   8.0000000e-01   1.0000000e-01   1.0000000e-01   8.0000000e-01   1.0000000e-01   1.0000000e-01   8.0000000e-01   1.0000000e-01   1.0000000e-01   1.0000000e-01
   4.7057719e-01   8.0000000e-01   8.0000000e-01   5.4999999e-01   8.1079779e-01   1.0002893e-01   8.6328798e-01   8.0000018e-01   8.0000000e-01   9.1250261e-01   8.0000005e-01   8.0017622e-01   8.0000000e-01   8.0000000e-01   8.0000005e-01   8.0002534e-01   8.0000000e-01   8.0000732e-01   8.0000141e-01   1.0000000e-01   1.0000006e-01   8.0000680e-01   8.0000442e-01   8.0000000e-01   8.0000000e-01
   1.0789464e+00   8.0000009e-01   8.0000028e-01   1.0795045e+00   1.2451428e+00   8.0160971e-01   1.2454931e+00   8.0005034e-01   8.0126973e-01   1.2500000e+00   8.0000771e-01   8.2390940e-01   8.0000005e-01   8.0000022e-01   8.0010293e-01   8.0381908e-01   8.0000031e-01   1.0137418e+00   8.0034048e-01   8.0000001e-01   8.0001219e-01   8.0186986e-01   8.0108846e-01   8.0000025e-01   8.0286675e-01
   1.0765448e+00   8.0064020e-01   8.0304764e-01   1.0765434e+00   1.2500000e+00   1.2500000e+00   1.2500000e+00   1.1705768e+00   1.2500000e+00   1.2500000e+00   8.9177178e-01   1.2500000e+00   8.0065493e-01   8.0185921e-01   1.2247593e+00   1.2434950e+00   8.0407870e-01   1.2500000e+00   1.2488070e+00   8.1681021e-01   9.7461517e-01   1.2500000e+00   1.2500000e+00   8.0455983e-01   1.2500000e+00
   1.0765431e+00   1.2498920e+00   1.2500000e+00   1.0765431e+00   1.2500000e+00   1.2500000e+00   1.2500000e+00   1.2500000e+00   1.2500000e+00   1.2500000e+00   1.2500000e+00   1.2500000e+00   1.2499499e+00   1.2500000e+00   1.2500000e+00   1.0765538e+00   1.2500000e+00   1.2500000e+00   1.2500000e+00   1.2500000e+00   1.2500000e+00   1.2500000e+00   1.2500000e+00   1.2500000e+00   1.2500000e+00
   1.0765431e+00   1.2500000e+00   1.0782290e+00   1.0765431e+00   1.2500000e+00   1.2500000e+00   1.2500000e+00   1.2500000e+00   1.2159542e+00   1.0765482e+00   1.2500000e+00   1.2500000e+00   1.2500000e+00   1.2500000e+00   1.2500000e+00   1.0765431e+00   1.2500000e+00   1.2500000e+00   1.1787274e+00   1.2500000e+00   1.2500000e+00   1.2500000e+00   1.2500000e+00   1.2500000e+00   1.2500000e+00
   1.0765431e+00   1.2500000e+00   1.0765431e+00   1.0765431e+00   1.2500000e+00   1.2500000e+00   1.2500000e+00   1.2500000e+00   1.0765431e+00   1.0765431e+00   1.2500000e+00   1.2500000e+00   1.2193575e+00   1.2500000e+00   1.2500000e+00   1.0765431e+00   1.2500000e+00   1.2500000e+00   1.0765431e+00   1.2500000e+00   1.2500000e+00   1.2500000e+00   1.0776564e+00   1.2500000e+00   1.2500000e+00
   1.0765431e+00   1.2500000e+00   1.0765431e+00   1.0765431e+00   1.2500000e+00   1.2500000e+00   1.2500000e+00   1.2500000e+00   1.0765431e+00   1.0765431e+00   1.2500000e+00   1.2500000e+00   1.0765431e+00   1.2500000e+00   1.2500000e+00   1.0765431e+00   1.2500000e+00   1.2500000e+00   1.0765431e+00   1.0765592e+00   1.0765433e+00   1.2500000e+00   1.0765431e+00   1.0766302e+00   1.2500000e+00
   1.0765431e+00   1.2500000e+00   1.0765431e+00   1.0765431e+00   1.2500000e+00   1.2500000e+00   1.2500000e+00   1.1530594e+00   1.0765431e+00   1.0765431e+00   1.2500000e+00   1.2500000e+00   1.0765431e+00   1.2500000e+00   1.2500000e+00   1.0765431e+00   1.2500000e+00   1.2500000e+00   1.0765431e+00   1.0765431e+00   1.0765431e+00   1.2500000e+00   1.0765431e+00   1.0765431e+00   1.2500000e+00
   1.0765431e+00   1.2500000e+00   1.0765431e+00   1.0765431e+00   1.2500000e+00   1.2500000e+00   1.0765431e+00   1.0765431e+00   1.0765431e+00   1.0765431e+00   1.2500000e+00   1.2500000e+00   1.0765431e+00   1.2500000e+00   1.2500000e+00   1.0765431e+00   1.2500000e+00   1.2500000e+00   1.0765431e+00   1.0765431e+00   1.0765431e+00   1.2500000e+00   1.0765431e+00   1.0765431e+00   1.2500000e+00
