   1.1210958e-03   0.0000000e+00   0.0000000e+00   1.8004229e-04   0.0000000e+00   3.7492596e-03   2.0685573e-03   0.0000000e+00   9.0930694e-05   3.1526808e-03   0.0000000e+00   0.0000000e+00   7.9539419e-04   0.0000000e+00   8.7998296e-04   0.0000000e+00   3.3715123e-04   0.0000000e+00   0.0000000e+00   0.0000000e+00   2.5465742e-03   0.0000000e+00   7.8355418e-05   2.7636088e-03   1.1779676e-03
   6.8943060e+00   5.9191856e+00   3.2246726e+00   6.0509835e+00   6.7909528e+00   2.4293864e+00   5.4540850e+00   3.5671577e+00   8.0692957e+00   8.6113161e+00   5.9721988e+00   6.8809975e+00   4.8881904e+00   6.8763365e+00   7.0850201e+00   3.7635871e+00   7.8149022e+00   5.9053530e+00   4.3834506e+00   4.0096031e+00   1.1078221e+01   3.9174464e+00   7.6382591e+00   4.0935385e+00   4.9370646e+00
   3.0210795e+00   2.3564966e+00   1.8904125e+00   2.6195771e+00   3.6399612e+00   1.4696672e+00   1.9725747e+00   2.7411585e+00   2.5188158e+00   3.7353194e+00   2.1289953e+00   3.4394782e+00   2.3984845e+00   8.6805533e-01   2.7643020e+00   2.4045502e+00   3.0582593e+00   3.1630382e+00   2.3353088e+00   9.0050383e-01   3.3091679e+00   7.6112395e-01   2.2467228e+00   2.4439350e+00   2.8530225e+00
   7.9106669e-01   8.2256507e-01   4.6979635e-01   7.4710981e-01   9.4424906e-01   6.0204108e-01   4.5920119e-01   8.5403153e-01   1.4895292e+00   1.2429637e+00   1.1259425e+00   6.1987726e-01   1.2913437e+00   8.6805533e-01   5.4264126e-01   6.0533312e-01   9.0927862e-01   8.8979572e-01   2.8785962e-01   9.0050383e-01   1.2029378e+00   2.5898334e-01   1.1973177e+00   4.7668494e-01   3.2381266e-01
   1.8277244e-01   1.0089942e-01   0.0000000e+00   0.0000000e+00   0.0000000e+00   3.5603591e-02   0.0000000e+00   2.0119988e-02   9.9293939e-02   0.0000000e+00   0.0000000e+00   7.9468329e-02   0.0000000e+00   3.5353215e-02   6.8265986e-02   3.9043051e-02   3.5441976e-02   3.6930177e-02   3.1767050e-02   1.0120395e-01   7.2586572e-02   0.0000000e+00   1.7165850e-02   0.0000000e+00   3.9503398e-02
   0.0000000e+00   4.3092245e-04   0.0000000e+00   0.0000000e+00   0.0000000e+00   0.0000000e+00   0.0000000e+00   0.0000000e+00   1.6667066e-03   0.0000000e+00   0.0000000e+00   0.0000000e+00   0.0000000e+00   2.1262819e-04   0.0000000e+00   0.0000000e+00   0.0000000e+00   0.0000000e+00   1.7117395e-04   0.0000000e+00   0.0000000e+00   0.0000000e+00   0.0000000e+00   0.0000000e+00   0.0000000e+00
   0.0000000e+00   0.0000000e+00   0.0000000e+00   0.0000000e+00   0.0000000e+00   0.0000000e+00   0.0000000e+00   0.0000000e+00   7.4198337e-07   0.0000000e+00   0.0000000e+00   0.0000000e+00   0.0000000e+00   0.0000000e+00   0.0000000e+00   0.0000000e+00   0.0000000e+00   0.0000000e+00   0.0000000e+00   0.0000000e+00   0.0000000e+00   0.0000000e+00   0.0000000e+00   0.0000000e+00   0.0000000e+00
   0.0000000e+00   0.0000000e+00   0.0000000e+00   0.0000000e+00   0.0000000e+00   0.0000000e+00   0.0000000e+00   0.0000000e+00   0.0000000e+00   0.0000000e+00   0.0000000e+00   0.0000000e+00   0.0000000e+00   0.0000000e+00   0.0000000e+00   0.0000000e+00   0.0000000e+00   0.0000000e+00   0.0000000e+00   0.0000000e+00   0.0000000e+00   0.0000000e+00   0.0000000e+00   0.0000000e+00   0.0000000e+00
   0.0000000e+00   0.0000000e+00   0.0000000e+00   0.0000000e+00   0.0000000e+00   0.0000000e+00   0.0000000e+00   0.0000000e+00   0.0000000e+00   0.0000000e+00   0.0000000e+00   0.0000000e+00   0.0000000e+00   0.0000000e+00   0.0000000e+00   0.0000000e+00   0.0000000e+00   0.0000000e+00   0.0000000e+00   0.0000000e+00   0.0000000e+00   0.0000000e+00   0.0000000e+00   0.0000000e+00   0.0000000e+00
   0.0000000e+00   0.0000000e+00   0.0000000e+00   0.0000000e+00   0.0000000e+00   0.0000000e+00   0.0000000e+00   0.0000000e+00   0.0000000e+00   0.0000000e+00   0.0000000e+00   0.0000000e+00   0.0000000e+00   0.0000000e+00   0.0000000e+00   0.0000000e+00   0.0000000e+00   0.0000000e+00   0.0000000e+00   0.0000000e+00   0.0000000e+00   0.0000000e+00   0.0000000e+00   0.0000000e+00   0.0000000e+00
