   4.0404149e+00   4.2562401e+00   3.6895403e+00   3.7566905e+00   3.9511220e+00   3.7381467e+00   3.9052288e+00   4.2458415e+00   3.4992473e+00   4.2031036e+00   3.5127324e+00   4.0297466e+00   3.7117004e+00   3.8512789e+00   3.9855499e+00   3.6980452e+00   3.7760273e+00   3.7940673e+00   3.9362073e+00   4.2409229e+00   3.5216014e+00   3.8331512e+00   3.3398914e+00   4.1436074e+00   3.7324984e+00
   7.4615086e+00   5.2716857e+00   5.9879970e+00   4.4406923e+00   6.8380301e+00   6.0787349e+00   6.5436706e+00   6.3623902e+00   5.9482924e+00   6.2687952e+00   4.4509874e+00   4.9405894e+00   6.4786784e+00   4.7506568e+00   5.8837913e+00   4.7453886e+00   5.9134255e+00   5.0414978e+00   4.7693491e+00   3.9065907e+00   5.8401017e+00   5.0705023e+00   7.1780179e+00   4.5259438e+00   5.0649894e+00
   3.7421533e+00   3.7340124e+00   3.5836391e+00   3.8393683e+00   3.7509673e+00   3.7228065e+00   3.8078232e+00   3.9991343e+00   3.7073588e+00   3.6962571e+00   3.8001085e+00   3.7693377e+00   3.7914400e+00   3.7373105e+00   4.2479160e+00   3.6849352e+00   3.7511240e+00   3.6148304e+00   3.6216286e+00   3.7933408e+00   4.0309480e+00   3.7884700e+00   4.0166115e+00   3.6913277e+00   3.7230557e+00
   3.2280239e+00   3.0473322e+00   3.1434702e+00   3.2557123e+00   3.1153228e+00   3.2374286e+00   3.0577623e+00   3.2445049e+00   3.0791493e+00   3.1220994e+00   3.1148517e+00   3.1495810e+00   3.1206830e+00   3.0690034e+00   3.3387231e+00   3.1576883e+00   3.1458957e+00   3.0872505e+00   3.1102680e+00   3.1110182e+00   3.2242458e+00   3.0490417e+00   3.3898755e+00   3.1235089e+00   3.1436238e+00
   2.7191293e+00   2.5980181e+00   2.7121275e+00   2.5938740e+00   2.6478999e+00   2.6768676e+00   2.5927480e+00   2.6524949e+00   2.6147007e+00   2.6610553e+00   2.5721894e+00   2.5940260e+00   2.6387008e+00   2.6261827e+00   2.8126704e+00   2.6036686e+00   2.5929954e+00   2.5899634e+00   2.5817972e+00   2.5919620e+00   2.7396791e+00   2.6286118e+00   2.8259327e+00   2.6139071e+00   2.6925519e+00
   2.5471998e+00   2.5455533e+00   2.5463083e+00   2.5450855e+00   2.5460407e+00   2.5455692e+00   2.5448011e+00   2.5458570e+00   2.5455461e+00   2.5450992e+00   2.5448103e+00   2.5454472e+00   2.5450186e+00   2.5457361e+00   2.5514905e+00   2.5450719e+00   2.5451078e+00   2.5449430e+00   2.5445813e+00   2.5448797e+00   2.5475590e+00   2.5452440e+00   2.5477839e+00   2.5452714e+00   2.5464376e+00
   2.5438117e+00   2.5437992e+00   2.5437954e+00   2.5437945e+00   2.5438089e+00   2.5438029e+00   2.5437969e+00   2.5438057e+00   2.5438006e+00   2.5438182e+00   2.5437918e+00   2.5437955e+00   2.5437976e+00   2.5438054e+00   2.5438738e+00   2.5438026e+00   2.5437955e+00   2.5437956e+00   2.5437923e+00   2.5437988e+00   2.5438219e+00   2.5437945e+00   2.5438533e+00   2.5438065e+00   2.5438039e+00
   2.5437856e+00   2.5437856e+00   2.5437856e+00   2.5437856e+00   2.5437856e+00   2.5437856e+00   2.5437856e+00   2.5437856e+00   2.5437856e+00   2.5437856e+00   2.5437856e+00   2.5437856e+00   2.5437856e+00   2.5437856e+00   2.5437859e+00   2.5437856e+00   2.5437856e+00   2.5437856e+00   2.5437856e+00   2.5437856e+00   2.5437856e+00   2.5437856e+00   2.5437857e+00   2.5437856e+00   2.5437856e+00
   2.5437856e+00   2.5437856e+00   2.5437856e+00   2.5437856e+00   2.5437856e+00   2.5437856e+00   2.5437856e+00   2.5437856e+00   2.5437856e+00   2.5437856e+00   2.5437856e+00   2.5437856e+00   2.5437856e+00   2.5437856e+00   2.5437856e+00   2.5437856e+00   2.5437856e+00   2.5437856e+00   2.5437856e+00   2.5437856e+00   2.5437856e+00   2.5437856e+00   2.5437856e+00   2.5437856e+00   2.5437856e+00
   2.5437856e+00   2.5437856e+00   2.5437856e+00   2.5437856e+00   2.5437856e+00   2.5437856e+00   2.5437856e+00   2.5437856e+00   2.5437856e+00   2.5437856e+00   2.5437856e+00   2.5437856e+00   2.5437856e+00   2.5437856e+00   2.5437856e+00   2.5437856e+00   2.5437856e+00   2.5437856e+00   2.5437856e+00   2.5437856e+00   2.5437856e+00   2.5437856e+00   2.5437856e+00   2.5437856e+00   2.5437856e+00
