   2.7354793e+00   2.7338852e+00   2.7894979e+00   2.7698261e+00   2.7710413e+00   2.7437092e+00   2.7281862e+00   2.7512234e+00   2.7262735e+00   2.7493189e+00   2.7594461e+00   2.7678539e+00   2.7517508e+00   2.7232737e+00   2.7335026e+00   2.7449958e+00   2.7422065e+00   2.7382150e+00   2.7325395e+00   2.7461334e+00   2.7288185e+00   2.7748890e+00   2.7576484e+00   2.7363063e+00   2.7385322e+00
   2.6443173e+00   2.6427912e+00   2.6461732e+00   2.6490654e+00   2.6467295e+00   2.6471760e+00   2.6464459e+00   2.6481279e+00   2.6463785e+00   2.6431190e+00   2.6490693e+00   2.6467681e+00   2.6467915e+00   2.6483778e+00   2.6434510e+00   2.6473632e+00   2.6492334e+00   2.6479401e+00   2.6514934e+00   2.6470786e+00   2.6471019e+00   2.6469506e+00   2.6489076e+00   2.6445500e+00   2.6456918e+00
   2.6394159e+00   2.6394422e+00   2.6395534e+00   2.6398194e+00   2.6394911e+00   2.6396293e+00   2.6395839e+00   2.6395863e+00   2.6396293e+00   2.6395608e+00   2.6395373e+00   2.6395552e+00   2.6396291e+00   2.6397010e+00   2.6395220e+00   2.6395871e+00   2.6396610e+00   2.6399072e+00   2.6398678e+00   2.6395396e+00   2.6396576e+00   2.6395804e+00   2.6396806e+00   2.6395225e+00   2.6394870e+00
   2.6393479e+00   2.6393468e+00   2.6393471e+00   2.6393472e+00   2.6393472e+00   2.6393478e+00   2.6393484e+00   2.6393471e+00   2.6393469e+00   2.6393477e+00   2.6393471e+00   2.6393485e+00   2.6393490e+00   2.6393483e+00   2.6393476e+00   2.6393495e+00   2.6393479e+00   2.6393520e+00   2.6393498e+00   2.6393478e+00   2.6393486e+00   2.6393474e+00   2.6393473e+00   2.6393481e+00   2.6393469e+00
   2.6393465e+00   2.6393465e+00   2.6393465e+00   2.6393465e+00   2.6393465e+00   2.6393465e+00   2.6393465e+00   2.6393465e+00   2.6393465e+00   2.6393465e+00   2.6393465e+00   2.6393465e+00   2.6393465e+00   2.6393465e+00   2.6393465e+00   2.6393465e+00   2.6393465e+00   2.6393465e+00   2.6393465e+00   2.6393465e+00   2.6393465e+00   2.6393465e+00   2.6393465e+00   2.6393465e+00   2.6393465e+00
   2.6393465e+00   2.6393465e+00   2.6393465e+00   2.6393465e+00   2.6393465e+00   2.6393465e+00   2.6393465e+00   2.6393465e+00   2.6393465e+00   2.6393465e+00   2.6393465e+00   2.6393465e+00   2.6393465e+00   2.6393465e+00   2.6393465e+00   2.6393465e+00   2.6393465e+00   2.6393465e+00   2.6393465e+00   2.6393465e+00   2.6393465e+00   2.6393465e+00   2.6393465e+00   2.6393465e+00   2.6393465e+00
   2.6393465e+00   2.6393465e+00   2.6393465e+00   2.6393465e+00   2.6393465e+00   2.6393465e+00   2.6393465e+00   2.6393465e+00   2.6393465e+00   2.6393465e+00   2.6393465e+00   2.6393465e+00   2.6393465e+00   2.6393465e+00   2.6393465e+00   2.6393465e+00   2.6393465e+00   2.6393465e+00   2.6393465e+00   2.6393465e+00   2.6393465e+00   2.6393465e+00   2.6393465e+00   2.6393465e+00   2.6393465e+00
   2.6393465e+00   2.6393465e+00   2.6393465e+00   2.6393465e+00   2.6393465e+00   2.6393465e+00   2.6393465e+00   2.6393465e+00   2.6393465e+00   2.6393465e+00   2.6393465e+00   2.6393465e+00   2.6393465e+00   2.6393465e+00   2.6393465e+00   2.6393465e+00   2.6393465e+00   2.6393465e+00   2.6393465e+00   2.6393465e+00   2.6393465e+00   2.6393465e+00   2.6393465e+00   2.6393465e+00   2.6393465e+00
   2.6393465e+00   2.6393465e+00   2.6393465e+00   2.6393465e+00   2.6393465e+00   2.6393465e+00   2.6393465e+00   2.6393465e+00   2.6393465e+00   2.6393465e+00   2.6393465e+00   2.6393465e+00   2.6393465e+00   2.6393465e+00   2.6393465e+00   2.6393465e+00   2.6393465e+00   2.6393465e+00   2.6393465e+00   2.6393465e+00   2.6393465e+00   2.6393465e+00   2.6393465e+00   2.6393465e+00   2.6393465e+00
   2.6393465e+00   2.6393465e+00   2.6393465e+00   2.6393465e+00   2.6393465e+00   2.6393465e+00   2.6393465e+00   2.6393465e+00   2.6393465e+00   2.6393465e+00   2.6393465e+00   2.6393465e+00   2.6393465e+00   2.6393465e+00   2.6393465e+00   2.6393465e+00   2.6393465e+00   2.6393465e+00   2.6393465e+00   2.6393465e+00   2.6393465e+00   2.6393465e+00   2.6393465e+00   2.6393465e+00   2.6393465e+00
