   1.1535867e+00   9.9057099e-01   9.1870029e-01   1.0131961e+00   9.6370839e-01   9.4859861e-01   1.0546556e+00   1.0234892e+00   1.1856966e+00   1.0268437e+00   1.0664390e+00   7.8876961e-01   1.1453073e+00   1.2167383e+00   7.9310842e-01   1.2505538e+00   1.1204821e+00   1.4393725e+00   1.3526865e+00   1.0797884e+00   1.1566386e+00   1.2116787e+00   1.3315488e+00   1.3279423e+00   1.0950498e+00
   1.2956172e+00   8.8966053e-01   1.1914233e+00   1.2892027e+00   6.7037103e-01   1.1901949e+00   9.5279403e-01   9.5826689e-01   1.4914352e+00   1.1196767e+00   9.5006529e-01   6.4705968e-01   1.0215168e+00   1.1119695e+00   8.1821462e-01   1.3353889e+00   9.0802391e-01   1.2007491e+00   1.2207294e+00   8.0459238e-01   1.1130983e+00   1.0457028e+00   1.3139466e+00   1.5177227e+00   9.9679805e-01
   1.2517698e+00   8.5799693e-01   1.0843666e+00   1.2090603e+00   6.6021864e-01   1.1196297e+00   9.1759288e-01   9.3761392e-01   1.2478085e+00   1.2556149e+00   8.5509125e-01   6.3508488e-01   9.1208779e-01   1.0544805e+00   7.5881429e-01   1.2534630e+00   9.1083271e-01   1.1857407e+00   1.2137657e+00   7.3106631e-01   1.3058821e+00   1.0099404e+00   1.3006929e+00   1.7239451e+00   9.4964371e-01
   1.2081095e+00   1.1724607e+00   1.0530287e+00   1.1945496e+00   6.4953461e-01   1.0498952e+00   9.2558028e-01   9.3583820e-01   1.1663440e+00   1.2395634e+00   6.7400785e-01   6.3149717e-01   8.2245730e-01   1.0476129e+00   7.1364487e-01   1.1533485e+00   1.3484599e+00   1.3796117e+00   1.2042669e+00   7.2744047e-01   1.2848659e+00   9.6441155e-01   1.3277544e+00   1.6858356e+00   9.6513343e-01
   1.2012532e+00   1.1574457e+00   1.1573155e+00   1.1656406e+00   1.0305276e+00   1.0467861e+00   9.6378752e-01   9.3459113e-01   1.1417172e+00   1.2571205e+00   1.0395350e+00   6.2727924e-01   1.1319993e+00   1.0363437e+00   8.5588338e-01   1.1356040e+00   1.3453826e+00   1.3768101e+00   1.2014682e+00   7.6056335e-01   1.2839314e+00   9.5324672e-01   1.3182819e+00   1.6769098e+00   9.6051679e-01
   1.0965447e+00   1.1437698e+00   1.1067550e+00   1.1467529e+00   1.0286504e+00   1.0448569e+00   9.8057863e-01   9.3403777e-01   1.1364832e+00   1.2527671e+00   1.0872647e+00   6.7130828e-01   1.0990891e+00   1.2227537e+00   8.5476595e-01   1.1246292e+00   1.3403220e+00   1.3761731e+00   1.1886780e+00   9.8774067e-01   1.3039996e+00   9.5212903e-01   1.3055798e+00   1.6671622e+00   9.5499052e-01
   1.0974024e+00   1.1378170e+00   1.0755379e+00   1.1250995e+00   1.0281441e+00   1.0446227e+00   9.7681926e-01   8.8461728e-01   1.1281344e+00   1.2524674e+00   1.0852678e+00   6.6658509e-01   1.0826436e+00   1.2031015e+00   8.5457183e-01   1.1216195e+00   1.3429523e+00   1.3755493e+00   1.0938445e+00   9.8138559e-01   1.3024974e+00   1.0211399e+00   1.2929977e+00   1.6198264e+00   9.5393318e-01
   1.0984535e+00   1.1354429e+00   1.0798060e+00   1.1236769e+00   1.0304389e+00   1.0479086e+00   9.7643143e-01   8.1548837e-01   1.1167516e+00   1.3797639e+00   1.0583870e+00   6.6643266e-01   1.0785914e+00   1.2237614e+00   8.5438836e-01   1.0920641e+00   1.2740492e+00   1.3756502e+00   1.0407595e+00   9.1949998e-01   1.3023371e+00   1.0195655e+00   1.3000196e+00   1.5951889e+00   9.6114706e-01
   1.0979721e+00   1.0908406e+00   1.0797742e+00   1.1231850e+00   1.0306342e+00   1.0461124e+00   9.7069036e-01   8.1160213e-01   1.1099749e+00   1.3839060e+00   1.4297181e+00   6.6398725e-01   1.0713796e+00   1.2247885e+00   8.5818469e-01   1.0909025e+00   1.2730043e+00   1.3779428e+00   1.0239672e+00   1.0248740e+00   1.3042618e+00   1.0185097e+00   1.3001102e+00   1.5893487e+00   9.4893240e-01
   1.0978534e+00   1.1039866e+00   1.0808779e+00   1.1231742e+00   1.0306319e+00   1.0495548e+00   9.7265408e-01   1.0125463e+00   1.1658622e+00   1.3838955e+00   1.4370129e+00   9.7767120e-01   1.0717878e+00   1.5975761e+00   9.6725350e-01   1.0901064e+00   1.4469977e+00   1.3070157e+00   9.8565821e-01   1.0253757e+00   1.3045826e+00   1.0101775e+00   1.3001071e+00   1.5492936e+00   9.5103950e-01
