   6.1825912e+00   5.6895709e+00   4.9106210e+00   5.6435576e+00   6.0425751e+00   5.3756327e+00   5.7254956e+00   6.2218020e+00   5.5594296e+00   6.4174301e+00   5.7267554e+00   5.8307173e+00   4.9492543e+00   5.4239819e+00   5.7758196e+00   4.7731771e+00   5.8318410e+00   7.0114204e+00   4.6696432e+00   4.9537247e+00   6.8170646e+00   6.3331716e+00   4.9571988e+00   6.3276225e+00   6.6012990e+00
   2.0813230e-01   3.3963390e-01   2.6522513e-01   1.5783575e-01   1.7392078e-01   1.7215006e-01   1.7300436e-01   1.8817419e-01   2.4253582e-01   2.9179454e-01   2.5352135e-01   2.0549094e-01   2.3626331e-01   1.8509244e-01   3.0061903e-01   2.7557625e-01   1.6341566e-01   1.6313312e-01   2.6368476e-01   1.8024815e-01   3.5067691e-01   2.1896980e-01   1.2971868e-01   2.0624752e-01   1.5371190e-01
   4.3104399e-02   4.7422887e-02   5.0734160e-02   4.7150641e-02   5.6012393e-02   4.7985562e-02   3.9873791e-02   4.5949363e-02   5.8792052e-02   4.6284813e-02   5.2601834e-02   4.5735270e-02   4.7690413e-02   4.3940217e-02   4.7058916e-02   3.2716789e-02   4.4144374e-02   4.4016285e-02   5.6605425e-02   4.4576316e-02   4.8503386e-02   5.6131819e-02   4.6596472e-02   4.6823100e-02   4.3908619e-02
   3.8086178e-02   3.8320268e-02   4.3647904e-02   3.6193724e-02   5.0848681e-02   4.4669195e-02   2.3447193e-02   3.8890612e-02   5.5642901e-02   3.9092423e-02   4.5764891e-02   4.1111993e-02   4.3748824e-02   3.9803107e-02   4.2268046e-02   2.3864174e-02   3.9781461e-02   3.5972973e-02   4.9393220e-02   3.9224578e-02   4.0347456e-02   4.5453399e-02   3.5854090e-02   4.3130429e-02   4.0173864e-02
   3.6695873e-02   2.4908454e-02   2.8419930e-02   1.8873816e-02   4.6460563e-02   3.9555197e-02   1.2677725e-02   3.5510018e-02   3.8575869e-02   2.8814046e-02   3.8270975e-02   3.9888029e-02   3.9697464e-02   3.8989022e-02   2.8483211e-02   2.2019557e-02   3.5563678e-02   1.6808047e-02   3.9192346e-02   3.8207912e-02   3.9092681e-02   3.9509974e-02   2.8643846e-02   4.0369466e-02   3.8762245e-02
   2.8111318e-02   0.0000000e+00   0.0000000e+00   0.0000000e+00   1.4699751e-02   2.8591374e-02   6.4469200e-03   0.0000000e+00   2.6183060e-02   1.2359702e-02   4.9598815e-03   3.3437396e-02   3.1854292e-02   3.7997458e-02   0.0000000e+00   2.0188461e-02   1.6427957e-03   0.0000000e+00   3.5589582e-02   1.5562949e-02   3.1240226e-02   2.5163427e-02   7.9566747e-03   3.7853136e-02   2.9003492e-02
   4.1038160e-03   0.0000000e+00   0.0000000e+00   0.0000000e+00   0.0000000e+00   0.0000000e+00   0.0000000e+00   0.0000000e+00   1.3437643e-02   0.0000000e+00   3.1126603e-03   8.9126613e-03   1.5545015e-02   2.3318630e-02   0.0000000e+00   1.0427177e-02   0.0000000e+00   0.0000000e+00   1.6012539e-02   0.0000000e+00   0.0000000e+00   0.0000000e+00   0.0000000e+00   6.7207167e-03   0.0000000e+00
   0.0000000e+00   0.0000000e+00   0.0000000e+00   0.0000000e+00   0.0000000e+00   0.0000000e+00   0.0000000e+00   0.0000000e+00   0.0000000e+00   0.0000000e+00   0.0000000e+00   2.1386805e-03   0.0000000e+00   2.4400786e-03   0.0000000e+00   0.0000000e+00   0.0000000e+00   0.0000000e+00   0.0000000e+00   0.0000000e+00   0.0000000e+00   0.0000000e+00   0.0000000e+00   0.0000000e+00   0.0000000e+00
   0.0000000e+00   0.0000000e+00   0.0000000e+00   0.0000000e+00   0.0000000e+00   0.0000000e+00   0.0000000e+00   0.0000000e+00   0.0000000e+00   0.0000000e+00   0.0000000e+00   8.3348632e-04   0.0000000e+00   0.0000000e+00   0.0000000e+00   0.0000000e+00   0.0000000e+00   0.0000000e+00   0.0000000e+00   0.0000000e+00   0.0000000e+00   0.0000000e+00   0.0000000e+00   0.0000000e+00   0.0000000e+00
   0.0000000e+00   0.0000000e+00   0.0000000e+00   0.0000000e+00   0.0000000e+00   0.0000000e+00   0.0000000e+00   0.0000000e+00   0.0000000e+00   0.0000000e+00   0.0000000e+00   0.0000000e+00   0.0000000e+00   0.0000000e+00   0.0000000e+00   0.0000000e+00   0.0000000e+00   0.0000000e+00   0.0000000e+00   0.0000000e+00   0.0000000e+00   0.0000000e+00   0.0000000e+00   0.0000000e+00   0.0000000e+00
