   4.9259884e+00   5.2707646e+00   4.8598426e+00   5.2454706e+00   6.5553174e+00   4.5524862e+00   3.7684836e+00   5.4167063e+00   5.4377349e+00   4.8051782e+00   4.7930057e+00   4.5588764e+00   5.2359160e+00   4.8447311e+00   5.0763828e+00   7.4391342e+00   4.6385436e+00   5.7251443e+00   4.5718916e+00   5.2659036e+00   5.1596204e+00   5.1103630e+00   5.4314729e+00   5.7123038e+00   4.7044608e+00
   1.3423389e-01   1.0818037e-02   1.0478910e-01   1.0127364e-02   9.7900784e-02   3.8135399e-02   4.4641341e-03   1.3851061e-01   2.7466363e-02   1.6874885e-01   4.9090091e-02   4.8221612e-02   2.8477941e-02   2.0584716e-01   1.6221141e-01   2.4518762e-01   1.2727486e-01   6.4553766e-02   6.5127188e-02   1.0999596e-01   1.4083225e-01   1.5438113e-02   1.4927189e-01   5.2080307e-02   4.5496803e-02
   8.1705859e-05   8.3882492e-04   3.8191801e-03   2.7970264e-04   4.0270809e-03   0.0000000e+00   0.0000000e+00   1.2956738e-03   2.8059499e-04   7.1075067e-03   4.1557885e-03   3.2268625e-03   8.9735617e-04   8.6992364e-03   1.1236921e-02   8.6939521e-03   9.9946558e-03   8.1849980e-03   5.1307990e-03   6.5475100e-03   5.8084881e-03   5.0889132e-04   7.8640862e-03   2.0457380e-03   4.0928494e-03
   0.0000000e+00   0.0000000e+00   0.0000000e+00   0.0000000e+00   0.0000000e+00   0.0000000e+00   0.0000000e+00   0.0000000e+00   0.0000000e+00   0.0000000e+00   0.0000000e+00   0.0000000e+00   0.0000000e+00   6.8614129e-04   7.4687739e-03   0.0000000e+00   2.6201651e-06   4.0765029e-03   0.0000000e+00   0.0000000e+00   0.0000000e+00   0.0000000e+00   0.0000000e+00   0.0000000e+00   0.0000000e+00
   0.0000000e+00   0.0000000e+00   0.0000000e+00   0.0000000e+00   0.0000000e+00   0.0000000e+00   0.0000000e+00   0.0000000e+00   0.0000000e+00   0.0000000e+00   0.0000000e+00   0.0000000e+00   0.0000000e+00   0.0000000e+00   1.0476252e-03   0.0000000e+00   0.0000000e+00   0.0000000e+00   0.0000000e+00   0.0000000e+00   0.0000000e+00   0.0000000e+00   0.0000000e+00   0.0000000e+00   0.0000000e+00
   0.0000000e+00   0.0000000e+00   0.0000000e+00   0.0000000e+00   0.0000000e+00   0.0000000e+00   0.0000000e+00   0.0000000e+00   0.0000000e+00   0.0000000e+00   0.0000000e+00   0.0000000e+00   0.0000000e+00   0.0000000e+00   0.0000000e+00   0.0000000e+00   0.0000000e+00   0.0000000e+00   0.0000000e+00   0.0000000e+00   0.0000000e+00   0.0000000e+00   0.0000000e+00   0.0000000e+00   0.0000000e+00
   0.0000000e+00   0.0000000e+00   0.0000000e+00   0.0000000e+00   0.0000000e+00   0.0000000e+00   0.0000000e+00   0.0000000e+00   0.0000000e+00   0.0000000e+00   0.0000000e+00   0.0000000e+00   0.0000000e+00   0.0000000e+00   0.0000000e+00   0.0000000e+00   0.0000000e+00   0.0000000e+00   0.0000000e+00   0.0000000e+00   0.0000000e+00   0.0000000e+00   0.0000000e+00   0.0000000e+00   0.0000000e+00
   0.0000000e+00   0.0000000e+00   0.0000000e+00   0.0000000e+00   0.0000000e+00   0.0000000e+00   0.0000000e+00   0.0000000e+00   0.0000000e+00   0.0000000e+00   0.0000000e+00   0.0000000e+00   0.0000000e+00   0.0000000e+00   0.0000000e+00   0.0000000e+00   0.0000000e+00   0.0000000e+00   0.0000000e+00   0.0000000e+00   0.0000000e+00   0.0000000e+00   0.0000000e+00   0.0000000e+00   0.0000000e+00
   0.0000000e+00   0.0000000e+00   0.0000000e+00   0.0000000e+00   0.0000000e+00   0.0000000e+00   0.0000000e+00   0.0000000e+00   0.0000000e+00   0.0000000e+00   0.0000000e+00   0.0000000e+00   0.0000000e+00   0.0000000e+00   0.0000000e+00   0.0000000e+00   0.0000000e+00   0.0000000e+00   0.0000000e+00   0.0000000e+00   0.0000000e+00   0.0000000e+00   0.0000000e+00   0.0000000e+00   0.0000000e+00
   0.0000000e+00   0.0000000e+00   0.0000000e+00   0.0000000e+00   0.0000000e+00   0.0000000e+00   0.0000000e+00   0.0000000e+00   0.0000000e+00   0.0000000e+00   0.0000000e+00   0.0000000e+00   0.0000000e+00   0.0000000e+00   0.0000000e+00   0.0000000e+00   0.0000000e+00   0.0000000e+00   0.0000000e+00   0.0000000e+00   0.0000000e+00   0.0000000e+00   0.0000000e+00   0.0000000e+00   0.0000000e+00
