   5.2172393e+02   5.1979548e+02   5.1422247e+02   5.2012402e+02   5.1960096e+02   5.2325744e+02   5.2012022e+02   5.1728367e+02   5.2188178e+02   5.2586328e+02   5.3732420e+02   5.2139700e+02   5.2849044e+02   5.2370663e+02   5.2067812e+02   5.1645242e+02   5.2020549e+02   5.1608219e+02   5.2035283e+02   5.1483034e+02   5.1851875e+02   5.1913064e+02   5.1993473e+02   5.1990887e+02   5.2057877e+02
   5.4735338e+02   5.6412647e+02   5.4782722e+02   5.5613983e+02   5.6230675e+02   5.5888373e+02   5.3808759e+02   5.3061085e+02   5.5057186e+02   5.3836093e+02   5.2981385e+02   5.4050092e+02   5.4888577e+02   5.5702446e+02   5.5463160e+02   5.4858671e+02   5.5221715e+02   5.5762828e+02   5.4483380e+02   5.3630315e+02   5.7114148e+02   5.5238734e+02   5.5306356e+02   5.4963154e+02   5.5063691e+02
   5.2860971e+02   5.2693416e+02   5.2744927e+02   5.2828706e+02   5.2800346e+02   5.2954964e+02   5.2834385e+02   5.2710592e+02   5.2957652e+02   5.2749995e+02   5.2636631e+02   5.2742619e+02   5.2732880e+02   5.2708651e+02   5.2798882e+02   5.2751487e+02   5.2776878e+02   5.2782854e+02   5.3008731e+02   5.2733817e+02   5.2854333e+02   5.2935651e+02   5.2690037e+02   5.2765083e+02   5.2890918e+02
   5.2482248e+02   5.2517863e+02   5.2481713e+02   5.2481474e+02   5.2513898e+02   5.2517051e+02   5.2511232e+02   5.2484638e+02   5.2546084e+02   5.2478665e+02   5.2465319e+02   5.2478763e+02   5.2497624e+02   5.2500252e+02   5.2484346e+02   5.2501005e+02   5.2504210e+02   5.2490140e+02   5.2553695e+02   5.2494335e+02   5.2514486e+02   5.2535219e+02   5.2513722e+02   5.2500774e+02   5.2506420e+02
   5.2449031e+02   5.2448988e+02   5.2447950e+02   5.2448085e+02   5.2448713e+02   5.2450205e+02   5.2450082e+02   5.2447171e+02   5.2449708e+02   5.2449426e+02   5.2445953e+02   5.2448520e+02   5.2448191e+02   5.2448977e+02   5.2447881e+02   5.2448921e+02   5.2449700e+02   5.2447279e+02   5.2451262e+02   5.2448965e+02   5.2449385e+02   5.2451342e+02   5.2452370e+02   5.2447165e+02   5.2450664e+02
   5.2445145e+02   5.2445147e+02   5.2445144e+02   5.2445150e+02   5.2445162e+02   5.2445198e+02   5.2445164e+02   5.2445115e+02   5.2445156e+02   5.2445138e+02   5.2445090e+02   5.2445130e+02   5.2445143e+02   5.2445125e+02   5.2445155e+02   5.2445136e+02   5.2445166e+02   5.2445112e+02   5.2445246e+02   5.2445151e+02   5.2445142e+02   5.2445189e+02   5.2445162e+02   5.2445123e+02   5.2445149e+02
   5.2445077e+02   5.2445076e+02   5.2445076e+02   5.2445076e+02   5.2445077e+02   5.2445077e+02   5.2445077e+02   5.2445076e+02   5.2445076e+02   5.2445076e+02   5.2445076e+02   5.2445076e+02   5.2445077e+02   5.2445077e+02   5.2445077e+02   5.2445076e+02   5.2445076e+02   5.2445076e+02   5.2445077e+02   5.2445077e+02   5.2445076e+02   5.2445077e+02   5.2445077e+02   5.2445076e+02   5.2445076e+02
   5.2445076e+02   5.2445076e+02   5.2445076e+02   5.2445076e+02   5.2445076e+02   5.2445076e+02   5.2445076e+02   5.2445076e+02   5.2445076e+02   5.2445076e+02   5.2445076e+02   5.2445076e+02   5.2445076e+02   5.2445076e+02   5.2445076e+02   5.2445076e+02   5.2445076e+02   5.2445076e+02   5.2445076e+02   5.2445076e+02   5.2445076e+02   5.2445076e+02   5.2445076e+02   5.2445076e+02   5.2445076e+02
   5.2445076e+02   5.2445076e+02   5.2445076e+02   5.2445076e+02   5.2445076e+02   5.2445076e+02   5.2445076e+02   5.2445076e+02   5.2445076e+02   5.2445076e+02   5.2445076e+02   5.2445076e+02   5.2445076e+02   5.2445076e+02   5.2445076e+02   5.2445076e+02   5.2445076e+02   5.2445076e+02   5.2445076e+02   5.2445076e+02   5.2445076e+02   5.2445076e+02   5.2445076e+02   5.2445076e+02   5.2445076e+02
   5.2445076e+02   5.2445076e+02   5.2445076e+02   5.2445076e+02   5.2445076e+02   5.2445076e+02   5.2445076e+02   5.2445076e+02   5.2445076e+02   5.2445076e+02   5.2445076e+02   5.2445076e+02   5.2445076e+02   5.2445076e+02   5.2445076e+02   5.2445076e+02   5.2445076e+02   5.2445076e+02   5.2445076e+02   5.2445076e+02   5.2445076e+02   5.2445076e+02   5.2445076e+02   5.2445076e+02   5.2445076e+02
