   1.5968862e-02   1.5235340e-02   1.4919943e-02   1.4564090e-02   1.5575832e-02   1.6534385e-02   1.5262734e-02   1.5839508e-02   1.6040688e-02   1.6126638e-02   1.4945887e-02   1.4646441e-02   1.5754887e-02   1.5075030e-02   1.4659923e-02   1.5471808e-02   1.5083583e-02   1.5713662e-02   1.3668488e-02   1.6859194e-02   1.5821701e-02   1.4400258e-02   1.5452604e-02   1.5904074e-02   1.4402039e-02
   1.4475786e-02   1.4476764e-02   1.3866476e-02   1.4005096e-02   1.5144975e-02   1.5360371e-02   1.3987146e-02   1.4951456e-02   1.4694984e-02   1.4486006e-02   1.3397422e-02   1.3156686e-02   1.4533961e-02   1.4485623e-02   1.3919363e-02   1.3754115e-02   1.3721989e-02   1.5204502e-02   1.2960097e-02   1.6032840e-02   1.4945612e-02   1.3153448e-02   1.4333718e-02   1.4367083e-02   1.3828160e-02
   1.4249100e-02   1.4261444e-02   1.0851257e-02   1.3825302e-02   1.5056516e-02   1.5166750e-02   1.3560181e-02   1.4738263e-02   1.1692196e-02   1.4252591e-02   1.3191602e-02   5.5060844e-03   1.4370550e-02   1.4435842e-02   1.3686077e-02   1.3299527e-02   1.3574048e-02   1.4046068e-02   1.2715657e-02   1.5463221e-02   1.3648742e-02   1.1996943e-02   1.3618678e-02   1.4237275e-02   1.3811628e-02
   1.2604557e-02   1.4164374e-02   6.9361130e-03   1.3616365e-02   1.4903430e-02   1.4481591e-02   1.0797695e-02   1.4733044e-02   1.1112463e-02   1.3831485e-02   1.3115629e-02   5.0480904e-03   1.4309172e-02   1.8329378e-03   1.3679269e-02   1.3119947e-02   1.3522680e-02   1.2170074e-02   1.2549125e-02   1.5455433e-02   1.1005488e-03   1.1273633e-02   5.7462518e-03   1.3878481e-02   1.3808927e-02
   1.2430986e-02   1.4156323e-02   6.8672595e-03   8.6575201e-04   1.4792104e-02   7.7141080e-03   1.5902103e-03   1.4725800e-02   1.0984508e-02   1.3827740e-02   3.2505631e-03   4.9617183e-03   1.4308059e-02   1.5394685e-03   2.5903357e-03   1.3597917e-03   1.3519883e-02   1.1969440e-03   1.2536771e-02   2.5509856e-03   6.2894008e-04   1.1109568e-02   5.3774433e-03   1.3161979e-02   1.3805029e-02
   4.7158151e-03   5.6701372e-04   6.8620346e-03   8.4671682e-04   5.3519155e-03   7.1296503e-04   6.5562147e-04   1.0728855e-03   3.4980484e-03   2.7693928e-03   2.2565985e-03   4.9541089e-03   5.0235930e-03   5.6918766e-04   9.2693973e-04   1.2024879e-03   5.1653566e-03   3.0201163e-04   9.9715876e-03   2.2811443e-03   6.2677333e-04   1.1108566e-02   4.9744787e-03   1.3011896e-02   4.3766877e-03
   4.6873033e-03   5.3856954e-04   1.6122982e-03   8.4336544e-04   9.7612720e-04   2.7823086e-04   6.1836508e-04   8.1482359e-04   2.8245881e-03   2.6329837e-03   2.1091902e-03   4.9503815e-03   5.0103116e-03   3.9317543e-04   3.6679410e-04   1.1601095e-03   4.3404566e-03   2.9395620e-04   1.1156916e-03   4.0326941e-04   6.2673045e-04   1.1279125e-03   3.3699277e-03   1.9880616e-03   4.1581310e-04
   1.1139961e-03   3.7581291e-04   3.2317467e-04   8.4322383e-04   5.5890862e-04   2.7792145e-04   2.8141562e-04   8.1287375e-04   2.8052462e-03   2.8890386e-04   2.0422157e-03   2.9826254e-04   1.3670048e-03   3.9255808e-04   3.6672214e-04   6.0853675e-04   4.2474021e-03   2.8738211e-04   3.9986292e-04   4.0277865e-04   6.2672814e-04   6.7058754e-04   4.0079614e-04   1.5099494e-03   3.8679072e-04
   3.9573427e-04   3.7269435e-04   3.1367823e-04   8.4319557e-04   3.8760227e-04   4.5173443e-05   2.1981183e-04   8.1241648e-04   1.2185114e-04   2.8834154e-04   3.0662965e-04   2.9628595e-04   1.0983943e-03   2.5768562e-04   3.6632632e-04   6.0823315e-04   4.2473660e-03   2.8321651e-04   3.9931755e-04   4.0277414e-04   6.2672772e-04   3.5693039e-04   4.0073305e-04   1.0814366e-03   3.8651289e-04
   3.9569307e-04   3.7239133e-04   3.1361059e-04   3.2370435e-04   3.8564544e-04   4.0281484e-05   2.1872493e-04   1.6489516e-04   1.1928274e-04   2.8698160e-04   2.9717655e-04   2.7042863e-04   3.8898247e-04   2.5765610e-04   3.6512904e-04   6.0823314e-04   4.0315982e-04   2.7936307e-04   3.9924295e-04   4.0249806e-04   1.6917003e-04   3.5671849e-04   4.0071494e-04   1.0804089e-03   3.8634021e-04
