   1.7622818e+03   2.0300866e+03   1.6230537e+03   1.4650554e+03   1.8082642e+03   1.6363118e+03   1.9413765e+03   1.5775309e+03   1.8250420e+03   1.6726077e+03   1.3349237e+03   1.6614672e+03   1.7166869e+03   1.7125252e+03   1.6930177e+03   1.7477061e+03   1.8615489e+03   2.4368772e+03   1.7741998e+03   1.7321098e+03   1.5042833e+03   1.9620530e+03   1.8059031e+03   1.6803902e+03   1.8337122e+03
   1.6690729e+03   1.6841612e+03   1.5397271e+03   1.4266420e+03   1.7350060e+03   1.5440538e+03   1.8313091e+03   1.5031386e+03   1.7383634e+03   1.6312655e+03   1.4652687e+03   1.5499671e+03   1.6157916e+03   1.5324908e+03   1.6209680e+03   1.6678056e+03   1.7681752e+03   2.1214922e+03   1.7114395e+03   1.4272805e+03   1.4615548e+03   1.9144125e+03   1.6876717e+03   1.5703865e+03   1.6500258e+03
   1.6130503e+03   1.5820516e+03   1.4732578e+03   1.3933855e+03   1.6466131e+03   1.4887103e+03   1.7134350e+03   1.4591778e+03   1.7036018e+03   1.5560478e+03   1.4258776e+03   1.5141463e+03   1.5627927e+03   1.4713403e+03   1.5639942e+03   1.6002511e+03   1.6877865e+03   1.9896457e+03   1.6458694e+03   1.4105184e+03   1.4378219e+03   1.8084787e+03   1.6088455e+03   1.5267513e+03   1.5523264e+03
   1.5868166e+03   1.5116231e+03   1.4570488e+03   1.3863746e+03   1.6061028e+03   1.4435937e+03   1.6807223e+03   1.4391766e+03   1.6592611e+03   1.5080865e+03   1.4107407e+03   1.4747053e+03   1.5254866e+03   1.4555657e+03   1.5385606e+03   1.5339386e+03   1.6259587e+03   1.8916420e+03   1.6180650e+03   1.3835885e+03   1.4283328e+03   1.7592306e+03   1.5815141e+03   1.4734315e+03   1.4992563e+03
   1.5621855e+03   1.4931424e+03   1.4467636e+03   1.7056655e+03   1.5490182e+03   1.4265468e+03   1.5914727e+03   1.4610420e+03   1.6422392e+03   1.4779356e+03   1.4011728e+03   1.4424558e+03   1.4855875e+03   1.7152253e+03   1.5137795e+03   1.5101190e+03   1.5761337e+03   1.8137629e+03   1.5455030e+03   1.7194417e+03   1.7274183e+03   1.6902532e+03   1.5390099e+03   1.4559134e+03   1.4829637e+03
   1.7036255e+03   1.7283531e+03   1.6908959e+03   1.6960435e+03   1.5098272e+03   1.7080137e+03   1.5787155e+03   1.4439755e+03   1.5884123e+03   1.4532210e+03   1.3959487e+03   1.5425437e+03   1.6689568e+03   1.7010393e+03   1.7069230e+03   1.6941717e+03   1.5280659e+03   1.7838017e+03   1.8186839e+03   1.7038945e+03   1.6953586e+03   1.6357034e+03   1.5853909e+03   1.4407126e+03   1.7115381e+03
   1.6933201e+03   1.6925122e+03   1.6949783e+03   1.6962600e+03   1.5059137e+03   1.6990853e+03   1.6940671e+03   1.7258454e+03   1.6978467e+03   1.6914656e+03   1.6967910e+03   1.5515865e+03   1.6243512e+03   1.6970073e+03   1.6936258e+03   1.6914484e+03   1.6931201e+03   1.7450875e+03   1.7872660e+03   1.7011575e+03   1.6912132e+03   1.6226341e+03   1.5726915e+03   1.7041326e+03   1.6925291e+03
   1.6922765e+03   1.6922053e+03   1.6950691e+03   3.0694207e+03   1.7005091e+03   2.1300252e+03   2.1299272e+03   1.6912964e+03   1.6906620e+03   1.6908682e+03   1.6903701e+03   1.5249728e+03   1.7114676e+03   2.1836997e+03   3.8647110e+03   2.1919091e+03   1.6917038e+03   2.2132189e+03   2.1324464e+03   5.8916742e+03   1.6925213e+03   1.6907034e+03   1.6905284e+03   1.6934919e+03   5.8248122e+03
   2.1619866e+03   5.1925392e+03   1.7008248e+03   2.9888580e+03   1.8731267e+03   2.1534290e+03   2.1541152e+03   1.6943772e+03   2.1997484e+03   1.6937170e+03   1.6944956e+03   1.6916244e+03   1.6817046e+03   3.8125504e+03   5.3199600e+03   2.1593157e+03   1.6915887e+03   2.8033309e+03   2.6009429e+03   5.8560431e+03   2.0732528e+03   1.8012037e+03   2.1106486e+03   5.6653554e+03   5.8664465e+03
   2.1620652e+03   5.8662877e+03   1.7098094e+03   5.7155877e+03   5.7921312e+03   5.6876935e+03   2.5890376e+03   5.3474068e+03   2.3008366e+03   1.6942733e+03   6.0658439e+03   6.3162455e+03   2.1251738e+03   5.0241123e+03   5.8535967e+03   5.5967722e+03   6.5771940e+03   5.3901716e+03   5.2976031e+03   6.0206188e+03   5.7770864e+03   5.8664564e+03   5.3112921e+03   6.6397702e+03   6.7115868e+03
