   2.9068162e+00   3.0865390e+00   3.6186594e+00   2.4802252e+00   2.5682794e+00   2.6596207e+00   3.7620423e+00   3.2024475e+00   2.5744096e+00   2.6314975e+00   2.8097086e+00   2.0613186e+00   3.1690065e+00   2.6041548e+00   2.7079912e+00   2.6288298e+00   2.3989340e+00   2.8435033e+00   2.2677094e+00   2.2996398e+00   2.8729835e+00   3.3730341e+00   2.5969600e+00   2.8558396e+00   2.5802984e+00
   2.3064150e+00   2.3120865e+00   2.6277445e+00   2.0077445e+00   2.0183713e+00   1.7072295e+00   2.4326159e+00   1.8139268e+00   1.9843226e+00   1.9728928e+00   2.0892297e+00   1.2686732e+00   2.0342510e+00   2.0513202e+00   2.0875800e+00   2.3984244e+00   1.6563615e+00   1.8936581e+00   1.6607431e+00   1.6765741e+00   2.4243692e+00   1.9779932e+00   1.9871583e+00   1.8048880e+00   2.0440138e+00
   1.9977278e+00   2.1022071e+00   2.0595731e+00   1.6780788e+00   1.4771366e+00   1.2372418e+00   2.1590160e+00   1.5721568e+00   1.6478100e+00   1.7327384e+00   1.6575354e+00   7.8716366e-01   1.7572137e+00   1.9103846e+00   1.7827443e+00   2.1661462e+00   1.5421328e+00   1.4490144e+00   1.5812770e+00   1.2167376e+00   2.0535141e+00   1.6020764e+00   1.8150958e+00   1.3390023e+00   1.7442976e+00
   1.9378359e+00   2.0058000e+00   1.8680840e+00   1.6113933e+00   1.2210800e+00   1.0246272e+00   1.9544136e+00   1.4073356e+00   1.2618736e+00   1.5532229e+00   1.4496513e+00   7.4833054e-01   1.5223729e+00   1.8438543e+00   1.6203313e+00   2.1225082e+00   1.4552153e+00   1.1452644e+00   1.4672645e+00   1.1235371e+00   1.7958917e+00   1.2447473e+00   1.6808659e+00   1.1937925e+00   1.5887093e+00
   1.8499053e+00   1.9301898e+00   1.7279286e+00   1.5454871e+00   1.1651559e+00   9.6807330e-01   1.8788439e+00   1.1877702e+00   1.0691881e+00   1.5374120e+00   1.3703960e+00   7.3513728e-01   1.3863637e+00   1.7749222e+00   1.3939599e+00   2.0352782e+00   1.4086979e+00   1.0769171e+00   1.3274613e+00   1.0695917e+00   1.7307943e+00   1.1808376e+00   1.5331034e+00   1.1225005e+00   1.5119189e+00
   1.7741926e+00   1.9031695e+00   1.6591087e+00   1.4698763e+00   1.1223371e+00   9.3374962e-01   1.7635724e+00   1.1361162e+00   1.0390661e+00   1.4999189e+00   1.3438832e+00   7.2729448e-01   1.3528669e+00   1.7336777e+00   1.3174882e+00   1.9967555e+00   1.3349635e+00   9.9228174e-01   1.3022913e+00   1.0586459e+00   1.6335470e+00   1.1569902e+00   1.3387742e+00   1.0100535e+00   1.4690750e+00
   1.7340774e+00   1.8869051e+00   1.5643612e+00   1.3701275e+00   1.0908141e+00   8.5186710e-01   1.6631787e+00   1.1063368e+00   1.0232598e+00   1.4852531e+00   1.3365990e+00   7.2255895e-01   1.2993512e+00   1.7070221e+00   1.1120750e+00   1.9644765e+00   1.1835426e+00   9.5913174e-01   1.2860544e+00   1.0285644e+00   1.5889020e+00   1.1061641e+00   1.3188480e+00   9.7779615e-01   1.4236853e+00
   1.7125295e+00   1.8724697e+00   1.2415977e+00   1.3078240e+00   1.0595667e+00   8.0778253e-01   1.5984726e+00   1.0960320e+00   1.0058176e+00   1.4761914e+00   1.3193802e+00   7.0111999e-01   1.2875088e+00   1.6978057e+00   1.0932646e+00   1.9464411e+00   1.1252661e+00   9.5080733e-01   1.2827002e+00   1.0165982e+00   1.5693278e+00   1.0789194e+00   1.3020356e+00   9.6926638e-01   1.3948811e+00
   1.6968016e+00   1.8210839e+00   1.2272510e+00   1.2987623e+00   1.0549286e+00   7.9691416e-01   1.5742876e+00   1.0712355e+00   9.9656784e-01   1.4671390e+00   1.2983512e+00   6.9381871e-01   1.2284554e+00   1.6803253e+00   1.0847585e+00   1.9091558e+00   1.0179352e+00   9.4689721e-01   1.2663716e+00   1.0139331e+00   1.5584136e+00   1.0727104e+00   1.2972734e+00   9.6283373e-01   1.3904912e+00
   1.6929756e+00   1.8120266e+00   1.2154896e+00   1.2955401e+00   1.0528263e+00   7.8926888e-01   1.5687127e+00   1.0528364e+00   9.7283763e-01   1.4456047e+00   1.2858510e+00   6.8276723e-01   1.1997881e+00   1.6754976e+00   1.0813439e+00   1.8905694e+00   1.0027608e+00   9.3971976e-01   1.2464064e+00   1.0119796e+00   1.5529123e+00   1.0681804e+00   1.2823843e+00   9.5643612e-01   1.3762583e+00
