  -6.9703514e+21   1.3078753e+03   2.0686607e+03  -1.0286127e+17  -2.6571554e+16   9.7248764e+02  -2.7378003e+23   1.3898166e+03   1.9602832e+03  -1.6280076e+18  -7.3322921e+14  -2.9227889e+18  -5.0036767e+17  -4.2944602e+13  -4.2437584e+15   1.8312529e+03   2.1065083e+03   1.7732860e+03  -6.4557424e+21   1.5334596e+03   2.5669820e+03  -4.9820095e+15  -1.0379138e+15  -1.6757585e+16   2.1968297e+03
   8.8067590e+03   2.4435323e+03   2.3042994e+03   5.4085510e+03   8.1263275e+03   2.5466685e+03   8.4041395e+03   2.3900158e+03   2.3488664e+03   4.4204787e+03   3.3016849e+03   8.4621876e+03   5.3215726e+03   1.9025339e+04   1.5518350e+04   2.4741124e+03   2.3301556e+03   2.2499870e+03   5.0900372e+03   2.0494420e+03   2.3929133e+03   3.4530447e+03   9.3070024e+03   5.1036606e+03   1.8720614e+03
   2.4867532e+03   2.2662938e+03   2.2219334e+03   2.2795735e+03   2.4070485e+03   2.2062262e+03   2.6201778e+03   2.0056742e+03   2.0746201e+03   2.3406279e+03   2.5105497e+03   2.7784684e+03   3.2317782e+03   3.1039769e+03   2.9061734e+03   2.1763175e+03   2.0231651e+03   1.9822753e+03   1.9888311e+03   2.0494420e+03   1.9462621e+03   2.6968847e+03   2.3289702e+03   2.8292778e+03   1.8720614e+03
   2.4215842e+03   1.9486772e+03   1.8552931e+03   2.2795735e+03   2.2372535e+03   1.9638418e+03   2.1844163e+03   1.9751163e+03   1.7852011e+03   2.0265802e+03   1.9846383e+03   2.4406409e+03   2.1565778e+03   2.4096863e+03   2.1204798e+03   1.8882271e+03   1.8385263e+03   1.7423686e+03   1.9888311e+03   1.8104140e+03   1.7820916e+03   2.3274630e+03   2.3117664e+03   2.2022538e+03   1.7916593e+03
   1.9121530e+03   1.7766423e+03   1.6880066e+03   1.8712485e+03   1.9004592e+03   1.8276349e+03   1.8540794e+03   1.7825326e+03   1.6235142e+03   1.8133327e+03   1.7502775e+03   2.0387649e+03   1.8145572e+03   1.9099703e+03   1.8446905e+03   1.7343686e+03   1.6980124e+03   1.6266243e+03   1.9356018e+03   1.6842554e+03   1.7151370e+03   2.0943888e+03   1.9721615e+03   1.9555514e+03   1.6265631e+03
   1.6587038e+03   1.7205771e+03   1.6257866e+03   1.7535930e+03   1.6649362e+03   1.7744990e+03   1.7502626e+03   1.7252827e+03   1.6161460e+03   1.6333782e+03   1.6707593e+03   1.7427450e+03   1.6946752e+03   1.6361127e+03   1.6741470e+03   1.6747670e+03   1.6380691e+03   1.6161376e+03   1.6825658e+03   1.6225743e+03   1.6694330e+03   1.7478356e+03   1.7094554e+03   1.6441054e+03   1.6161281e+03
   1.6161477e+03   1.6608145e+03   1.6161235e+03   1.6995739e+03   1.6161894e+03   1.7264921e+03   1.6848655e+03   1.6613123e+03   1.6161198e+03   1.6161300e+03   1.6168582e+03   1.6607124e+03   1.6193335e+03   1.6161393e+03   1.6161862e+03   1.6169998e+03   1.6161358e+03   1.6161198e+03   1.6164075e+03   1.6161232e+03   1.6172681e+03   1.6339478e+03   1.6404316e+03   1.6161384e+03   1.6161198e+03
   1.6161198e+03   1.6161659e+03   1.6161198e+03   1.6588731e+03   1.6161198e+03   1.6182990e+03   1.6162403e+03   1.6161529e+03   1.6161198e+03   1.6161198e+03   1.6161199e+03   1.6162110e+03   1.6161199e+03   1.6161198e+03   1.6161198e+03   1.6161200e+03   1.6161198e+03   1.6161198e+03   1.6161198e+03   1.6161198e+03   1.6161199e+03   1.6161210e+03   1.6161235e+03   1.6161198e+03   1.6161198e+03
   1.6161198e+03   1.6161198e+03   1.6161198e+03   1.6161198e+03   1.6161198e+03   1.6161198e+03   1.6161198e+03   1.6161198e+03   1.6161198e+03   1.6161198e+03   1.6161198e+03   1.6161198e+03   1.6161198e+03   1.6161198e+03   1.6161198e+03   1.6161198e+03   1.6161198e+03   1.6161198e+03   1.6161198e+03   1.6161198e+03   1.6161198e+03   1.6161198e+03   1.6161198e+03   1.6161198e+03   1.6161198e+03
   1.6161198e+03   1.6161198e+03   1.6161198e+03   1.6161198e+03   1.6161198e+03   1.6161198e+03   1.6161198e+03   1.6161198e+03   1.6161198e+03   1.6161198e+03   1.6161198e+03   1.6161198e+03   1.6161198e+03   1.6161198e+03   1.6161198e+03   1.6161198e+03   1.6161198e+03   1.6161198e+03   1.6161198e+03   1.6161198e+03   1.6161198e+03   1.6161198e+03   1.6161198e+03   1.6161198e+03   1.6161198e+03
