   4.4922046e+00   6.3351984e+00   5.6542309e+00   6.1745506e+00   5.5147848e+00   5.0096005e+00   6.1035355e+00   5.8079069e+00   5.0113848e+00   6.2159703e+00   5.5558120e+00   5.4733635e+00   5.3917057e+00   5.3749405e+00   6.0487228e+00   4.8733766e+00   6.7000036e+00   5.0347536e+00   5.7069428e+00   4.7731827e+00   6.4992505e+00   6.0649304e+00   5.3639209e+00   6.4451172e+00   6.0369161e+00
   1.3268904e-01   3.1924041e-01   3.3040854e-01   4.4235467e-01   1.2741321e-01   2.0145059e-01   2.0352472e-01   2.7351374e-01   7.3169906e-02   2.0504500e-01   3.3505010e-01   3.3954140e-01   1.6718368e-01   2.6650789e-01   1.9754069e-01   1.5470668e-01   3.1783030e-01   1.8804042e-01   3.2826556e-01   3.8709503e-01   3.3872074e-01   1.7246467e-01   1.3354290e-01   2.2443082e-01   3.6371627e-01
   3.5384148e-02   2.7234268e-02   4.1233775e-02   1.1066298e-01   3.5897722e-02   2.8083953e-02   4.1746860e-02   3.2001779e-02   2.8469551e-02   3.7432146e-02   4.9155266e-02   9.4790497e-02   2.6200903e-02   2.7816057e-02   3.3396538e-02   3.1843459e-02   7.7175790e-02   3.4987188e-02   3.6636295e-02   7.0708751e-02   4.3062503e-02   3.2959782e-02   4.1924257e-02   3.8361920e-02   5.9209894e-02
   3.0672111e-02   2.5509101e-02   3.9991966e-02   4.0523104e-02   2.6225164e-02   2.4694185e-02   3.9467862e-02   2.9064898e-02   2.5469952e-02   3.0254648e-02   3.9119186e-02   3.7303724e-02   2.3981709e-02   2.6152855e-02   2.4968629e-02   1.4428292e-02   4.2340935e-02   2.4907951e-02   2.5527431e-02   2.9326440e-02   2.7466486e-02   2.6115430e-02   3.5335932e-02   1.8121592e-02   4.1921136e-02
   2.6300323e-02   2.3426929e-02   3.9122289e-02   3.9564831e-02   2.4821768e-02   2.0298104e-02   3.8421483e-02   2.8835370e-02   2.4826810e-02   2.8325676e-02   3.8786143e-02   3.5202683e-02   2.0821201e-02   2.5208893e-02   1.8286894e-02   1.1675821e-02   3.9033007e-02   2.1299943e-02   2.2589808e-02   2.7430196e-02   2.6846290e-02   2.5071925e-02   3.1074615e-02   1.4330871e-02   3.7726992e-02
   2.5496034e-02   1.8799907e-02   3.7161394e-02   3.6893333e-02   2.1918980e-02   1.6105107e-02   3.6305668e-02   2.8776402e-02   2.3418070e-02   2.4153147e-02   3.8703772e-02   1.7945391e-02   1.7432091e-02   1.8557759e-02   1.6521964e-02   1.1502170e-02   2.7086183e-02   1.7270879e-02   1.8922060e-02   2.7385629e-02   2.5676098e-02   2.4561715e-02   2.8937882e-02   1.2314771e-02   2.0059821e-02
   2.5157092e-02   1.8662179e-02   2.2014264e-02   1.7860835e-02   2.0395332e-02   1.5607339e-02   1.5835300e-02   2.8736045e-02   1.6811092e-02   1.8178741e-02   3.4599524e-02   1.7342119e-02   1.5728402e-02   1.8452295e-02   1.6343780e-02   1.1480655e-02   2.6768353e-02   1.7201564e-02   1.8685434e-02   2.3282064e-02   1.9305798e-02   1.8446002e-02   2.5014484e-02   1.1884391e-02   1.9057012e-02
   1.8286507e-02   1.8639058e-02   2.0769150e-02   1.7382911e-02   1.8940248e-02   6.9407998e-03   1.5369477e-02   2.8597823e-02   1.3542344e-02   1.8103662e-02   1.8055730e-02   1.6266951e-02   8.9172915e-03   1.7646123e-02   9.7246839e-03   1.1473562e-02   1.9657080e-02   1.7195242e-02   1.7295574e-02   2.0308261e-02   1.8726635e-02   1.7587210e-02   2.4079848e-02   1.1843035e-02   1.6728997e-02
   1.8122953e-02   1.2195091e-02   2.0699602e-02   1.7300400e-02   1.1315999e-02   6.2313315e-03   1.5326055e-02   2.8025775e-02   1.3318943e-02   1.2951595e-02   1.7964670e-02   1.6196634e-02   2.6670147e-03   9.5654277e-03   9.2640726e-03   1.0569410e-02   1.8392555e-02   1.6310940e-02   9.5161039e-03   1.3911315e-02   1.1691979e-02   1.1774014e-02   2.3555292e-02   1.1836892e-02   8.7031512e-03
   1.2788349e-02   1.2180022e-02   2.0664681e-02   9.4276647e-03   5.7519938e-03   6.2035599e-03   1.4058777e-02   8.6624965e-03   6.8691737e-03   1.2630455e-02   1.7927773e-02   7.4254856e-03   1.2872534e-03   9.3795284e-03   9.2066881e-03   1.0503266e-02   1.0628551e-02   1.5888953e-02   9.3848774e-03   9.2863714e-03   1.1491129e-02   1.1756120e-02   1.4906538e-02   1.1311116e-02   8.6890555e-03
