   1.6517816e+03   3.9050789e+03   3.1160630e+03   2.4423118e+03   2.8694762e+03   2.0573134e+03   2.8354500e+03   2.2679354e+03   7.8257366e+02   7.2030576e+02   3.2356728e+03   1.2939370e+03   4.5390446e+03   3.3533554e+03   3.7589763e+03   3.2498050e+03   2.3847386e+03   2.2808982e+03   3.2981266e+03   3.5097898e+03   1.9854272e+03   2.6788136e+03   2.5637187e+03   3.8371055e+03   3.7729870e+03
   2.0080393e+05   2.0384706e+05   6.7550841e+04   1.6360935e+05   8.6562455e+04   1.2754268e+05   8.4447885e+04   1.5788782e+05   1.7722259e+05   1.3113784e+05   1.9264798e+05   2.0169828e+05   1.2121875e+05   2.0219273e+05   2.0340939e+05   1.6970018e+05   1.5813338e+05   1.8790094e+05   1.7259385e+05   1.9123123e+05   2.1832377e+05   1.2823792e+05   2.1332917e+05   1.4412076e+05   2.1303312e+05
   4.2179848e+04   4.6318164e+04   4.0986293e+04   3.3889276e+04   2.6546473e+04   8.2767304e+04   2.5006312e+04   5.0566337e+04   5.9737751e+04   2.7139490e+04   6.9610783e+04   1.0879912e+05   2.5995279e+04   4.8647834e+04   4.2507782e+04   2.9549686e+04   6.2767642e+04   3.9038836e+04   6.0363820e+04   6.7798943e+04   9.5581315e+04   4.0178248e+04   1.1819383e+05   6.0096420e+04   1.1151558e+05
   1.5957976e+03   2.6534472e+03   1.1202365e+03   1.3276096e+03   1.4548269e+03   3.1995921e+03   7.3798719e+02   2.6764695e+03   3.1201222e+03   1.4351368e+03   2.0110507e+03   1.3050249e+03   3.9647079e+02   2.0825244e+03   1.5932822e+03   1.1351315e+03   1.2292308e+03   2.4914972e+03   1.4568516e+03   3.0282957e+03   3.6043811e+03   1.3620136e+03   3.7339132e+03   2.1158194e+03   4.9274964e+03
   5.8401989e+01   7.7517866e+01   2.8693615e+01   3.5828858e+01   4.7118645e+01   5.3401735e+01   2.0946760e+01   2.7155957e+01   7.2506267e+01   2.9138676e+01   5.0574250e+01   7.5430368e+01   3.7132579e+01   3.5846968e+01   8.7808025e+01   2.3982060e+01   1.5171426e+01   4.6197079e+01   4.5334480e+01   5.6038625e+01   8.9220773e+01   8.1820802e+00   1.3768476e+02   2.9529242e+01   7.6167848e+01
   5.1273654e-01   1.1044968e+00   2.7483110e-01   2.0362506e-01   5.5104590e-01   1.1921022e+00   2.7708558e-01   9.7569057e-01   1.5563582e+00   2.4910831e-01   9.1729175e-01   7.4952938e-01   3.6015738e-01   8.4375185e-01   6.4414458e-01   1.6183474e-01   3.4686910e-01   7.1045561e-01   6.2672263e-01   9.2707174e-01   2.0572725e+00   4.0324697e-01   2.6465675e+00   7.3960736e-01   1.6344122e+00
   2.3469743e-03   7.5577845e-03   9.4633413e-04   7.2708183e-04   1.7214022e-03   3.5529058e-03   3.8910036e-04   1.7205987e-03   7.6833015e-03   1.5007310e-03   1.5446946e-03   9.4759596e-04   1.6745240e-03   1.5926334e-03   4.5223967e-03   7.4388730e-04   1.1707180e-03   3.4789765e-03   4.1919125e-03   6.9400983e-04   1.3306319e-02   5.9380430e-04   4.8041851e-03   1.6501426e-03   4.7446933e-03
   0.0000000e+00   0.0000000e+00   0.0000000e+00   0.0000000e+00   0.0000000e+00   0.0000000e+00   0.0000000e+00   0.0000000e+00   0.0000000e+00   0.0000000e+00   0.0000000e+00   0.0000000e+00   0.0000000e+00   0.0000000e+00   0.0000000e+00   0.0000000e+00   0.0000000e+00   0.0000000e+00   0.0000000e+00   0.0000000e+00   0.0000000e+00   0.0000000e+00   0.0000000e+00   0.0000000e+00   0.0000000e+00
   0.0000000e+00   0.0000000e+00   0.0000000e+00   0.0000000e+00   0.0000000e+00   0.0000000e+00   0.0000000e+00   0.0000000e+00   0.0000000e+00   0.0000000e+00   0.0000000e+00   0.0000000e+00   0.0000000e+00   0.0000000e+00   0.0000000e+00   0.0000000e+00   0.0000000e+00   0.0000000e+00   0.0000000e+00   0.0000000e+00   0.0000000e+00   0.0000000e+00   0.0000000e+00   0.0000000e+00   0.0000000e+00
   0.0000000e+00   0.0000000e+00   0.0000000e+00   0.0000000e+00   0.0000000e+00   0.0000000e+00   0.0000000e+00   0.0000000e+00   0.0000000e+00   0.0000000e+00   0.0000000e+00   0.0000000e+00   0.0000000e+00   0.0000000e+00   0.0000000e+00   0.0000000e+00   0.0000000e+00   0.0000000e+00   0.0000000e+00   0.0000000e+00   0.0000000e+00   0.0000000e+00   0.0000000e+00   0.0000000e+00   0.0000000e+00
