   2.5000000e-03   2.5000000e-03   2.5000000e-03   2.5000000e-03   2.5000000e-03   2.5000000e-03   2.5000000e-03   2.5000000e-03   2.5000000e-03   2.5000000e-03   2.5000000e-03   2.5000000e-03   2.5000000e-03   2.5000000e-03   2.5000000e-03   2.5000000e-03   2.5000000e-03   2.5000000e-03   2.5000000e-03   2.5000000e-03   2.5000000e-03   2.5000000e-03   2.5000000e-03   2.5000000e-03   2.5000000e-03
   1.3037501e-02   1.1827042e-02   9.1625707e-03   1.2169518e-02   1.3014645e-02   1.4119264e-02   1.2854955e-02   1.0371657e-02   1.3198365e-02   8.2143207e-03   1.3348158e-02   1.4837554e-02   8.1633548e-03   1.2732311e-02   1.1872699e-02   1.0870137e-02   1.3058931e-02   1.1791034e-02   1.3025597e-02   1.2226858e-02   1.3205045e-02   8.9169822e-03   1.0596108e-02   1.0645404e-02   1.3113759e-02
   1.2721536e-02   1.2720690e-02   1.2738619e-02   1.2731794e-02   1.2741615e-02   1.2734968e-02   1.2727009e-02   1.2721690e-02   1.2685831e-02   1.2734978e-02   1.2685416e-02   1.2738417e-02   1.2739263e-02   1.2724181e-02   1.2727168e-02   1.2725228e-02   1.2721701e-02   1.2684232e-02   1.2720990e-02   1.2676320e-02   1.2731870e-02   1.2766620e-02   1.2725482e-02   1.2730422e-02   1.2725201e-02
   1.2719056e-02   1.2719054e-02   1.2719062e-02   1.2719055e-02   1.2719055e-02   1.2719066e-02   1.2719056e-02   1.2719054e-02   1.2665616e-02   1.2719058e-02   1.2667279e-02   1.2719060e-02   1.2719056e-02   1.2719055e-02   1.2719054e-02   1.2719055e-02   1.2719062e-02   1.2666769e-02   1.2719055e-02   1.2665941e-02   1.2719056e-02   1.2719070e-02   1.2719055e-02   1.2719057e-02   1.2719056e-02
   1.2719054e-02   1.2719054e-02   1.2719054e-02   1.2719054e-02   1.2719054e-02   1.2719054e-02   1.2719054e-02   1.2719054e-02   1.2665249e-02   1.2719054e-02   1.2665279e-02   1.2719054e-02   1.2719054e-02   1.2719054e-02   1.2719054e-02   1.2719054e-02   1.2719054e-02   1.2665268e-02   1.2719054e-02   1.2665247e-02   1.2719054e-02   1.2719054e-02   1.2719054e-02   1.2719054e-02   1.2719054e-02
   1.2719054e-02   1.2719054e-02   1.2719054e-02   1.2719054e-02   1.2719054e-02   1.2719054e-02   1.2719054e-02   1.2719054e-02   1.2665233e-02   1.2719054e-02   1.2665233e-02   1.2719054e-02   1.2719054e-02   1.2719054e-02   1.2719054e-02   1.2719054e-02   1.2719054e-02   1.2665235e-02   1.2719054e-02   1.2665233e-02   1.2719054e-02   1.2719054e-02   1.2719054e-02   1.2719054e-02   1.2719054e-02
   1.2719054e-02   1.2719054e-02   1.2719054e-02   1.2719054e-02   1.2719054e-02   1.2719054e-02   1.2719054e-02   1.2719054e-02   1.2665233e-02   1.2719054e-02   1.2665233e-02   1.2719054e-02   1.2719054e-02   1.2719054e-02   1.2719054e-02   1.2719054e-02   1.2719054e-02   1.2665233e-02   1.2719054e-02   1.2665233e-02   1.2719054e-02   1.2719054e-02   1.2719054e-02   1.2719054e-02   1.2719054e-02
   1.2719054e-02   1.2719054e-02   1.2719054e-02   1.2719054e-02   1.2719054e-02   1.2719054e-02   1.2719054e-02   1.2719054e-02   1.2665233e-02   1.2719054e-02   1.2665233e-02   1.2719054e-02   1.2719054e-02   1.2719054e-02   1.2719054e-02   1.2719054e-02   1.2719054e-02   1.2665233e-02   1.2719054e-02   1.2665233e-02   1.2719054e-02   1.2719054e-02   1.2719054e-02   1.2719054e-02   1.2719054e-02
   1.2719054e-02   1.2719054e-02   1.2719054e-02   1.2719054e-02   1.2719054e-02   1.2719054e-02   1.2719054e-02   1.2719054e-02   1.2665233e-02   1.2719054e-02   1.2665233e-02   1.2719054e-02   1.2719054e-02   1.2719054e-02   1.2719054e-02   1.2719054e-02   1.2719054e-02   1.2665233e-02   1.2719054e-02   1.2665233e-02   1.2719054e-02   1.2719054e-02   1.2719054e-02   1.2719054e-02   1.2719054e-02
   1.2719054e-02   1.2719054e-02   1.2719054e-02   1.2719054e-02   1.2719054e-02   1.2719054e-02   1.2719054e-02   1.2719054e-02   1.2665233e-02   1.2719054e-02   1.2665233e-02   1.2719054e-02   1.2719054e-02   1.2719054e-02   1.2719054e-02   1.2719054e-02   1.2719054e-02   1.2665233e-02   1.2719054e-02   1.2665233e-02   1.2719054e-02   1.2719054e-02   1.2719054e-02   1.2719054e-02   1.2719054e-02
