   1.2733814e+00   9.3157966e-01   3.6775878e-01   1.3756131e+00   1.6313738e+00   9.9125776e-02   4.9824872e-01   5.2656113e-01   9.9300836e-01   4.8843169e-01   8.2013306e-01   4.2356111e-01   6.1367153e-01   1.2078095e+00   6.5917254e-01   6.0298749e-01   9.2762005e-01   5.7323022e-01   7.7861513e-01   2.9707313e-01   5.5323384e-01   4.2734314e-01   5.4903756e-01   2.1165427e-01   3.0577188e-01
   1.3172057e-01   3.0321220e-01   1.9098637e-01   1.8390559e-01   1.4538901e-01   1.4301238e-01   2.0220578e-01   1.7459326e-01   1.1294525e-01   1.2538923e-01   1.5138827e-01   1.2326772e-01   2.5592088e-01   1.5695476e-01   1.4686547e-01   1.9166232e-01   1.5904084e-01   1.9922375e-01   1.3138801e-01   2.4045568e-01   1.6711676e-01   2.2153745e-01   1.1821121e-01   1.6913570e-01   1.7779734e-01
   6.4359370e-02   4.7491986e-02   6.6962230e-02   6.7064202e-02   4.5517794e-02   3.7316925e-02   8.2373616e-02   5.5201002e-02   6.5873848e-02   5.3691610e-02   6.8889021e-02   4.7711369e-02   3.9623674e-02   5.5093934e-02   4.4014379e-02   5.6947679e-02   7.4215840e-02   7.4233411e-02   8.0749810e-02   5.3483507e-02   9.1968172e-02   7.4763281e-02   7.0462046e-02   5.0965731e-02   4.0554211e-02
   4.4854741e-02   4.9589792e-02   4.9374590e-02   6.0193520e-02   4.2210853e-02   3.6601924e-02   5.1383202e-02   4.5072183e-02   7.6733472e-02   4.6794555e-02   5.5902181e-02   3.6622326e-02   3.4377399e-02   3.8361414e-02   1.0544210e-01   4.1478581e-02   5.0594681e-02   5.4761743e-02   7.6013103e-02   4.4183209e-02   3.8355255e-02   4.5357706e-02   7.5295791e-02   4.5056206e-02   3.5916699e-02
   4.6372351e-02   5.2663776e-02   8.6714556e-02   2.6059398e-01   4.3313910e-02   3.8831618e-02   5.3066832e-02   4.7953329e-02   2.3374804e-01   1.4968872e-01   5.8648395e-02   3.6063891e-02   3.8796360e-02   3.9392126e-02   8.8675547e-02   4.3663313e-02   4.8430953e-02   1.1817925e-01   8.5819643e-02   4.2180612e-02   3.9261485e-02   4.5345243e-02   5.7116561e-02   3.6942494e-02   4.1278844e-02
   5.2719194e-02   6.0416163e-02   4.8591479e-02   8.4713278e-02   8.5201765e-02   9.4962245e-02   5.1840385e-02   6.0860280e-02   1.5908660e-01   1.8700960e-01   3.1812897e-01   3.7286742e-02   1.1362433e-01   4.4283215e-02   6.0635423e-02   5.2922468e-02   1.1026818e-01   5.4328537e-02   9.1245089e-02   1.3257421e-01   4.4434422e-02   6.4460392e-02   9.6241562e-02   3.5774608e-02   5.1079083e-02
   2.2400798e-01   5.3100362e-02   4.5457843e-02   7.4659510e-02   5.2960054e-02   5.0658347e-02   4.8449100e-02   4.7248819e-02   1.5542303e-01   8.1898823e-02   2.7395900e-01   3.7082172e-01   2.1753230e-01   2.2813065e-01   4.9455571e-02   5.4899598e-02   5.0661094e-02   4.9335574e-02   1.2986086e-01   5.1189836e-02   7.0702802e-02   8.3461243e-02   6.6981210e-02   2.4554427e-01   6.9136048e-02
   6.1205429e-02   4.9571247e-02   4.3745045e-02   6.8723310e-02   5.0253491e-02   4.7692973e-02   4.8075534e-02   4.6168242e-02   5.1371406e-02   5.7866387e-02   8.6119659e-02   5.2496368e-01   7.6344787e-02   8.6559714e-02   4.7346879e-02   5.1265845e-02   4.8157559e-02   4.8087378e-02   6.6532140e-02   4.9230671e-02   5.9405451e-02   5.1112495e-02   5.6415388e-02   1.9046685e-01   5.2164235e-02
   4.6668576e-02   4.9075707e-02   4.1369173e-02   6.0791775e-02   4.9889294e-02   4.6742025e-02   4.7887928e-02   4.5795151e-02   5.0224789e-02   4.9194704e-02   6.5422478e-02   5.4721419e-01   5.7082064e-02   5.6602593e-02   4.7240990e-02   4.8136728e-02   4.6840224e-02   4.7707311e-02   5.9892448e-02   4.7712631e-02   5.4325040e-02   4.7130786e-02   5.5551104e-02   1.1065817e-01   4.7962548e-02
   4.6092762e-02   4.8986422e-02   4.0363435e-02   5.1938750e-02   4.9862350e-02   4.6661284e-02   4.7351291e-02   4.5780380e-02   5.0149220e-02   4.8048267e-02   5.3665130e-02   5.5002807e-01   4.6519357e-02   5.3679208e-02   4.7187349e-02   4.6471780e-02   4.6554274e-02   4.7686833e-02   5.6214246e-02   4.7668522e-02   5.3571652e-02   4.6332335e-02   5.5517123e-02   7.8092965e-02   4.7147402e-02
