   3.4330017e+04   5.3203024e+04   5.4912009e+04   5.4761006e+04   6.4096812e+04   5.2632149e+04   5.2269561e+04   5.3939123e+04   5.0537853e+04   5.3983208e+04   5.5959907e+04   5.7459090e+04   4.9465314e+04   3.6174480e+04   3.4330017e+04   5.0460114e+04   6.8285134e+04   5.1264574e+04   5.3733044e+04   5.3780181e+04   5.3179746e+04   5.2374495e+04   5.8010688e+04   5.1674376e+04   3.4330017e+04
   6.8754474e+04   7.2256041e+04   7.3748540e+04   6.0587940e+04   6.2959168e+04   9.6298100e+04   1.0532011e+05   7.2020395e+04   7.2170038e+04   7.3052100e+04   7.7697777e+04   5.9655542e+04   7.1823560e+04   1.0550795e+05   8.4151314e+04   5.8067591e+04   6.5175284e+04   7.5314167e+04   7.6237048e+04   7.1286856e+04   8.0497020e+04   6.4524999e+04   6.4225339e+04   5.7440884e+04   9.2395810e+04
   6.7009894e+04   5.9582856e+04   6.0969739e+04   6.1590346e+04   5.9839061e+04   6.0445537e+04   6.1774331e+04   6.2092089e+04   6.0990016e+04   6.1152368e+04   6.0624823e+04   6.2409128e+04   6.0403207e+04   6.9965469e+04   6.4807396e+04   6.1581914e+04   5.9771836e+04   6.1432084e+04   6.1255504e+04   6.2483031e+04   6.2029301e+04   6.1405005e+04   6.1547398e+04   6.1235157e+04   6.8633082e+04
   5.9648439e+04   5.9427440e+04   5.8988792e+04   5.9030953e+04   5.8603410e+04   5.9616458e+04   5.9390892e+04   5.9516308e+04   5.9295656e+04   5.9061265e+04   5.8965874e+04   5.9049918e+04   5.9295970e+04   6.0114696e+04   5.9147635e+04   5.9286905e+04   5.8645712e+04   5.9382391e+04   5.9244919e+04   5.9545887e+04   5.9327173e+04   5.9110069e+04   5.9046335e+04   5.9114150e+04   5.9757589e+04
   5.8589962e+04   5.8600714e+04   5.8547617e+04   5.8537721e+04   5.8514652e+04   5.8590711e+04   5.8609898e+04   5.8601574e+04   5.8574848e+04   5.8542625e+04   5.8538993e+04   5.8558097e+04   5.8577932e+04   5.8600876e+04   5.8538245e+04   5.8576578e+04   5.8513061e+04   5.8614426e+04   5.8569402e+04   5.8613921e+04   5.8558965e+04   5.8542125e+04   5.8545922e+04   5.8543925e+04   5.8581031e+04
   5.8510096e+04   5.8508020e+04   5.8507115e+04   5.8506790e+04   5.8505667e+04   5.8507478e+04   5.8508605e+04   5.8509786e+04   5.8507669e+04   5.8506810e+04   5.8506444e+04   5.8507120e+04   5.8507132e+04   5.8510411e+04   5.8507141e+04   5.8507422e+04   5.8505734e+04   5.8508874e+04   5.8507577e+04   5.8508219e+04   5.8506319e+04   5.8506380e+04   5.8507672e+04   5.8506610e+04   5.8509606e+04
   5.8505496e+04   5.8505465e+04   5.8505463e+04   5.8505460e+04   5.8505451e+04   5.8505465e+04   5.8505471e+04   5.8505537e+04   5.8505458e+04   5.8505465e+04   5.8505454e+04   5.8505465e+04   5.8505460e+04   5.8505494e+04   5.8505474e+04   5.8505463e+04   5.8505451e+04   5.8505491e+04   5.8505475e+04   5.8505484e+04   5.8505462e+04   5.8505458e+04   5.8505483e+04   5.8505469e+04   5.8505488e+04
   5.8505450e+04   5.8505450e+04   5.8505450e+04   5.8505450e+04   5.8505450e+04   5.8505450e+04   5.8505450e+04   5.8505450e+04   5.8505450e+04   5.8505450e+04   5.8505450e+04   5.8505450e+04   5.8505450e+04   5.8505450e+04   5.8505450e+04   5.8505450e+04   5.8505450e+04   5.8505450e+04   5.8505450e+04   5.8505450e+04   5.8505450e+04   5.8505450e+04   5.8505450e+04   5.8505450e+04   5.8505450e+04
   5.8505450e+04   5.8505450e+04   5.8505450e+04   5.8505450e+04   5.8505450e+04   5.8505450e+04   5.8505450e+04   5.8505450e+04   5.8505450e+04   5.8505450e+04   5.8505450e+04   5.8505450e+04   5.8505450e+04   5.8505450e+04   5.8505450e+04   5.8505450e+04   5.8505450e+04   5.8505450e+04   5.8505450e+04   5.8505450e+04   5.8505450e+04   5.8505450e+04   5.8505450e+04   5.8505450e+04   5.8505450e+04
   5.8505450e+04   5.8505450e+04   5.8505450e+04   5.8505450e+04   5.8505450e+04   5.8505450e+04   5.8505450e+04   5.8505450e+04   5.8505450e+04   5.8505450e+04   5.8505450e+04   5.8505450e+04   5.8505450e+04   5.8505450e+04   5.8505450e+04   5.8505450e+04   5.8505450e+04   5.8505450e+04   5.8505450e+04   5.8505450e+04   5.8505450e+04   5.8505450e+04   5.8505450e+04   5.8505450e+04   5.8505450e+04
