   2.7567128e+03   2.8048115e+03   2.8041994e+03   2.8450411e+03   2.8180571e+03   2.7481728e+03   2.7953409e+03   2.7883109e+03   2.8125101e+03   2.8400098e+03   2.7626306e+03   2.7971805e+03   2.8241288e+03   2.7880781e+03   2.8367857e+03   2.8287207e+03   2.7747900e+03   2.7359666e+03   2.8041206e+03   2.8018569e+03   2.8636471e+03   2.8512568e+03   2.8061504e+03   2.7548247e+03   2.8131058e+03
   2.7435147e+03   2.7909760e+03   2.7907569e+03   2.8124665e+03   2.7982016e+03   2.7300748e+03   2.7741621e+03   2.7732146e+03   2.7888439e+03   2.8280190e+03   2.7503246e+03   2.7884754e+03   2.8050502e+03   2.7604281e+03   2.8034986e+03   2.8030426e+03   2.7645200e+03   2.7292283e+03   2.7995451e+03   2.7794785e+03   2.8332986e+03   2.8139881e+03   2.7738968e+03   2.7326674e+03   2.8004952e+03
   2.7431193e+03   2.8028193e+03   3.2251631e+03   2.8063049e+03   2.7933015e+03   2.7286596e+03   2.7675129e+03   2.7726990e+03   2.7854979e+03   2.8091818e+03   2.7930717e+03   2.7851091e+03   2.8038393e+03   2.7588275e+03   2.8040989e+03   2.8008448e+03   2.7636982e+03   2.7276218e+03   2.7996720e+03   2.7792821e+03   3.0013680e+03   2.8145286e+03   2.7730117e+03   3.2000179e+03   2.7987679e+03
   2.7618675e+03   3.1907679e+03   3.2331244e+03   2.9593533e+03   2.7927719e+03   2.7286083e+03   3.1160165e+03   3.0829033e+03   2.7850750e+03   2.8111584e+03   2.7944482e+03   2.7883772e+03   2.8037984e+03   2.8035259e+03   2.8829494e+03   3.0787349e+03   2.7636629e+03   2.7276080e+03   3.1300225e+03   3.0875893e+03   3.0100236e+03   2.8521636e+03   3.0503536e+03   3.3173857e+03   2.8002400e+03
   3.2929544e+03   3.3078211e+03   3.2325081e+03   3.0791683e+03   2.7922762e+03   2.7286078e+03   3.1159622e+03   3.1438585e+03   3.3128405e+03   3.3096222e+03   3.2826302e+03   3.3074898e+03   3.1701195e+03   3.2879828e+03   2.8779337e+03   3.0836180e+03   3.0715264e+03   3.2830729e+03   3.3217950e+03   3.0892667e+03   3.3006680e+03   2.8546627e+03   3.0594640e+03   3.3205596e+03   3.2799099e+03
   3.3389156e+03   3.3411773e+03   3.3292650e+03   3.0812012e+03   3.2868101e+03   3.0803131e+03   3.1159435e+03   3.3063486e+03   3.3382216e+03   3.3401964e+03   3.3159007e+03   3.3088253e+03   3.1948185e+03   3.3413679e+03   3.3097779e+03   3.0833887e+03   3.0802686e+03   3.3117391e+03   3.3215315e+03   3.0979950e+03   3.3330765e+03   3.0628282e+03   3.0857387e+03   3.3401673e+03   3.2794957e+03
   3.3416123e+03   3.3415987e+03   3.3311918e+03   3.0895352e+03   3.3412365e+03   3.3368291e+03   3.3117904e+03   3.3366447e+03   3.3416023e+03   3.3415436e+03   3.3416212e+03   3.3416213e+03   3.3408082e+03   3.3413888e+03   3.3412259e+03   3.3409623e+03   3.3410175e+03   3.3119248e+03   3.3412577e+03   3.3415476e+03   3.3337439e+03   3.0812354e+03   3.3066434e+03   3.3415968e+03   3.3191536e+03
   3.3416311e+03   3.3416252e+03   3.3416176e+03   3.3388251e+03   3.3416329e+03   3.3416279e+03   3.3119383e+03   3.3416109e+03   3.3416290e+03   3.3416244e+03   3.3416338e+03   3.3416337e+03   3.3416328e+03   3.3416337e+03   3.3416328e+03   3.3411471e+03   3.3415141e+03   3.3119435e+03   3.3416309e+03   3.3415459e+03   3.3415869e+03   3.0895362e+03   3.3119041e+03   3.3416328e+03   3.3194852e+03
   3.3416332e+03   3.3416338e+03   3.3416338e+03   3.3416282e+03   3.3416338e+03   3.3416331e+03   3.3119389e+03   3.3416338e+03   3.3416338e+03   3.3416338e+03   3.3416338e+03   3.3416338e+03   3.3416336e+03   3.3416335e+03   3.3416338e+03   3.3416277e+03   3.3415873e+03   3.3119435e+03   3.3416338e+03   3.3416241e+03   3.3415939e+03   3.0895419e+03   3.3416872e+03   3.3416338e+03   3.3398788e+03
   3.3416338e+03   3.3416338e+03   3.3416338e+03   3.3416339e+03   3.3416338e+03   3.3416338e+03   3.3188565e+03   3.3416338e+03   3.3416338e+03   3.3416338e+03   3.3416338e+03   3.3416338e+03   3.3416338e+03   3.3416335e+03   3.3416338e+03   3.3416338e+03   3.3416338e+03   3.3416603e+03   3.3416338e+03   3.3416333e+03   3.3416221e+03   3.1920551e+03   3.3417287e+03   3.3416338e+03   3.3416338e+03
