   7.4882494e+03   7.7217871e+03   7.7111826e+03   1.1403945e+04             Inf             Inf   7.8382897e+03   9.4597374e+03   8.5577270e+03             Inf   9.4384435e+03             Inf   9.4956623e+03   7.4212858e+03   9.0295698e+03   7.6646035e+03   9.2816734e+03   1.0845670e+04   9.9589347e+03   1.0305691e+04             Inf   8.2662117e+03   8.3686853e+03   7.6576779e+03   7.8407839e+03
   7.5781122e+03   7.5521269e+03   8.0988142e+03   9.8643215e+03   8.5830948e+03   9.0791944e+03   1.0473780e+04   1.7840023e+04   9.1411360e+03   8.9904076e+03   7.8049990e+03   1.6566715e+04   7.6907108e+03   1.3822541e+04   9.3948291e+03   1.1584966e+04   8.4469311e+03   2.1862036e+04   1.2338751e+04   7.6358244e+03   8.5564045e+03   8.6378611e+03   1.0853667e+04   1.0403357e+04   9.0605958e+03
   9.5395233e+03   7.8126408e+03   8.2304535e+03             Inf   8.5949216e+03   1.1493905e+04   7.6711896e+03   7.8061576e+03   8.3100781e+03   8.3534215e+03   7.4204744e+03   8.2626177e+03   9.2899732e+03   7.7996853e+03   9.0933285e+03   1.0014965e+04   1.1100357e+04             Inf   8.2206137e+03   1.4278574e+04   7.8417818e+03   9.5867544e+03             Inf   9.3751170e+03   9.0939202e+03
   9.0907825e+03   8.0175722e+03   8.1596534e+03   8.2651633e+03   8.7438479e+03             Inf   9.1550927e+03   8.1961008e+03   8.1059362e+03   1.1088035e+04   1.4781643e+04   1.0983260e+04   8.8949729e+03   8.3215263e+03   7.7201645e+03   7.6892807e+03   7.9502431e+03   8.5732090e+03   8.2918679e+03   7.9848640e+03             Inf   9.4023221e+03             Inf   7.7275372e+03             Inf
   7.3283421e+03   8.9095057e+03             Inf   8.2361194e+03   8.1900902e+03   7.7808633e+03   7.5420041e+03   9.3210174e+03   7.8236569e+03   9.5863316e+03   8.3724218e+03   7.2722669e+03   7.2178932e+03   1.1580138e+04   8.2492106e+03   7.7481255e+03   8.7168479e+03   8.5532958e+03   8.0626527e+03   1.4399298e+04   8.5387749e+03   8.0542408e+03   9.2657444e+03   7.4795915e+03   8.5896625e+03
   7.0490370e+03   7.0490370e+03   7.0490370e+03   7.0490370e+03   7.0490370e+03   7.0490370e+03   7.0490370e+03   7.0490370e+03   7.0490370e+03   7.0490370e+03   7.0490370e+03   7.0490370e+03   7.0490370e+03   7.0490370e+03   7.0490370e+03   7.0490370e+03   7.0490370e+03   7.0490370e+03   7.0490370e+03   7.0490370e+03   7.0490370e+03   7.0490370e+03   7.0490370e+03   7.0490370e+03   7.0490370e+03
   7.0490370e+03   7.0490370e+03   7.0490370e+03   7.0490370e+03   7.0490370e+03   7.0490370e+03   7.0490370e+03   7.0490370e+03   7.0490370e+03   7.0490370e+03   7.0490370e+03   7.0490370e+03   7.0490370e+03   7.0490370e+03   7.0490370e+03   7.0490370e+03   7.0490370e+03   7.0490370e+03   7.0490370e+03   7.0490370e+03   7.0490370e+03   7.0490370e+03   7.0490370e+03   7.0490370e+03   7.0490370e+03
   7.0490370e+03   7.0490370e+03   7.0490370e+03   7.0490370e+03   7.0490370e+03   7.0490370e+03   7.0490370e+03   7.0490370e+03   7.0490370e+03   7.0490370e+03   7.0490370e+03   7.0490370e+03   7.0490370e+03   7.0490370e+03   7.0490370e+03   7.0490370e+03   7.0490370e+03   7.0490370e+03   7.0490370e+03   7.0490370e+03   7.0490370e+03   7.0490370e+03   7.0490370e+03   7.0490370e+03   7.0490370e+03
   7.0490370e+03   7.0490370e+03   7.0490370e+03   7.0490370e+03   7.0490370e+03   7.0490370e+03   7.0490370e+03   7.0490370e+03   7.0490370e+03   7.0490370e+03   7.0490370e+03   7.0490370e+03   7.0490370e+03   7.0490370e+03   7.0490370e+03   7.0490370e+03   7.0490370e+03   7.0490370e+03   7.0490370e+03   7.0490370e+03   7.0490370e+03   7.0490370e+03   7.0490370e+03   7.0490370e+03   7.0490370e+03
   7.0490370e+03   7.0490370e+03   7.0490370e+03   7.0490370e+03   7.0490370e+03   7.0490370e+03   7.0490370e+03   7.0490370e+03   7.0490370e+03   7.0490370e+03   7.0490370e+03   7.0490370e+03   7.0490370e+03   7.0490370e+03   7.0490370e+03   7.0490370e+03   7.0490370e+03   7.0490370e+03   7.0490370e+03   7.0490370e+03   7.0490370e+03   7.0490370e+03   7.0490370e+03   7.0490370e+03   7.0490370e+03
