   2.9953582e+06   2.9861852e+06   2.9810332e+06   3.0235501e+06   3.0018379e+06   3.0148621e+06   2.9771892e+06   3.0373594e+06   2.9744372e+06   2.9752408e+06   2.9857871e+06   2.9873316e+06   3.0023950e+06   2.9918562e+06   2.9698875e+06   3.0054597e+06   2.9701163e+06   2.9921976e+06   3.0076317e+06   2.9732468e+06   3.0272460e+06   2.9696406e+06   2.9778265e+06   3.0223299e+06   2.9894180e+06
   2.9656563e+06   2.9659384e+06   2.9652869e+06   2.9653093e+06   2.9653457e+06   2.9658529e+06   2.9654274e+06   2.9653680e+06   2.9654600e+06   2.9655512e+06   2.9653507e+06   2.9651461e+06   2.9654359e+06   2.9652289e+06   2.9656965e+06   2.9653545e+06   2.9655895e+06   2.9651518e+06   2.9662628e+06   2.9659959e+06   2.9651999e+06   2.9659066e+06   2.9656121e+06   2.9660455e+06   2.9652773e+06
   2.9648988e+06   2.9648978e+06   2.9648975e+06   2.9648992e+06   2.9648978e+06   2.9648979e+06   2.9648971e+06   2.9649004e+06   2.9649016e+06   2.9648995e+06   2.9648961e+06   2.9648970e+06   2.9648968e+06   2.9648978e+06   2.9648985e+06   2.9648986e+06   2.9648989e+06   2.9649004e+06   2.9648968e+06   2.9649027e+06   2.9648967e+06   2.9648994e+06   2.9648967e+06   2.9649004e+06   2.9648977e+06
   2.9648954e+06   2.9648954e+06   2.9648954e+06   2.9648954e+06   2.9648954e+06   2.9648954e+06   2.9648954e+06   2.9648954e+06   2.9648954e+06   2.9648954e+06   2.9648954e+06   2.9648954e+06   2.9648954e+06   2.9648954e+06   2.9648954e+06   2.9648954e+06   2.9648954e+06   2.9648954e+06   2.9648954e+06   2.9648954e+06   2.9648954e+06   2.9648954e+06   2.9648954e+06   2.9648954e+06   2.9648954e+06
   2.9648954e+06   2.9648954e+06   2.9648954e+06   2.9648954e+06   2.9648954e+06   2.9648954e+06   2.9648954e+06   2.9648954e+06   2.9648954e+06   2.9648954e+06   2.9648954e+06   2.9648954e+06   2.9648954e+06   2.9648954e+06   2.9648954e+06   2.9648954e+06   2.9648954e+06   2.9648954e+06   2.9648954e+06   2.9648954e+06   2.9648954e+06   2.9648954e+06   2.9648954e+06   2.9648954e+06   2.9648954e+06
   2.9648954e+06   2.9648954e+06   2.9648954e+06   2.9648954e+06   2.9648954e+06   2.9648954e+06   2.9648954e+06   2.9648954e+06   2.9648954e+06   2.9648954e+06   2.9648954e+06   2.9648954e+06   2.9648954e+06   2.9648954e+06   2.9648954e+06   2.9648954e+06   2.9648954e+06   2.9648954e+06   2.9648954e+06   2.9648954e+06   2.9648954e+06   2.9648954e+06   2.9648954e+06   2.9648954e+06   2.9648954e+06
   2.9648954e+06   2.9648954e+06   2.9648954e+06   2.9648954e+06   2.9648954e+06   2.9648954e+06   2.9648954e+06   2.9648954e+06   2.9648954e+06   2.9648954e+06   2.9648954e+06   2.9648954e+06   2.9648954e+06   2.9648954e+06   2.9648954e+06   2.9648954e+06   2.9648954e+06   2.9648954e+06   2.9648954e+06   2.9648954e+06   2.9648954e+06   2.9648954e+06   2.9648954e+06   2.9648954e+06   2.9648954e+06
   2.9648954e+06   2.9648954e+06   2.9648954e+06   2.9648954e+06   2.9648954e+06   2.9648954e+06   2.9648954e+06   2.9648954e+06   2.9648954e+06   2.9648954e+06   2.9648954e+06   2.9648954e+06   2.9648954e+06   2.9648954e+06   2.9648954e+06   2.9648954e+06   2.9648954e+06   2.9648954e+06   2.9648954e+06   2.9648954e+06   2.9648954e+06   2.9648954e+06   2.9648954e+06   2.9648954e+06   2.9648954e+06
   2.9648954e+06   2.9648954e+06   2.9648954e+06   2.9648954e+06   2.9648954e+06   2.9648954e+06   2.9648954e+06   2.9648954e+06   2.9648954e+06   2.9648954e+06   2.9648954e+06   2.9648954e+06   2.9648954e+06   2.9648954e+06   2.9648954e+06   2.9648954e+06   2.9648954e+06   2.9648954e+06   2.9648954e+06   2.9648954e+06   2.9648954e+06   2.9648954e+06   2.9648954e+06   2.9648954e+06   2.9648954e+06
   2.9648954e+06   2.9648954e+06   2.9648954e+06   2.9648954e+06   2.9648954e+06   2.9648954e+06   2.9648954e+06   2.9648954e+06   2.9648954e+06   2.9648954e+06   2.9648954e+06   2.9648954e+06   2.9648954e+06   2.9648954e+06   2.9648954e+06   2.9648954e+06   2.9648954e+06   2.9648954e+06   2.9648954e+06   2.9648954e+06   2.9648954e+06   2.9648954e+06   2.9648954e+06   2.9648954e+06   2.9648954e+06
