  -3.2217431e+04  -3.2217431e+04  -3.2217431e+04  -3.2217431e+04  -3.2217431e+04  -3.2217431e+04  -3.2217431e+04  -3.2217431e+04  -3.2217431e+04  -3.2217431e+04  -3.2217431e+04  -3.2217431e+04  -3.2217431e+04  -3.2217431e+04  -3.2217431e+04  -3.2217431e+04  -3.2217431e+04  -3.2217431e+04  -3.2217431e+04  -3.2217431e+04  -3.2217431e+04  -3.2217431e+04  -3.2217431e+04  -3.2217431e+04  -3.2217431e+04
  -2.9470884e+04  -3.0153243e+04  -3.0139845e+04  -3.0235425e+04  -3.0049332e+04  -3.0034293e+04  -3.0084697e+04  -3.1176216e+04  -3.0171528e+04  -2.9810276e+04  -3.0096383e+04  -3.0156096e+04  -2.9682238e+04  -2.9605242e+04  -3.0233970e+04  -2.9947262e+04  -3.0538668e+04  -3.0018032e+04  -2.9492778e+04  -3.0275094e+04  -2.9880513e+04  -2.9412906e+04  -2.9842944e+04  -3.0273895e+04  -3.0059617e+04
  -3.0625629e+04  -3.0644183e+04  -3.0654652e+04  -3.0615563e+04  -3.0639031e+04  -3.0635198e+04  -3.0645468e+04  -3.0626588e+04  -3.0635336e+04  -3.0632906e+04  -3.0637322e+04  -3.0644113e+04  -3.0630990e+04  -3.0642265e+04  -3.0646649e+04  -3.0643484e+04  -3.0633816e+04  -3.0618555e+04  -3.0633783e+04  -3.0646765e+04  -3.0655011e+04  -3.0615243e+04  -3.0655552e+04  -3.0645526e+04  -3.0641027e+04
  -3.0664996e+04  -3.0665047e+04  -3.0664951e+04  -3.0664874e+04  -3.0665157e+04  -3.0664844e+04  -3.0665257e+04  -3.0663984e+04  -3.0665439e+04  -3.0664333e+04  -3.0664598e+04  -3.0665361e+04  -3.0665037e+04  -3.0664336e+04  -3.0665153e+04  -3.0665139e+04  -3.0664466e+04  -3.0664478e+04  -3.0663954e+04  -3.0665401e+04  -3.0664959e+04  -3.0664506e+04  -3.0664612e+04  -3.0664917e+04  -3.0664880e+04
  -3.0665535e+04  -3.0665535e+04  -3.0665535e+04  -3.0665534e+04  -3.0665536e+04  -3.0665537e+04  -3.0665538e+04  -3.0665530e+04  -3.0665535e+04  -3.0665532e+04  -3.0665532e+04  -3.0665535e+04  -3.0665531e+04  -3.0665532e+04  -3.0665534e+04  -3.0665535e+04  -3.0665535e+04  -3.0665534e+04  -3.0665533e+04  -3.0665534e+04  -3.0665536e+04  -3.0665520e+04  -3.0665530e+04  -3.0665536e+04  -3.0665531e+04
  -3.0665539e+04  -3.0665539e+04  -3.0665539e+04  -3.0665539e+04  -3.0665539e+04  -3.0665539e+04  -3.0665539e+04  -3.0665539e+04  -3.0665539e+04  -3.0665539e+04  -3.0665539e+04  -3.0665539e+04  -3.0665539e+04  -3.0665539e+04  -3.0665539e+04  -3.0665539e+04  -3.0665539e+04  -3.0665539e+04  -3.0665539e+04  -3.0665539e+04  -3.0665539e+04  -3.0665539e+04  -3.0665539e+04  -3.0665539e+04  -3.0665539e+04
  -3.0665539e+04  -3.0665539e+04  -3.0665539e+04  -3.0665539e+04  -3.0665539e+04  -3.0665539e+04  -3.0665539e+04  -3.0665539e+04  -3.0665539e+04  -3.0665539e+04  -3.0665539e+04  -3.0665539e+04  -3.0665539e+04  -3.0665539e+04  -3.0665539e+04  -3.0665539e+04  -3.0665539e+04  -3.0665539e+04  -3.0665539e+04  -3.0665539e+04  -3.0665539e+04  -3.0665539e+04  -3.0665539e+04  -3.0665539e+04  -3.0665539e+04
  -3.0665539e+04  -3.0665539e+04  -3.0665539e+04  -3.0665539e+04  -3.0665539e+04  -3.0665539e+04  -3.0665539e+04  -3.0665539e+04  -3.0665539e+04  -3.0665539e+04  -3.0665539e+04  -3.0665539e+04  -3.0665539e+04  -3.0665539e+04  -3.0665539e+04  -3.0665539e+04  -3.0665539e+04  -3.0665539e+04  -3.0665539e+04  -3.0665539e+04  -3.0665539e+04  -3.0665539e+04  -3.0665539e+04  -3.0665539e+04  -3.0665539e+04
  -3.0665539e+04  -3.0665539e+04  -3.0665539e+04  -3.0665539e+04  -3.0665539e+04  -3.0665539e+04  -3.0665539e+04  -3.0665539e+04  -3.0665539e+04  -3.0665539e+04  -3.0665539e+04  -3.0665539e+04  -3.0665539e+04  -3.0665539e+04  -3.0665539e+04  -3.0665539e+04  -3.0665539e+04  -3.0665539e+04  -3.0665539e+04  -3.0665539e+04  -3.0665539e+04  -3.0665539e+04  -3.0665539e+04  -3.0665539e+04  -3.0665539e+04
  -3.0665539e+04  -3.0665539e+04  -3.0665539e+04  -3.0665539e+04  -3.0665539e+04  -3.0665539e+04  -3.0665539e+04  -3.0665539e+04  -3.0665539e+04  -3.0665539e+04  -3.0665539e+04  -3.0665539e+04  -3.0665539e+04  -3.0665539e+04  -3.0665539e+04  -3.0665539e+04  -3.0665539e+04  -3.0665539e+04  -3.0665539e+04  -3.0665539e+04  -3.0665539e+04  -3.0665539e+04  -3.0665539e+04  -3.0665539e+04  -3.0665539e+04
