   6.8888115e-01   5.8024157e-01   3.9079651e-01   3.9109262e-01   9.0151295e-01   5.8046921e-01   1.0136046e+00   6.8296091e-01   8.8013491e-01   9.0408234e-01   3.7466316e-01   7.8295249e-01   4.9457387e-01   7.4828637e-01   8.6014195e-01   4.8903621e-01   5.8508659e-01   7.3926943e-01   6.5214641e-01   5.9183852e-01   1.0076730e+00   4.9612232e-01   7.2063402e-01   2.7898101e-01   8.6764393e-01
   1.8572055e-01   1.6575459e-01   1.6236042e-01   1.7705136e-01   7.2091575e-01   1.5233080e-01   8.0906080e-01   2.7086350e-01   1.9659137e-01   3.5925406e-01   1.7306670e-01   1.9127665e-01   1.4384107e-01   1.5190593e-01   1.5891734e-01   1.6950520e-01   1.4570877e-01   1.8755710e-01   1.6850100e-01   2.0512101e-01   2.9124196e-01   1.7085673e-01   1.5970786e-01   1.6684757e-01   1.2998400e-01
   1.6890288e-01   1.6169423e-01   1.3590287e-01   1.5721153e-01   3.5288800e-01   1.2698362e-01   7.9416198e-01   2.5467574e-01   1.7520523e-01   3.3594413e-01   1.4292879e-01   1.6074065e-01   1.0408476e-01   1.4124449e-01   1.4938799e-01   1.5585763e-01   1.3517845e-01   1.8410862e-01   1.5395925e-01   1.7873432e-01   2.8295934e-01   1.3901012e-01   1.3601519e-01   1.3216411e-01   1.2371406e-01
   1.6758887e-01   1.6098814e-01   1.2720861e-01   1.5290185e-01   2.8037932e-01   1.1709313e-01   7.9337540e-01   2.5260409e-01   1.7463959e-01   2.9335734e-01   1.3936151e-01   1.5930290e-01   1.0223098e-01   1.3449660e-01   1.4791874e-01   1.5509738e-01   1.3407618e-01   1.8371526e-01   1.5376779e-01   1.7811749e-01   2.8257935e-01   1.3822483e-01   1.3372508e-01   1.3099755e-01   1.2363644e-01
   1.4310358e-01   1.6092980e-01   1.2706618e-01   1.5267743e-01   2.8001269e-01   1.1689134e-01   7.9218862e-01   1.4795005e-01   1.7424034e-01   1.2056049e-01   1.3819398e-01   1.5908535e-01   1.0186893e-01   1.3434630e-01   1.4789288e-01   1.5495847e-01   1.3388251e-01   1.8346718e-01   1.2976651e-01   1.7809652e-01   2.8116513e-01   1.3806763e-01   1.3254765e-01   1.3050657e-01   1.2358600e-01
   1.4079189e-01   1.6089137e-01   1.2694189e-01   1.5226457e-01   2.2464151e-01   1.1662194e-01   7.8121498e-01   1.4558519e-01   1.4165203e-01   1.1774898e-01   1.3808465e-01   1.5876656e-01   1.0184565e-01   1.3432143e-01   1.4788486e-01   1.5470522e-01   1.3351063e-01   1.8310602e-01   1.2746097e-01   1.5255218e-01   1.4227216e-01   1.3783772e-01   1.2991494e-01   1.3021628e-01   1.0957921e-01
   1.4071983e-01   1.6083556e-01   1.2683519e-01   1.5193923e-01   1.9849150e-01   1.1628645e-01   7.6293758e-01   1.4514415e-01   1.0957039e-01   1.1753081e-01   1.3803530e-01   1.5817468e-01   9.4712682e-02   1.3422141e-01   1.4786228e-01   1.5450166e-01   1.3192603e-01   1.8297795e-01   1.2695913e-01   1.4136938e-01   1.4088218e-01   1.3770733e-01   1.2967969e-01   1.2221954e-01   1.0936143e-01
   1.4060820e-01   1.6078072e-01   1.2639660e-01   1.5165881e-01   1.1573824e-01   1.1581552e-01   7.4183958e-01   1.4481793e-01   1.0936204e-01   1.1716601e-01   1.3703797e-01   1.5723806e-01   9.3748282e-02   1.3401630e-01   1.4786181e-01   1.5427443e-01   1.2772513e-01   1.4116707e-01   1.2622382e-01   1.4135621e-01   1.4060988e-01   1.3735659e-01   1.2752954e-01   1.0954684e-01   1.0936058e-01
   1.4060765e-01   1.6069414e-01   1.2564301e-01   1.5042828e-01   1.1516195e-01   1.1498815e-01   7.4153874e-01   1.4437581e-01   1.0936054e-01   1.1573147e-01   1.3641636e-01   1.5651396e-01   9.3739154e-02   1.3401263e-01   1.4786175e-01   1.5411856e-01   1.2509508e-01   1.4061278e-01   1.2619024e-01   1.4084562e-01   1.4060743e-01   1.3667264e-01   1.2507528e-01   1.0938663e-01   1.0936054e-01
   1.4060747e-01   1.6050571e-01   1.2246038e-01   1.4062173e-01   1.1443033e-01   1.1073750e-01   7.4009198e-01   1.4382420e-01   1.0936054e-01   1.1286933e-01   1.1156604e-01   1.0936488e-01   9.3738355e-02   1.3401066e-01   1.4786170e-01   1.5149807e-01   1.2499317e-01   1.4060888e-01   1.2615329e-01   1.4060937e-01   1.4060741e-01   1.3324939e-01   1.2507451e-01   1.0937459e-01   1.0936024e-01
