   5.5882224e+01  -7.2039258e+01  -6.7786857e+01  -5.9404580e+01   4.6192564e+00   3.7364449e+01  -2.4054636e+01  -7.8404663e+01   7.6347250e+01  -4.7744654e+01  -2.5226732e+00  -4.8738007e+01  -4.1584387e+01  -5.7926449e+01  -2.2727533e+00   5.9394028e+00  -5.0298766e+01  -2.9133144e+01  -5.6758080e+01  -7.2209801e+01   3.6601604e+01  -1.5347703e+01   1.1910158e+02  -6.6539674e+01  -5.3647704e+01
   5.8244138e+01  -6.1402860e+01  -6.6484139e+01  -5.5487981e+01  -1.5134356e+01   1.7007883e+01  -4.0346537e+01  -7.8176681e+01   6.5620096e+01  -4.7373462e+01  -3.2915993e+01  -5.0334504e+01  -5.0504970e+01  -5.8600965e+01  -1.7098676e+01  -1.1341051e+01  -6.5445873e+01  -2.5095284e+01  -4.9698305e+01   7.4051130e+01  -2.5668595e+00  -3.9090964e+01   8.8586297e+01  -6.6070163e+01  -6.1153513e+01
   5.1491774e+01  -5.2760716e+01  -6.1314587e+01  -5.2741907e+01  -2.5407563e+01   8.1414941e+00  -4.4137117e+01  -2.2442107e+01   6.5331828e+01  -4.6066857e+01   2.7776087e+01  -2.2076493e+01  -5.1797929e+01  -5.3361502e+01  -2.4414868e+01  -2.7250408e+01  -6.3036079e+01  -2.7052937e+01   6.8020416e+01   4.5709998e+01  -1.0196533e+01  -4.8047943e+01   7.6201971e+01   6.6300209e+01  -4.5880274e+01
   4.9078888e+01  -4.9855512e+01  -5.9927622e+01  -5.0885178e+01   9.0915985e+01   6.6290892e+00  -4.7247822e+01   1.0124128e+02   6.5943374e+01  -4.6254605e+01   3.3413783e+01  -2.1440835e+01  -5.1281047e+01  -4.4525818e+01  -3.0254445e+01  -3.8710233e+01  -6.0169787e+01  -2.7298059e+01   6.3726153e+01   4.1043090e+01  -1.1498675e+01  -4.9682510e+01   1.2987177e+02   6.4299926e+01  -4.7577045e+01
   5.4992596e+01  -4.9970853e+01  -6.0092291e+01  -5.0881385e+01   8.8145675e+01   6.8690171e+00   9.7545365e+01   9.7713095e+01   6.3916666e+01  -4.4207911e+01   3.3627707e+01  -2.1756031e+01  -4.9468497e+01   7.6525968e+01  -3.0381382e+01  -3.9272886e+01  -6.1098896e+01  -2.6492210e+01   6.1480039e+01   1.0499100e+02   3.0622437e+01  -4.5938752e+01   1.2706577e+02   5.9603096e+01  -4.7587678e+01
   8.9155365e+01  -4.9976161e+01  -6.0045719e+01  -5.0687365e+01   7.9965353e+01   6.8008143e+00   9.2982802e+01   8.9323379e+01   6.1916305e+01  -4.3138916e+01   3.4740714e+01  -2.2234847e+01  -4.2858873e+01   7.4887606e+01   7.6938220e+01  -3.8829366e+01  -6.1595211e+01  -2.5716828e+01   6.1180989e+01   1.0406515e+02   2.0631914e+01   5.9321089e+01   1.2666701e+02   8.0952168e+01  -4.7911650e+01
   8.6927528e+01  -4.9668189e+01  -5.9417748e+01  -5.1670469e+01   7.8093531e+01   4.9884726e+00   9.2743781e+01   8.9299815e+01   6.2158888e+01  -3.7169451e+01   3.4164921e+01   6.8261843e+01  -4.5135767e+01   7.0498507e+01   9.2895472e+01  -3.8463768e+01  -6.1389678e+01  -2.5510611e+01   6.1240152e+01   1.1329618e+02   3.3642475e+01   5.9054123e+01   1.2657937e+02   8.2853165e+01  -4.7903403e+01
   9.3927721e+01  -4.9208000e+01  -5.7425744e+01   1.1338085e+02   7.8267477e+01   4.9209674e+00   9.2670621e+01   8.9206748e+01   1.0811085e+02  -3.4721484e+01   3.4047213e+01   6.7844481e+01   6.0305208e+01   7.6858001e+01   9.9434238e+01  -3.8427970e+01  -6.1478196e+01   1.2744762e+02   6.1707603e+01   1.1321775e+02   3.3980212e+01   7.7762639e+01   1.2971940e+02   8.2632141e+01  -4.7879414e+01
   9.3707849e+01  -4.8982343e+01  -5.6610215e+01   1.2412627e+02   7.9271983e+01   5.0411299e+00   9.2176321e+01   8.9369051e+01   1.0939756e+02  -3.4858931e+01   3.5445448e+01   7.0243303e+01   6.0199841e+01   7.8633998e+01   1.0194443e+02   8.8225510e+01  -5.8218683e+01   1.2882139e+02   6.1343202e+01   1.1313406e+02   3.4188666e+01   7.7596167e+01   1.3037832e+02   8.3848534e+01  -4.6814638e+01
   9.3738433e+01  -4.8339404e+01  -5.5245509e+01   1.2798163e+02   1.4099252e+02   6.1083485e+00   9.4424792e+01   1.1682881e+02   1.1055207e+02  -3.4777750e+01   3.5918312e+01   1.1909685e+02   6.1380548e+01   7.7369590e+01   1.0317425e+02   1.3513187e+02  -5.5865748e+01   1.2888410e+02   8.2161525e+01   1.1314326e+02   3.4224621e+01   8.1403962e+01   1.3125672e+02   8.4277623e+01   1.4570370e+02
