   1.5000000e+00   1.5000000e+00   1.5000000e+00   1.5000000e+00   1.5000000e+00   1.5000000e+00   1.5000000e+00   1.5000000e+00   1.5000000e+00   1.5000000e+00   1.5000000e+00   1.5000000e+00   1.5000000e+00   1.5000000e+00   1.5000000e+00   1.5000000e+00   1.5000000e+00   1.5000000e+00   1.5000000e+00   1.5000000e+00   1.5000000e+00   1.5000000e+00   1.5000000e+00   1.5000000e+00   1.5000000e+00
   3.8350132e+00   2.9023903e+00   2.7723415e+00   2.9372243e+00   2.5680513e+00   2.5924367e+00   2.9276056e+00   1.5000000e+00   2.9269658e+00   2.7578365e+00   2.7983556e+00   2.5825881e+00   2.8313766e+00   2.9273210e+00   2.8536696e+00   2.6599507e+00   2.7520073e+00   2.9907509e+00   2.9240614e+00   2.8442522e+00   2.8845034e+00   2.6329211e+00   2.8756111e+00   2.8999361e+00   2.5934065e+00
   2.5578652e+00   2.5580977e+00   2.5581143e+00   2.5586017e+00   2.5590405e+00   2.5577751e+00   2.5586300e+00   2.5583173e+00   2.5597401e+00   2.5591998e+00   2.5578504e+00   2.5578795e+00   2.5594014e+00   2.5578959e+00   2.5578020e+00   2.5580443e+00   2.5587371e+00   2.5609219e+00   2.5588154e+00   2.5592810e+00   2.5584194e+00   2.5578585e+00   2.5578656e+00   2.5582918e+00   2.5590694e+00
   2.5576549e+00   2.5576602e+00   2.5576561e+00   2.5576574e+00   2.5576556e+00   2.5576549e+00   2.5576562e+00   2.5576570e+00   2.5576666e+00   2.5576591e+00   2.5576550e+00   2.5576546e+00   2.5576591e+00   2.5576632e+00   2.5576547e+00   2.5576559e+00   2.5576567e+00   2.5576664e+00   2.5576566e+00   2.5576565e+00   2.5576555e+00   2.5576547e+00   2.5576548e+00   2.5576568e+00   2.5576551e+00
   2.5576546e+00   2.5576546e+00   2.5576546e+00   2.5576546e+00   2.5576546e+00   2.5576546e+00   2.5576546e+00   2.5576546e+00   2.5576546e+00   2.5576546e+00   2.5576546e+00   2.5576546e+00   2.5576546e+00   2.5576546e+00   2.5576546e+00   2.5576546e+00   2.5576546e+00   2.5576546e+00   2.5576546e+00   2.5576546e+00   2.5576546e+00   2.5576546e+00   2.5576546e+00   2.5576546e+00   2.5576546e+00
   2.5576546e+00   2.5576546e+00   2.5576546e+00   2.5576546e+00   2.5576546e+00   2.5576546e+00   2.5576546e+00   2.5576546e+00   2.5576546e+00   2.5576546e+00   2.5576546e+00   2.5576546e+00   2.5576546e+00   2.5576546e+00   2.5576546e+00   2.5576546e+00   2.5576546e+00   2.5576546e+00   2.5576546e+00   2.5576546e+00   2.5576546e+00   2.5576546e+00   2.5576546e+00   2.5576546e+00   2.5576546e+00
   2.5576546e+00   2.5576546e+00   2.5576546e+00   2.5576546e+00   2.5576546e+00   2.5576546e+00   2.5576546e+00   2.5576546e+00   2.5576546e+00   2.5576546e+00   2.5576546e+00   2.5576546e+00   2.5576546e+00   2.5576546e+00   2.5576546e+00   2.5576546e+00   2.5576546e+00   2.5576546e+00   2.5576546e+00   2.5576546e+00   2.5576546e+00   2.5576546e+00   2.5576546e+00   2.5576546e+00   2.5576546e+00
   2.5576546e+00   2.5576546e+00   2.5576546e+00   2.5576546e+00   2.5576546e+00   2.5576546e+00   2.5576546e+00   2.5576546e+00   2.5576546e+00   2.5576546e+00   2.5576546e+00   2.5576546e+00   2.5576546e+00   2.5576546e+00   2.5576546e+00   2.5576546e+00   2.5576546e+00   2.5576546e+00   2.5576546e+00   2.5576546e+00   2.5576546e+00   2.5576546e+00   2.5576546e+00   2.5576546e+00   2.5576546e+00
   2.5576546e+00   2.5576546e+00   2.5576546e+00   2.5576546e+00   2.5576546e+00   2.5576546e+00   2.5576546e+00   2.5576546e+00   2.5576546e+00   2.5576546e+00   2.5576546e+00   2.5576546e+00   2.5576546e+00   2.5576546e+00   2.5576546e+00   2.5576546e+00   2.5576546e+00   2.5576546e+00   2.5576546e+00   2.5576546e+00   2.5576546e+00   2.5576546e+00   2.5576546e+00   2.5576546e+00   2.5576546e+00
   2.5576546e+00   2.5576546e+00   2.5576546e+00   2.5576546e+00   2.5576546e+00   2.5576546e+00   2.5576546e+00   2.5576546e+00   2.5576546e+00   2.5576546e+00   2.5576546e+00   2.5576546e+00   2.5576546e+00   2.5576546e+00   2.5576546e+00   2.5576546e+00   2.5576546e+00   2.5576546e+00   2.5576546e+00   2.5576546e+00   2.5576546e+00   2.5576546e+00   2.5576546e+00   2.5576546e+00   2.5576546e+00
