   1.1143437e+02   3.1158070e+01   4.4541496e+01   1.4718893e+01   5.3006582e+01   3.7633123e+03   6.1019166e+01   1.3578738e+04   7.6383489e+00   4.2141472e+00   1.0620132e+01   1.5948978e+01   1.6218361e+00   7.9186490e+03   5.3489432e+00   2.1430645e+03   7.6470605e+00   1.0197056e+02   1.7225485e+01   1.1417659e+03   4.5853764e-01   1.8345255e+03   2.7171673e+04   7.7922249e+00   9.6090763e+01
   3.4602522e-01   2.2536295e-01   2.6537080e-01   2.7976770e-01   1.9225460e-01   1.6919906e-01   2.7811973e-01   3.5099911e-01   2.7152849e-01   3.3092238e-01   2.4233682e-01   2.3465451e-01   1.7782036e-01   1.3981202e-01   2.0318752e-01   1.7214337e-01   1.7937853e-01   3.2126912e-01   4.9500776e-01   2.8074191e-01   2.4051835e-01   3.2203530e-01   4.7347696e-01   1.6764293e-01   5.0622242e-01
   5.4973234e-02   4.4570197e-02   5.3137006e-02   4.6608826e-02   4.7450215e-02   4.7173274e-02   5.0627998e-02   5.0991718e-02   4.8508457e-02   4.5483466e-02   4.5808309e-02   4.2908738e-02   4.3472833e-02   4.5151423e-02   4.8274022e-02   4.4365460e-02   4.5757186e-02   4.9542134e-02   4.4673021e-02   4.5773203e-02   4.4389897e-02   4.2740998e-02   4.8295742e-02   4.7866302e-02   5.6398744e-02
   3.3862106e-02   3.2973937e-02   3.3390457e-02   3.3220811e-02   3.3059878e-02   3.3020423e-02   3.3629604e-02   3.3426574e-02   3.3348445e-02   3.3151027e-02   3.3402236e-02   3.2813377e-02   3.2783116e-02   3.3260142e-02   3.3260279e-02   3.2701772e-02   3.3188143e-02   3.3228511e-02   3.3194156e-02   3.3308974e-02   3.3280810e-02   3.3458164e-02   3.3019342e-02   3.3299600e-02   3.3709038e-02
   3.2239087e-02   3.2232637e-02   3.2229307e-02   3.2225695e-02   3.2225459e-02   3.2231827e-02   3.2233015e-02   3.2225559e-02   3.2224064e-02   3.2227888e-02   3.2226325e-02   3.2220347e-02   3.2224057e-02   3.2227071e-02   3.2228932e-02   3.2222700e-02   3.2225407e-02   3.2225130e-02   3.2226422e-02   3.2224300e-02   3.2227535e-02   3.2227992e-02   3.2230535e-02   3.2223249e-02   3.2242469e-02
   3.2213118e-02   3.2213037e-02   3.2213043e-02   3.2213034e-02   3.2213039e-02   3.2213053e-02   3.2213066e-02   3.2213036e-02   3.2213041e-02   3.2213063e-02   3.2213040e-02   3.2213022e-02   3.2213019e-02   3.2213046e-02   3.2213040e-02   3.2213030e-02   3.2213055e-02   3.2213057e-02   3.2213036e-02   3.2213019e-02   3.2213029e-02   3.2213053e-02   3.2213026e-02   3.2213033e-02   3.2213101e-02
   3.2213001e-02   3.2213001e-02   3.2213001e-02   3.2213001e-02   3.2213001e-02   3.2213001e-02   3.2213001e-02   3.2213001e-02   3.2213001e-02   3.2213001e-02   3.2213001e-02   3.2213001e-02   3.2213001e-02   3.2213001e-02   3.2213001e-02   3.2213001e-02   3.2213001e-02   3.2213001e-02   3.2213001e-02   3.2213001e-02   3.2213001e-02   3.2213001e-02   3.2213001e-02   3.2213001e-02   3.2213001e-02
   3.2213001e-02   3.2213001e-02   3.2213001e-02   3.2213001e-02   3.2213001e-02   3.2213001e-02   3.2213001e-02   3.2213001e-02   3.2213001e-02   3.2213001e-02   3.2213001e-02   3.2213001e-02   3.2213001e-02   3.2213001e-02   3.2213001e-02   3.2213001e-02   3.2213001e-02   3.2213001e-02   3.2213001e-02   3.2213001e-02   3.2213001e-02   3.2213001e-02   3.2213001e-02   3.2213001e-02   3.2213001e-02
   3.2213001e-02   3.2213001e-02   3.2213001e-02   3.2213001e-02   3.2213001e-02   3.2213001e-02   3.2213001e-02   3.2213001e-02   3.2213001e-02   3.2213001e-02   3.2213001e-02   3.2213001e-02   3.2213001e-02   3.2213001e-02   3.2213001e-02   3.2213001e-02   3.2213001e-02   3.2213001e-02   3.2213001e-02   3.2213001e-02   3.2213001e-02   3.2213001e-02   3.2213001e-02   3.2213001e-02   3.2213001e-02
   3.2213001e-02   3.2213001e-02   3.2213001e-02   3.2213001e-02   3.2213001e-02   3.2213001e-02   3.2213001e-02   3.2213001e-02   3.2213001e-02   3.2213001e-02   3.2213001e-02   3.2213001e-02   3.2213001e-02   3.2213001e-02   3.2213001e-02   3.2213001e-02   3.2213001e-02   3.2213001e-02   3.2213001e-02   3.2213001e-02   3.2213001e-02   3.2213001e-02   3.2213001e-02   3.2213001e-02   3.2213001e-02
