   3.3964399e-01   1.7119712e-01   1.5303137e-01   3.9740628e-01   8.6209110e-01   7.8817944e-01   2.4564680e-01   2.5855748e-01   3.5343977e-01   5.4017952e-01   1.9233951e-01   1.7072783e-01   4.0021484e-01   1.4427196e-01   2.5818610e-01   1.1113324e+00   4.4479689e-01   2.9485745e-01   5.3136681e-01   2.1823224e-01   3.3399471e-01   4.1723538e-01   3.5132184e-01   1.8329514e-01   5.0580282e-01
   7.9587731e-02   1.2475753e-01   1.2792501e-01   9.3780378e-02   1.2905264e-01   5.3545996e-02   8.0820693e-02   1.7862506e-01   9.8918734e-02   5.9915931e-02   1.1394239e-01   9.4627411e-02   9.6373562e-02   1.2562606e-01   8.9438442e-02   1.5359905e-01   7.5052501e-02   6.8342703e-02   2.0594118e-01   7.2943831e-02   6.3373251e-02   8.7194474e-02   7.9482027e-02   1.6697646e-01   6.8733604e-02
   4.8982179e-02   3.3256236e-02   2.8103010e-02   5.1960445e-02   2.7465549e-02   2.0411165e-02   2.3722706e-02   5.7735348e-02   2.7789397e-02   4.6028213e-02   3.7895447e-02   2.2968374e-02   2.6638778e-02   3.3897736e-02   3.7304446e-02   2.7604033e-01   2.8874445e-02   6.3468775e-02   3.4540810e-02   2.6079653e-02   3.0565993e-02   5.2852833e-02   5.4138681e-02   3.4606841e-02   2.8982749e-02
   3.2745436e-02   2.5088867e-02   2.6484325e-02   2.4758976e-02   2.4074712e-02   3.5640759e-02   2.7193432e-02   4.9441670e-02   2.4665558e-02   3.4164500e-02   2.7131159e-02   1.8542982e-02   3.7205892e-02   2.4096767e-02   3.8913746e-02   3.8472238e-01   1.9821573e-02   3.1230577e-01   2.6117019e-02   2.0005915e-02   2.4240036e-02   2.4330268e-02   3.7553038e-02   4.0021698e-01   1.9233776e-02
   2.6225803e-02   4.9093318e-02   2.9759615e-02   2.5092821e-02   2.7596096e-02   1.0454658e-01   3.0894916e-02   4.8305199e-02   2.6903755e-02   3.2863213e-02   2.7517234e-02   2.2518157e-02   7.5788594e-02   3.2809556e-02   1.2774924e-01   3.2149545e-01   1.9960439e-02   3.3936520e-01   6.7643823e-02   2.0352859e-02   2.2304684e-02   2.5105536e-02   3.9998630e-02   3.9830940e-01   3.9788548e-02
   2.7565539e-02   1.4283929e-01   3.8575206e-02   3.6877050e-02   4.3830259e-02   1.7630837e-01   4.4605090e-02   4.8173880e-02   3.5712572e-02   3.4897170e-02   2.7669050e-02   1.6886321e-01   1.3991636e-01   1.6353395e-01   1.4241618e-01   3.1618457e-01   2.8342447e-02   3.9957227e-01   1.3958174e-01   2.0292572e-02   2.8784174e-02   2.8016405e-02   4.5882773e-02   3.6801693e-01   1.5340260e-01
   2.8783636e-02   1.4188265e-01   1.3677267e-01   1.7500382e-01   5.0242340e-02   1.8500704e-01   3.8248112e-01   4.8150834e-02   3.5374813e-02   1.2113684e-01   8.0640786e-02   1.6797585e-01   1.6136765e-01   1.6273412e-01   1.4235234e-01   3.1580195e-01   2.7889042e-02   3.9911145e-01   1.4020413e-01   1.0978930e-01   1.4199484e-01   1.2531838e-01   4.7730568e-02   3.6086992e-01   1.6059656e-01
   1.2549528e-01   1.4165901e-01   1.3889913e-01   1.7251799e-01   4.3190241e-02   3.4350045e-01   3.8132846e-01   4.7744363e-02   2.0245851e-02   1.1915688e-01   1.6829479e-01   1.7907639e-01   3.3684718e-01   1.7246494e-01   3.3905399e-01   3.1574629e-01   1.6555971e-01   3.9910463e-01   1.5904152e-01   1.5336633e-01   1.4587997e-01   1.4219256e-01   4.5701917e-02   3.6003420e-01   2.0206613e-01
   1.2344782e-01   3.7128574e-01   1.3688854e-01   1.7220893e-01   5.3101401e-02   3.3475353e-01   3.8130492e-01   7.7503856e-02   2.0503218e-02   3.4111301e-01   1.6709835e-01   1.7909023e-01   2.4474981e-01   3.7360992e-01   3.3749970e-01   3.0742486e-01   1.5702490e-01   4.0726158e-01   3.6276684e-01   4.0497799e-01   3.6850479e-01   3.4582629e-01   5.1176544e-02   3.5997690e-01   3.7272560e-01
   3.4216884e-01   3.7117927e-01   1.3654173e-01   3.7295769e-01   2.2236345e-01   3.3439471e-01   3.8546236e-01   3.3405098e-01   2.3153475e-01   3.3984516e-01   1.6657205e-01   3.5777145e-01   2.4016558e-01   3.7632687e-01   3.3798846e-01   3.0679868e-01   3.7125700e-01   4.0884709e-01   3.6052142e-01   3.8134762e-01   3.6678023e-01   3.4562943e-01   3.6126463e-01   3.5610019e-01   3.7252110e-01
