   1.6032744e+03   1.6025801e+03   1.5898551e+03   1.5967524e+03   1.5927734e+03   1.6018890e+03   1.6005119e+03   1.5998502e+03   1.5907546e+03   1.6083777e+03   1.6013781e+03   1.5909753e+03   1.6111658e+03   1.6122967e+03   1.6173826e+03   1.5854813e+03   1.6084703e+03   1.6320757e+03   1.6060767e+03   1.5947543e+03   1.5938880e+03   1.5975176e+03   1.6000506e+03   1.6059687e+03   1.6072002e+03
   7.2253910e+03   6.2881015e+03   6.2789118e+03   6.2851395e+03   6.2814464e+03   6.2839027e+03   6.2863068e+03   6.2751482e+03   6.2815305e+03   6.2813648e+03   6.2791292e+03   6.2905367e+03   6.2840238e+03   3.0035013e+04   6.2823938e+03   6.2650051e+03   6.2885618e+03   6.2869758e+03   1.9802816e+04   6.2858233e+03   9.7800755e+03   7.2226538e+03   6.2807112e+03   7.2265881e+03   7.2319690e+03
   6.0611900e+03   6.0601769e+03   6.0604982e+03   6.0600401e+03   6.0606016e+03   6.0601398e+03   6.0601130e+03   6.0600439e+03   6.0606977e+03   6.0601518e+03   6.0613027e+03   6.1327753e+03   6.0600067e+03   6.0618161e+03   6.0608739e+03   6.0601933e+03   6.0604608e+03   6.0606050e+03   6.0606817e+03   6.0600544e+03   6.1477516e+03   6.0625019e+03   6.0603644e+03   6.0630849e+03   6.0606065e+03
   6.0597146e+03   6.0597146e+03   6.0597145e+03   6.0597144e+03   6.0597145e+03   6.0597145e+03   6.0597146e+03   6.0597145e+03   6.0597150e+03   6.0597146e+03   6.0597147e+03   6.0597182e+03   6.0597144e+03   6.0597153e+03   6.0597147e+03   6.0597144e+03   6.0597146e+03   6.0597145e+03   6.0597150e+03   6.0597148e+03   6.0597242e+03   6.0597152e+03   6.0597147e+03   6.0597152e+03   6.0597155e+03
   6.0597143e+03   6.0597143e+03   6.0597143e+03   6.0597143e+03   6.0597143e+03   6.0597143e+03   6.0597143e+03   6.0597143e+03   6.0597143e+03   6.0597143e+03   6.0597143e+03   6.0597143e+03   6.0597143e+03   6.0597143e+03   6.0597143e+03   6.0597143e+03   6.0597143e+03   6.0597143e+03   6.0597143e+03   6.0597143e+03   6.0597143e+03   6.0597143e+03   6.0597143e+03   6.0597143e+03   6.0597143e+03
   6.0597143e+03   6.0597143e+03   6.0597143e+03   6.0597143e+03   6.0597143e+03   6.0597143e+03   6.0597143e+03   6.0597143e+03   6.0597143e+03   6.0597143e+03   6.0597143e+03   6.0597143e+03   6.0597143e+03   6.0597143e+03   6.0597143e+03   6.0597143e+03   6.0597143e+03   6.0597143e+03   6.0597143e+03   6.0597143e+03   6.0597143e+03   6.0597143e+03   6.0597143e+03   6.0597143e+03   6.0597143e+03
   6.0597143e+03   6.0597143e+03   6.0597143e+03   6.0597143e+03   6.0597143e+03   6.0597143e+03   6.0597143e+03   6.0597143e+03   6.0597143e+03   6.0597143e+03   6.0597143e+03   6.0597143e+03   6.0597143e+03   6.0597143e+03   6.0597143e+03   6.0597143e+03   6.0597143e+03   6.0597143e+03   6.0597143e+03   6.0597143e+03   6.0597143e+03   6.0597143e+03   6.0597143e+03   6.0597143e+03   6.0597143e+03
   6.0597143e+03   6.0597143e+03   6.0597143e+03   6.0597143e+03   6.0597143e+03   6.0597143e+03   6.0597143e+03   6.0597143e+03   6.0597143e+03   6.0597143e+03   6.0597143e+03   6.0597143e+03   6.0597143e+03   6.0597143e+03   6.0597143e+03   6.0597143e+03   6.0597143e+03   6.0597143e+03   6.0597143e+03   6.0597143e+03   6.0597143e+03   6.0597143e+03   6.0597143e+03   6.0597143e+03   6.0597143e+03
   6.0597143e+03   6.0597143e+03   6.0597143e+03   6.0597143e+03   6.0597143e+03   6.0597143e+03   6.0597143e+03   6.0597143e+03   6.0597143e+03   6.0597143e+03   6.0597143e+03   6.0597143e+03   6.0597143e+03   6.0597143e+03   6.0597143e+03   6.0597143e+03   6.0597143e+03   6.0597143e+03   6.0597143e+03   6.0597143e+03   6.0597143e+03   6.0597143e+03   6.0597143e+03   6.0597143e+03   6.0597143e+03
   6.0597143e+03   6.0597143e+03   6.0597143e+03   6.0597143e+03   6.0597143e+03   6.0597143e+03   6.0597143e+03   6.0597143e+03   6.0597143e+03   6.0597143e+03   6.0597143e+03   6.0597143e+03   6.0597143e+03   6.0597143e+03   6.0597143e+03   6.0597143e+03   6.0597143e+03   6.0597143e+03   6.0597143e+03   6.0597143e+03   6.0597143e+03   6.0597143e+03   6.0597143e+03   6.0597143e+03   6.0597143e+03
