   2.8894791e+03   2.8958156e+03   2.8992837e+03   2.7153721e+03   2.8946023e+03   2.8895170e+03   2.8906246e+03   2.8981378e+03   2.8900507e+03   2.8890375e+03   2.8888284e+03   2.8920162e+03   2.8857616e+03   2.8976648e+03   2.8904630e+03   2.8930632e+03   2.9040092e+03   2.8889500e+03   2.8897316e+03   2.8955875e+03   2.8944139e+03   2.8969603e+03   2.8910168e+03   2.8905315e+03   2.9024334e+03
   3.0138584e+03   3.0081655e+03   3.0098039e+03   3.0676570e+03   3.0171935e+03   3.0350503e+03   3.0060690e+03   3.0062268e+03   3.5947097e+03   3.0168358e+03   3.3059900e+03   3.1809087e+03   5.3861476e+03   3.0054867e+03   3.0446625e+03   3.0182910e+03   3.0072771e+03   3.0391186e+03   3.0083593e+03   3.1613460e+03   3.0063916e+03   3.0078110e+03   3.0587368e+03   3.0056546e+03   2.9977463e+03
   2.9952036e+03   2.9948561e+03   2.9951760e+03   2.9978100e+03   2.9952138e+03   2.9965148e+03   2.9954953e+03   2.9948723e+03   2.9957009e+03   2.9949779e+03   2.9955540e+03   2.9961104e+03   2.9959242e+03   2.9950222e+03   2.9956595e+03   2.9948335e+03   2.9949520e+03   2.9958682e+03   2.9950164e+03   2.9951155e+03   2.9957354e+03   2.9950144e+03   2.9953608e+03   2.9951641e+03   2.9946622e+03
   2.9944481e+03   2.9944308e+03   2.9944465e+03   2.9944609e+03   2.9944343e+03   2.9944424e+03   2.9944403e+03   2.9944342e+03   2.9944459e+03   2.9944384e+03   2.9944433e+03   2.9944508e+03   2.9944429e+03   2.9944321e+03   2.9944551e+03   2.9944305e+03   2.9944442e+03   2.9944465e+03   2.9944362e+03   2.9944358e+03   2.9944414e+03   2.9944355e+03   2.9944398e+03   2.9944340e+03   2.9944290e+03
   2.9944247e+03   2.9944245e+03   2.9944245e+03   2.9944247e+03   2.9944245e+03   2.9944247e+03   2.9944246e+03   2.9944245e+03   2.9944246e+03   2.9944245e+03   2.9944246e+03   2.9944246e+03   2.9944248e+03   2.9944245e+03   2.9944247e+03   2.9944245e+03   2.9944246e+03   2.9944246e+03   2.9944246e+03   2.9944246e+03   2.9944246e+03   2.9944246e+03   2.9944246e+03   2.9944245e+03   2.9944245e+03
   2.9944245e+03   2.9944245e+03   2.9944245e+03   2.9944245e+03   2.9944245e+03   2.9944245e+03   2.9944245e+03   2.9944245e+03   2.9944245e+03   2.9944245e+03   2.9944245e+03   2.9944245e+03   2.9944245e+03   2.9944245e+03   2.9944245e+03   2.9944245e+03   2.9944245e+03   2.9944245e+03   2.9944245e+03   2.9944245e+03   2.9944245e+03   2.9944245e+03   2.9944245e+03   2.9944245e+03   2.9944245e+03
   2.9944245e+03   2.9944245e+03   2.9944245e+03   2.9944245e+03   2.9944245e+03   2.9944245e+03   2.9944245e+03   2.9944245e+03   2.9944245e+03   2.9944245e+03   2.9944245e+03   2.9944245e+03   2.9944245e+03   2.9944245e+03   2.9944245e+03   2.9944245e+03   2.9944245e+03   2.9944245e+03   2.9944245e+03   2.9944245e+03   2.9944245e+03   2.9944245e+03   2.9944245e+03   2.9944245e+03   2.9944245e+03
   2.9944245e+03   2.9944245e+03   2.9944245e+03   2.9944245e+03   2.9944245e+03   2.9944245e+03   2.9944245e+03   2.9944245e+03   2.9944245e+03   2.9944245e+03   2.9944245e+03   2.9944245e+03   2.9944245e+03   2.9944245e+03   2.9944245e+03   2.9944245e+03   2.9944245e+03   2.9944245e+03   2.9944245e+03   2.9944245e+03   2.9944245e+03   2.9944245e+03   2.9944245e+03   2.9944245e+03   2.9944245e+03
   2.9944245e+03   2.9944245e+03   2.9944245e+03   2.9944245e+03   2.9944245e+03   2.9944245e+03   2.9944245e+03   2.9944245e+03   2.9944245e+03   2.9944245e+03   2.9944245e+03   2.9944245e+03   2.9944245e+03   2.9944245e+03   2.9944245e+03   2.9944245e+03   2.9944245e+03   2.9944245e+03   2.9944245e+03   2.9944245e+03   2.9944245e+03   2.9944245e+03   2.9944245e+03   2.9944245e+03   2.9944245e+03
   2.9944245e+03   2.9944245e+03   2.9944245e+03   2.9944245e+03   2.9944245e+03   2.9944245e+03   2.9944245e+03   2.9944245e+03   2.9944245e+03   2.9944245e+03   2.9944245e+03   2.9944245e+03   2.9944245e+03   2.9944245e+03   2.9944245e+03   2.9944245e+03   2.9944245e+03   2.9944245e+03   2.9944245e+03   2.9944245e+03   2.9944245e+03   2.9944245e+03   2.9944245e+03   2.9944245e+03   2.9944245e+03
