   4.7362827e+00   5.0958402e+00   6.2482067e+00   5.3318037e+00   5.9737058e+00   5.0907121e+00   4.2169259e+00   6.4992709e+00   5.0061864e+00   3.9353191e+00   4.8643802e+00   3.7661183e+00   5.5640689e+00   4.4247867e+00   5.9967602e+00   5.9139009e+00   4.5969056e+00   4.3132684e+00   5.7074676e+00   5.8610364e+00   4.8024943e+00   5.0776500e+00   5.7107465e+00   4.4556396e+00   5.3483161e+00
   1.1888995e-01   4.4468903e-02   7.7887411e-02   4.5346851e-02   2.8939193e-01   6.1257583e-02   1.7192660e-02   1.1796401e-01   5.7909028e-02   3.9379068e-01   2.2142180e-01   8.2708619e-02   4.4306469e-02   3.3472263e-02   1.9199263e-01   6.3379122e-02   7.8563999e-02   1.3227988e-01   1.3058508e-01   5.8447922e-02   5.7789485e-02   4.0680738e-02   1.5253803e-01   1.5987437e-01   8.3080779e-02
   2.0180364e-02   2.4231072e-03   8.8492320e-03   1.0781072e-02   2.6552067e-02   1.3553483e-02   2.6077211e-03   2.4235549e-02   2.2454802e-02   1.0601682e-02   2.2841603e-02   5.0328838e-03   2.1901826e-02   1.8667686e-02   3.3050771e-02   2.0195476e-02   2.2310419e-02   2.2925054e-02   3.6970210e-03   1.6386176e-02   2.2508584e-02   2.8589886e-03   1.8954296e-02   2.4117896e-02   2.1165937e-02
   1.9909969e-04   0.0000000e+00   0.0000000e+00   0.0000000e+00   8.2876163e-03   0.0000000e+00   0.0000000e+00   1.4540860e-02   1.2929333e-02   6.0495359e-04   4.0806833e-03   5.7515437e-05   2.5548994e-03   0.0000000e+00   1.5370141e-02   0.0000000e+00   4.3274507e-03   3.5334082e-03   0.0000000e+00   0.0000000e+00   5.9423651e-03   0.0000000e+00   0.0000000e+00   0.0000000e+00   8.1091390e-05
   0.0000000e+00   0.0000000e+00   0.0000000e+00   0.0000000e+00   0.0000000e+00   0.0000000e+00   0.0000000e+00   0.0000000e+00   1.2374806e-03   0.0000000e+00   0.0000000e+00   0.0000000e+00   0.0000000e+00   0.0000000e+00   0.0000000e+00   0.0000000e+00   0.0000000e+00   0.0000000e+00   0.0000000e+00   0.0000000e+00   0.0000000e+00   0.0000000e+00   0.0000000e+00   0.0000000e+00   0.0000000e+00
   0.0000000e+00   0.0000000e+00   0.0000000e+00   0.0000000e+00   0.0000000e+00   0.0000000e+00   0.0000000e+00   0.0000000e+00   0.0000000e+00   0.0000000e+00   0.0000000e+00   0.0000000e+00   0.0000000e+00   0.0000000e+00   0.0000000e+00   0.0000000e+00   0.0000000e+00   0.0000000e+00   0.0000000e+00   0.0000000e+00   0.0000000e+00   0.0000000e+00   0.0000000e+00   0.0000000e+00   0.0000000e+00
   0.0000000e+00   0.0000000e+00   0.0000000e+00   0.0000000e+00   0.0000000e+00   0.0000000e+00   0.0000000e+00   0.0000000e+00   0.0000000e+00   0.0000000e+00   0.0000000e+00   0.0000000e+00   0.0000000e+00   0.0000000e+00   0.0000000e+00   0.0000000e+00   0.0000000e+00   0.0000000e+00   0.0000000e+00   0.0000000e+00   0.0000000e+00   0.0000000e+00   0.0000000e+00   0.0000000e+00   0.0000000e+00
   0.0000000e+00   0.0000000e+00   0.0000000e+00   0.0000000e+00   0.0000000e+00   0.0000000e+00   0.0000000e+00   0.0000000e+00   0.0000000e+00   0.0000000e+00   0.0000000e+00   0.0000000e+00   0.0000000e+00   0.0000000e+00   0.0000000e+00   0.0000000e+00   0.0000000e+00   0.0000000e+00   0.0000000e+00   0.0000000e+00   0.0000000e+00   0.0000000e+00   0.0000000e+00   0.0000000e+00   0.0000000e+00
   0.0000000e+00   0.0000000e+00   0.0000000e+00   0.0000000e+00   0.0000000e+00   0.0000000e+00   0.0000000e+00   0.0000000e+00   0.0000000e+00   0.0000000e+00   0.0000000e+00   0.0000000e+00   0.0000000e+00   0.0000000e+00   0.0000000e+00   0.0000000e+00   0.0000000e+00   0.0000000e+00   0.0000000e+00   0.0000000e+00   0.0000000e+00   0.0000000e+00   0.0000000e+00   0.0000000e+00   0.0000000e+00
   0.0000000e+00   0.0000000e+00   0.0000000e+00   0.0000000e+00   0.0000000e+00   0.0000000e+00   0.0000000e+00   0.0000000e+00   0.0000000e+00   0.0000000e+00   0.0000000e+00   0.0000000e+00   0.0000000e+00   0.0000000e+00   0.0000000e+00   0.0000000e+00   0.0000000e+00   0.0000000e+00   0.0000000e+00   0.0000000e+00   0.0000000e+00   0.0000000e+00   0.0000000e+00   0.0000000e+00   0.0000000e+00
