   5.9750000e-01   5.7000000e-01   6.0019608e-01   5.9726708e-01   6.3623239e-01   7.3500000e-01   5.7549296e-01   5.6930233e-01   6.1000000e-01   5.7556474e-01   5.7000000e-01   6.6892256e-01   6.6659574e-01   6.0054705e-01   5.4758766e-01   6.0963560e-01   5.4384615e-01   1.0823077e+00   6.4305189e-01   6.4862069e-01   5.4095238e-01   6.4191489e-01   5.7181818e-01   6.1727273e-01   5.7455696e-01
   7.6610766e-01   5.6857143e-01   6.0278832e-01   5.4394758e-01   8.7241166e-01   1.0366331e+00   6.5923077e-01   6.0428571e-01   7.1629800e-01   5.9967742e-01   5.5727106e-01   6.4754941e-01   6.1490196e-01   6.0054705e-01   6.0304348e-01   6.2014493e-01   5.7314338e-01   1.0011111e+00   6.5801941e-01   6.3727273e-01   8.9000000e-01   1.6400000e+00   6.2196172e-01   6.1727273e-01   8.7787440e-01
   7.6610766e-01   5.6857143e-01   6.1000000e-01   5.4394758e-01   7.9665717e-01   1.0366331e+00   5.8220377e-01   6.0428571e-01   7.1629800e-01   5.5666667e-01   9.0677188e-01   6.1000000e-01   6.1490196e-01   5.6098039e-01   6.0304348e-01   5.4647067e-01   7.2644880e-01   1.0011111e+00   5.7914062e-01   6.2111111e-01   8.9000000e-01   1.6400000e+00   1.0612195e+00   5.8648709e-01   7.2333333e-01
   6.5923077e-01   6.8692308e-01   6.1000000e-01   5.4394758e-01   6.4665620e-01   5.8709258e-01   5.8220377e-01   6.0428571e-01   7.1629800e-01   8.0104938e-01   9.0677188e-01   7.8285714e-01   6.1490196e-01   5.4469786e-01   6.0304348e-01   5.4647067e-01   6.8777778e-01   6.5923077e-01   5.5666667e-01   6.2111111e-01   5.5666667e-01   7.7666667e-01   1.0612195e+00   5.8648709e-01   7.2333333e-01
   6.5000000e-01   6.0434137e-01   6.1000000e-01   6.5923077e-01   6.4665620e-01   5.8709258e-01   5.8220377e-01   5.7965517e-01   6.4520924e-01   8.0104938e-01   6.9500000e-01   7.8285714e-01   6.1490196e-01   5.4469786e-01   5.6067568e-01   5.4647067e-01   6.6000000e-01   6.5923077e-01   5.5666667e-01   5.9062201e-01   5.5666667e-01   6.1068966e-01   1.0612195e+00   5.8648709e-01   7.2333333e-01
   5.5377470e-01   6.0434137e-01   5.4603989e-01   5.8439024e-01   5.5666667e-01   5.8709258e-01   6.0533333e-01   5.7965517e-01   6.2730463e-01   6.8500000e-01   5.8165242e-01   7.8285714e-01   6.1490196e-01   5.4469786e-01   5.5615385e-01   7.1572544e-01   6.0924542e-01   6.5923077e-01   5.5666667e-01   5.9062201e-01   5.5666667e-01   5.9613001e-01   1.0612195e+00   5.8648709e-01   7.2333333e-01
   5.4384615e-01   5.5666667e-01   5.4603989e-01   5.7261261e-01   5.5666667e-01   5.5666667e-01   5.5681021e-01   5.7965517e-01   5.5338624e-01   5.6109377e-01   5.3000000e-01   6.5616820e-01   5.9796394e-01   5.4469786e-01   5.5615385e-01   5.9529412e-01   5.3000000e-01   6.5923077e-01   5.3073171e-01   5.9062201e-01   5.3222222e-01   5.8816092e-01   6.9620690e-01   5.8648709e-01   6.4331551e-01
   5.4384615e-01   5.3857143e-01   5.3000000e-01   5.4888889e-01   5.2666667e-01   5.2734694e-01   5.3874693e-01   5.3648251e-01   5.3773004e-01   5.5878893e-01   5.2689550e-01   5.5666667e-01   5.5666667e-01   5.3617494e-01   5.4150327e-01   5.3888707e-01   5.3000000e-01   6.4401361e-01   5.3000000e-01   5.9062201e-01   5.2783646e-01   5.3000000e-01   5.4770053e-01   5.3647059e-01   5.3592428e-01
   5.3000000e-01   5.2734694e-01   5.2700405e-01   5.2628057e-01   5.2666667e-01   5.2700405e-01   5.2689550e-01   5.3648251e-01   5.2689550e-01   5.2576871e-01   5.2689550e-01   5.2700405e-01   5.2929600e-01   5.3000000e-01   5.3236025e-01   5.3000000e-01   5.2806452e-01   5.4095238e-01   5.2929600e-01   5.4377149e-01   5.2783646e-01   5.2734694e-01   5.4095238e-01   5.3000000e-01   5.3592428e-01
   5.2576871e-01   5.2734694e-01   5.2628057e-01   5.2628057e-01   5.2636364e-01   5.2576871e-01   5.2628057e-01   5.3000000e-01   5.2576871e-01   5.2576871e-01   5.2576871e-01   5.2628057e-01   5.2689550e-01   5.2628057e-01   5.2734694e-01   5.2689550e-01   5.2576871e-01   5.3121071e-01   5.2886447e-01   5.2734694e-01   5.2576871e-01   5.2700405e-01   5.2576871e-01   5.2689550e-01   5.2906241e-01
