   0.0000000e+00   0.0000000e+00   0.0000000e+00   0.0000000e+00   0.0000000e+00   0.0000000e+00   0.0000000e+00   0.0000000e+00   0.0000000e+00   0.0000000e+00   0.0000000e+00   0.0000000e+00   0.0000000e+00   0.0000000e+00   0.0000000e+00   0.0000000e+00   0.0000000e+00   0.0000000e+00   0.0000000e+00   0.0000000e+00   0.0000000e+00   0.0000000e+00   0.0000000e+00   0.0000000e+00   0.0000000e+00
   1.0925497e-01   9.9997126e-02   9.9989693e-02   9.2627069e-02   8.4509650e-02   2.4896345e-01   6.2498005e-02   9.9936401e-02   1.3470532e-01   4.9999420e-02   9.9968062e-02   9.8021092e-02   9.9996721e-02   9.9995038e-02   9.9965684e-02   9.9249559e-02   1.7652299e-01   9.9596648e-02   9.9822797e-02   2.5003805e-01   2.4999897e-01   9.9611318e-02   9.9686761e-02   9.9997083e-02   9.9999816e-02
   0.0000000e+00   9.9955919e-02   9.9921104e-02   0.0000000e+00   6.3594074e-03   9.4019082e-02   5.6692581e-04   9.8942331e-02   9.4688109e-02   3.0268083e-05   9.9585945e-02   7.6949621e-02   9.9967311e-02   9.9930833e-02   9.8487575e-02   9.0787592e-02   9.9917478e-02   3.1081076e-02   9.7249326e-02   9.9983668e-02   9.9479612e-02   9.3553886e-02   9.5081871e-02   9.9925638e-02   9.2018424e-02
   0.0000000e+00   9.6228182e-02   9.1770455e-02   0.0000000e+00   1.5745903e-06   4.0744124e-04   6.1444322e-08   9.2528736e-03   3.4138658e-04   1.1823470e-07   5.4840583e-02   3.0835346e-06   9.6185040e-02   9.3572264e-02   4.3583513e-03   0.0000000e+00   9.0479609e-02   2.3046254e-07   3.7678377e-04   8.0672292e-02   3.7707647e-02   1.5046695e-04   5.1964497e-04   8.9933740e-02   1.3421089e-05
   0.0000000e+00   1.6130176e-05   1.0609710e-05   0.0000000e+00   8.6473776e-10   2.9338492e-09   8.2271967e-12   1.0997489e-06   2.7896755e-09   6.1410136e-11   1.4559168e-06   5.0501705e-09   1.1543871e-05   2.8550618e-06   1.5291338e-08   0.0000000e+00   2.9611987e-06   1.7791026e-10   4.5870701e-09   2.2158051e-07   2.1508573e-07   2.9385215e-08   7.8728516e-09   2.5072111e-07   1.0301513e-08
   0.0000000e+00   8.4919582e-10   0.0000000e+00   0.0000000e+00   1.7763568e-15   1.1988928e-12   1.7763568e-15   8.0008537e-11   0.0000000e+00   0.0000000e+00   4.3984076e-12   6.2172489e-15   1.0432668e-09   6.8112257e-11   7.7871043e-13   0.0000000e+00   2.5392429e-10   6.6613381e-15   0.0000000e+00   5.4096801e-11   7.6791906e-12   4.4506991e-13   4.3883415e-13   1.5439946e-11   7.5088084e-13
   0.0000000e+00   0.0000000e+00   0.0000000e+00   0.0000000e+00   0.0000000e+00   0.0000000e+00   0.0000000e+00   0.0000000e+00   0.0000000e+00   0.0000000e+00   7.4014868e-17   0.0000000e+00   0.0000000e+00   1.4802974e-16   0.0000000e+00   0.0000000e+00   1.4802974e-16   0.0000000e+00   0.0000000e+00   7.4014868e-17   0.0000000e+00   0.0000000e+00   0.0000000e+00   0.0000000e+00   0.0000000e+00
   0.0000000e+00   0.0000000e+00   0.0000000e+00   0.0000000e+00   0.0000000e+00   0.0000000e+00   0.0000000e+00   0.0000000e+00   0.0000000e+00   0.0000000e+00   0.0000000e+00   0.0000000e+00   0.0000000e+00   0.0000000e+00   0.0000000e+00   0.0000000e+00   0.0000000e+00   0.0000000e+00   0.0000000e+00   0.0000000e+00   0.0000000e+00   0.0000000e+00   0.0000000e+00   0.0000000e+00   0.0000000e+00
   0.0000000e+00   0.0000000e+00   0.0000000e+00   0.0000000e+00   0.0000000e+00   0.0000000e+00   0.0000000e+00   0.0000000e+00   0.0000000e+00   0.0000000e+00   0.0000000e+00   0.0000000e+00   0.0000000e+00   0.0000000e+00   0.0000000e+00   0.0000000e+00   0.0000000e+00   0.0000000e+00   0.0000000e+00   0.0000000e+00   0.0000000e+00   0.0000000e+00   0.0000000e+00   0.0000000e+00   0.0000000e+00
   0.0000000e+00   0.0000000e+00   0.0000000e+00   0.0000000e+00   0.0000000e+00   0.0000000e+00   0.0000000e+00   0.0000000e+00   0.0000000e+00   0.0000000e+00   0.0000000e+00   0.0000000e+00   0.0000000e+00   0.0000000e+00   0.0000000e+00   0.0000000e+00   0.0000000e+00   0.0000000e+00   0.0000000e+00   0.0000000e+00   0.0000000e+00   0.0000000e+00   0.0000000e+00   0.0000000e+00   0.0000000e+00
