   1.1123024e+00   1.1342959e+00   1.1117448e+00   1.1143301e+00   1.1492970e+00   1.1500470e+00   1.3089394e+00   1.0957554e+00   1.1285360e+00   1.1111691e+00   1.1685673e+00   1.1134621e+00   1.1177494e+00   1.1961855e+00   1.1212191e+00   1.1285522e+00   1.1533093e+00   1.1328391e+00   1.1683529e+00   1.1079539e+00   1.1315633e+00   1.1115977e+00   1.1208192e+00   1.1030743e+00   1.1193982e+00
   1.0837752e+00   1.1000274e+00   1.0854855e+00   1.0855833e+00   1.1088519e+00   1.0917097e+00   1.1281673e+00   1.0810770e+00   1.0827079e+00   1.0781713e+00   1.1381247e+00   1.0833956e+00   1.0891549e+00   1.1094700e+00   1.0862633e+00   1.0843399e+00   1.0860676e+00   1.0829227e+00   1.0983470e+00   1.0835940e+00   1.0797116e+00   1.0842168e+00   1.0860451e+00   1.0844866e+00   1.0839715e+00
   1.0833768e+00   1.0959809e+00   1.0839854e+00   1.0840838e+00   1.0799698e+00   1.0846886e+00   1.1233651e+00   1.0806253e+00   1.0821608e+00   1.0778576e+00   1.1184880e+00   1.0827692e+00   1.0840786e+00   1.0991913e+00   1.0845473e+00   1.0839855e+00   1.0842806e+00   1.0828677e+00   1.0908410e+00   1.0830189e+00   1.0794034e+00   1.0835916e+00   1.0843082e+00   1.0836483e+00   1.0838067e+00
   1.0833691e+00   1.0953773e+00   1.0839004e+00   1.0839774e+00   1.0787181e+00   1.0842431e+00   1.1215031e+00   1.0806447e+00   1.0821491e+00   1.0782770e+00   1.1157844e+00   1.0827127e+00   1.0840306e+00   1.0938689e+00   1.0843971e+00   1.0839674e+00   1.0842569e+00   1.0828558e+00   1.0907005e+00   1.0830035e+00   1.0793933e+00   1.0835738e+00   1.0842272e+00   1.0836106e+00   1.0838054e+00
   1.0842802e+00   1.0952477e+00   1.0838981e+00   1.0839707e+00   1.0787101e+00   1.0842393e+00   1.1204436e+00   1.0843640e+00   1.0821380e+00   1.0843371e+00   1.1149840e+00   1.0827060e+00   1.0840189e+00   1.0938001e+00   1.0843749e+00   1.0839635e+00   1.0842533e+00   1.0828471e+00   1.0849282e+00   1.0830034e+00   1.0794549e+00   1.0835701e+00   1.0842023e+00   1.0835981e+00   1.0838072e+00
   1.0842966e+00   1.0949080e+00   1.0838949e+00   1.0839621e+00   1.1085587e+00   1.0842326e+00   1.1141711e+00   1.0843121e+00   1.0967568e+00   1.0842752e+00   1.1145536e+00   1.0826983e+00   1.0840186e+00   1.0937715e+00   1.0843676e+00   1.0839565e+00   1.0842433e+00   1.0828377e+00   1.0845321e+00   1.0839558e+00   1.0843411e+00   1.0835660e+00   1.0841404e+00   1.0835904e+00   1.0842993e+00
   1.0842951e+00   1.0945060e+00   1.0838924e+00   1.0839567e+00   1.1176772e+00   1.0842258e+00   1.1110219e+00   1.0842937e+00   1.0842992e+00   1.0842709e+00   1.1144459e+00   1.0826860e+00   1.0842932e+00   1.0936734e+00   1.0843515e+00   1.0839514e+00   1.0842073e+00   1.0828346e+00   1.0844775e+00   1.0842732e+00   1.0842915e+00   1.0835630e+00   1.0841369e+00   1.0838916e+00   1.0842992e+00
   1.0842990e+00   1.0940661e+00   1.0838838e+00   1.0839496e+00   1.0843028e+00   1.0842184e+00   1.1086160e+00   1.0842874e+00   1.0842990e+00   1.0842690e+00   1.1131948e+00   1.0826706e+00   1.0842987e+00   1.0935287e+00   1.0843513e+00   1.0839458e+00   1.0842142e+00   1.0843062e+00   1.0844133e+00   1.0842730e+00   1.0842991e+00   1.0835576e+00   1.0842829e+00   1.0842969e+00   1.0842991e+00
   1.0842990e+00   1.0936081e+00   1.0838732e+00   1.0839613e+00   1.0842944e+00   1.0842038e+00   1.1085107e+00   1.0842809e+00   1.0842990e+00   1.0842955e+00   1.1122237e+00   1.0826716e+00   1.0842991e+00   1.0935250e+00   1.0843512e+00   1.0839426e+00   1.0842986e+00   1.0842991e+00   1.0843657e+00   1.0842912e+00   1.0842990e+00   1.0835497e+00   1.0842991e+00   1.0842991e+00   1.0842991e+00
   1.0842990e+00   1.0926766e+00   1.0838498e+00   1.0842989e+00   1.0842960e+00   1.0842516e+00   1.1084073e+00   1.0842999e+00   1.0842990e+00   1.0842861e+00   1.1120935e+00   1.0842988e+00   1.0842999e+00   1.0935243e+00   1.0843512e+00   1.0839254e+00   1.0842992e+00   1.0842990e+00   1.0843630e+00   1.0842990e+00   1.0842990e+00   1.0835296e+00   1.0842990e+00   1.0842990e+00   1.0842999e+00
