   7.8303601e-01   9.5625578e-01   1.2802127e+00   1.2467759e+00   9.4252320e-01   1.0829763e+00   1.0211880e+00   1.1983420e+00   9.4299228e-01   1.3403785e+00   1.2553703e+00   1.3777688e+00   1.5013607e+00   9.7915259e-01   1.2534332e+00   1.0902416e+00   1.2228169e+00   1.0593839e+00   6.3575305e-01   1.1554575e+00   8.2565213e-01   9.5745002e-01   5.5111578e-01   6.4341818e-01   7.6860365e-01
   1.6755696e-01   7.0138088e-01   3.5874831e-01   3.4021254e-01   6.8094731e-01   2.3484591e-01   4.8304129e-01   1.0529486e+00   1.5399878e-01   6.7001800e-01   1.0869608e+00   1.1484186e+00   1.2849654e+00   6.8977378e-01   7.5277457e-01   2.9561036e-01   7.9815576e-01   4.7471545e-01   3.2964312e-01   8.4445886e-01   5.3287889e-01   3.1566969e-01   1.3843369e-01   2.0167708e-01   4.0222080e-01
   1.2301385e-01   6.1814805e-01   3.2328499e-01   2.0962794e-01   6.6010000e-01   1.7842112e-01   4.1929227e-01   1.0343929e+00   1.1576507e-01   2.7748963e-01   9.8965659e-01   1.1199165e+00   1.0568062e+00   5.8539020e-01   6.2183873e-01   1.6913663e-01   7.2317534e-01   4.3564938e-01   3.2099924e-01   7.1760792e-01   2.7971724e-01   2.6169780e-01   1.0834234e-01   9.1059306e-02   1.3364499e-01
   1.0792562e-01   3.5866786e-01   3.1682496e-01   1.3252422e-01   6.2256693e-01   1.4872756e-01   2.7050937e-01   1.0322009e+00   1.0132843e-01   1.3976780e-01   6.8809580e-01   1.1156013e+00   8.6658395e-01   5.7211869e-01   4.7736633e-01   1.2798618e-01   1.5104073e-01   2.3139918e-01   2.9453621e-01   7.0722171e-01   1.9441864e-01   1.5376250e-01   8.9449630e-02   8.1737088e-02   1.2126474e-01
   1.0301877e-01   2.8942061e-01   2.5397272e-01   1.1582979e-01   1.2063962e-01   1.4066942e-01   1.5704982e-01   1.0301135e+00   9.8259202e-02   1.0667095e-01   3.1073900e-01   1.1083952e+00   5.3107384e-01   5.5535800e-01   3.3849802e-01   1.2107661e-01   1.4335305e-01   2.2498704e-01   2.8657073e-01   6.4887974e-01   1.8903950e-01   1.3562042e-01   8.5259827e-02   7.9077360e-02   1.2048355e-01
   8.1444437e-02   2.5253754e-01   1.5571619e-01   1.1229975e-01   1.1292148e-01   1.3559025e-01   1.5050904e-01   1.0293731e+00   9.7289012e-02   1.0458577e-01   2.9571951e-01   1.0270154e+00   5.2476449e-01   2.5251615e-01   3.3714514e-01   1.2035613e-01   1.3889842e-01   2.0636866e-01   2.5750601e-01   4.1356800e-01   1.4078752e-01   1.2995041e-01   8.2632518e-02   7.7948097e-02   1.1964139e-01
   7.6175961e-02   2.4941083e-01   1.5083639e-01   1.0726826e-01   1.1171601e-01   1.3521821e-01   1.4986080e-01   9.7562874e-01   9.6074556e-02   1.0433045e-01   2.6292963e-01   1.0165197e+00   5.2004773e-01   2.4134263e-01   3.3682794e-01   1.1991622e-01   1.2858962e-01   2.0328053e-01   1.2156752e-01   3.9462658e-01   1.3408584e-01   7.9052038e-02   7.8051949e-02   7.6512221e-02   1.1932886e-01
   7.5003550e-02   2.4889608e-01   1.4928325e-01   1.0546721e-01   1.0787491e-01   1.3216235e-01   1.4980377e-01   8.9816023e-01   9.3353930e-02   7.9978144e-02   1.4784690e-01   1.0160103e+00   5.1888151e-01   2.3600112e-01   3.3637453e-01   1.1726431e-01   1.2007724e-01   1.9804644e-01   1.1403277e-01   2.2568409e-01   1.3375276e-01   7.8308043e-02   7.5169876e-02   7.4963055e-02   1.1526502e-01
   7.4782695e-02   2.3395483e-01   1.4927313e-01   1.0433536e-01   1.0755844e-01   1.3130699e-01   1.2261117e-01   8.8664367e-01   9.1065842e-02   7.8815865e-02   9.9797163e-02   1.0109351e+00   5.1739469e-01   2.3461057e-01   3.3269841e-01   1.1644153e-01   1.1940514e-01   1.9549127e-01   1.1255220e-01   1.0374082e-01   1.3008541e-01   7.7878476e-02   7.5030905e-02   7.4604375e-02   1.0343385e-01
   7.4679674e-02   2.1804437e-01   1.1445803e-01   1.0432601e-01   1.0755633e-01   1.2730203e-01   1.2159665e-01   7.2658075e-01   8.7033268e-02   7.8790167e-02   8.6817613e-02   7.6252998e-01   5.1155333e-01   1.6750969e-01   2.2090628e-01   1.1528663e-01   8.0315848e-02   1.8373188e-01   9.7552036e-02   1.0123956e-01   1.2953311e-01   6.2106425e-02   7.5026602e-02   7.3024640e-02   1.0067337e-01
