   2.4437771e+03   2.2680830e+03   2.2578883e+03   1.7566694e+03   1.9233146e+03   2.0960684e+03   1.7300558e+03   2.1761622e+03   2.4347824e+03   1.4705671e+03   1.9743734e+03   2.1941248e+03   2.4601312e+03   2.1670734e+03   2.0773874e+03   1.8152374e+03   2.5600679e+03   2.3159960e+03   1.9924296e+03   1.9721687e+03   2.0561873e+03   2.1500010e+03   2.5918588e+03   1.9227541e+03   1.9400162e+03
   2.2722771e+03   2.1272729e+03   2.0952558e+03   1.6466021e+03   1.8352822e+03   2.0129002e+03   1.8374173e+03   2.1035738e+03   2.1411601e+03   1.6056543e+03   1.8650018e+03   1.9621311e+03   2.3380334e+03   2.0252063e+03   1.9530476e+03   1.7623637e+03   2.3812206e+03   2.2020437e+03   1.7960000e+03   1.8509128e+03   1.9319453e+03   2.0461508e+03   2.0564189e+03   1.8236301e+03   1.7628682e+03
   2.1163121e+03   2.0586604e+03   1.9469674e+03   1.6221054e+03   1.7688047e+03   1.9345264e+03   1.7862440e+03   2.0446336e+03   2.0164916e+03   1.5878658e+03   1.8012398e+03   1.8514234e+03   2.2569504e+03   1.8876050e+03   1.8899575e+03   1.7078706e+03   2.2020610e+03   2.0683580e+03   1.6941206e+03   1.7970395e+03   1.8499973e+03   1.9367208e+03   1.9200407e+03   1.7510552e+03   1.7123668e+03
   2.0284363e+03   1.9909529e+03   1.8536575e+03   1.6161167e+03   1.7468371e+03   1.8226342e+03   1.7597343e+03   1.9600775e+03   1.9201989e+03   1.5943257e+03   1.7116782e+03   1.7699268e+03   2.1886554e+03   1.8116451e+03   1.8489070e+03   1.6575902e+03   2.0963446e+03   1.9944507e+03   1.6707575e+03   1.7212945e+03   1.7772446e+03   1.8831353e+03   1.8473680e+03   1.7114414e+03   1.6771383e+03
   1.9164057e+03   1.9499060e+03   1.7969800e+03   1.6406708e+03   1.7204973e+03   1.7777597e+03   1.7273510e+03   1.8504623e+03   1.8746951e+03   1.9578320e+03   1.6816032e+03   1.7127799e+03   2.1315324e+03   1.7576993e+03   1.8254005e+03   1.6363664e+03   1.9414517e+03   1.9434981e+03   1.6432666e+03   1.6701046e+03   1.7539405e+03   1.8160159e+03   1.7927218e+03   1.6703714e+03   1.6404891e+03
   1.8938522e+03   1.8863743e+03   1.7706494e+03   1.6760164e+03   1.9800764e+03   1.7659669e+03   1.7103654e+03   1.8233375e+03   1.8288289e+03   1.9504292e+03   1.6625091e+03   1.6823415e+03   2.0983185e+03   1.7372097e+03   1.9612858e+03   1.8383286e+03   1.8963070e+03   1.8663763e+03   1.9588571e+03   1.7763457e+03   1.7421651e+03   1.7808601e+03   1.7893766e+03   1.9858053e+03   1.9764973e+03
   1.9628789e+03   1.8517830e+03   1.7268046e+03   1.9611984e+03   1.9615971e+03   1.7720103e+03   1.7220432e+03   1.8971759e+03   1.7970108e+03   1.9572056e+03   1.9167820e+03   1.6728737e+03   2.0321637e+03   1.6858043e+03   1.9599809e+03   1.8261442e+03   1.9526040e+03   1.8410116e+03   1.9573435e+03   1.9728208e+03   2.0731342e+03   1.9498470e+03   1.8479027e+03   1.9718195e+03   1.9430894e+03
   1.9660267e+03   1.9401128e+03   1.9696077e+03   1.9587600e+03   1.9719402e+03   1.9687256e+03   1.9471624e+03   1.9486240e+03   1.9596215e+03   2.2369419e+03   1.9574761e+03   2.3623165e+03   2.5373822e+03   1.9808454e+03   2.2172763e+03   2.0300705e+03   1.9795465e+03   1.9689543e+03   1.9619991e+03   2.3520572e+03   1.9662957e+03   1.9646303e+03   2.0062337e+03   1.9632972e+03   1.9587949e+03
   1.9882140e+03   1.9835872e+03   2.2058715e+03   2.7103920e+03   2.3471064e+03   1.9695899e+03   1.9698480e+03   1.9640521e+03   2.1326530e+03   2.2062768e+03   1.9584014e+03   2.4410380e+03   2.7604890e+03   1.9644741e+03   2.9291875e+03   2.0090913e+03   2.6264187e+03   2.2579599e+03   2.2407125e+03   2.4182135e+03   1.9625100e+03   1.9571289e+03   1.9718716e+03   1.9593785e+03   2.1994233e+03
   2.5247060e+03   2.6490027e+03   2.2104006e+03   2.6466373e+03   2.2102748e+03   1.9626680e+03   2.4342910e+03   2.4934197e+03   2.1350888e+03   2.2132383e+03   2.2459388e+03   2.6668428e+03   2.7430915e+03   1.9675105e+03   2.7297734e+03   2.1954385e+03   2.6515300e+03   2.6003699e+03   3.2411075e+03   2.4706769e+03   1.9657712e+03   2.6523819e+03   2.3570455e+03   3.5415232e+03   2.2066172e+03
