   2.2245453e+00   1.1555803e+01   9.1439511e+00   1.2003718e+01   9.0351090e+00   9.1247717e+00   9.4283527e+00   2.6623573e+00   9.1570740e+00   1.8310812e+00   1.1600013e+01   9.1105771e+00   1.1970939e+00   9.9114025e+00   1.1596835e+01   9.3619809e+00   1.9716663e+00   1.1994276e+01   9.1081798e+00   8.9920237e+00   1.1246232e+01   1.1350405e+01   8.8465391e+00   1.1185689e+01   1.1217615e+01
   1.7604542e+00   1.1242086e+01   8.6992041e+00   8.8088829e+00   8.6234192e+00   8.5377116e+00   8.9349378e+00   1.9780009e+00   8.7254945e+00   1.4140994e+00   1.1316747e+01   8.8683315e+00   6.7000033e-01   9.1133444e+00   1.0863226e+01   8.8628786e+00   1.6384782e+00   1.1247194e+01   8.7240971e+00   6.2937291e+00   1.0509763e+01   1.1008744e+01   8.5963489e+00   1.1117461e+01   1.0852225e+01
   1.6624312e+00   1.1120662e+01   8.6029367e+00   8.7102743e+00   8.5206839e+00   8.5049099e+00   8.6182006e+00   1.7266023e+00   5.2764240e-01   1.3107238e+00   1.1111726e+01   8.6649230e+00   6.0759582e-01   8.9231433e+00   1.0831200e+01   8.7529933e+00   1.4497907e+00   1.1186956e+01   4.6732293e-01   4.1850595e-01   1.0360854e+01   1.0939228e+01   8.5555251e+00   1.1086365e+01   1.0692872e+01
   1.6117387e+00   1.1093800e+01   1.9677083e+00   8.6809628e+00   8.5060709e+00   8.4908768e+00   8.5547396e+00   1.5959438e+00   4.5214979e-01   1.1431760e+00   1.0928261e+01   4.0717030e-01   5.3708689e-01   8.7829487e+00   1.0805583e+01   8.7436476e+00   1.4087142e+00   1.1148142e+01   3.6446251e-01   3.9140782e-01   1.0307289e+01   1.0929010e+01   8.5276122e+00   1.1064751e+01   1.0008821e+01
   1.5642395e+00   1.1031603e+01   3.5157178e-01   8.6080762e+00   8.4940091e+00   8.4785342e+00   8.5296929e+00   1.5570558e+00   4.0513354e-01   1.0849171e+00   1.0887878e+01   3.4524512e-01   5.0538775e-01   8.6898981e+00   1.0761013e+01   8.7287697e+00   1.3854737e+00   1.1106702e+01   2.4295879e-01   3.7719863e-01   1.0286322e+01   1.0914251e+01   8.5136557e+00   1.0738103e+01   1.9118944e+00
   1.5305922e+00   1.1016040e+01   3.1026760e-01   8.5616597e+00   8.4835546e+00   8.4740475e+00   8.5236195e+00   1.5326474e+00   4.0194252e-01   1.0659479e+00   1.0884410e+01   3.1875689e-01   4.9568357e-01   2.3228906e+00   1.0745144e+01   8.7043171e+00   1.3455791e+00   1.1044237e+01   2.1700159e-01   3.4838924e-01   1.0270100e+01   1.0910328e+01   6.3529068e+00   3.8322810e+00   1.8898868e+00
   1.5054126e+00   1.0886605e+01   3.0785652e-01   8.5461807e+00   2.9582545e-01   8.4705796e+00   8.5189011e+00   1.5191719e+00   3.8361258e-01   1.0097069e+00   1.0877636e+01   3.0444672e-01   4.8201988e-01   1.1688501e+00   1.0733250e+01   8.6989758e+00   1.3334764e+00   1.1031087e+01   1.9144688e-01   3.4446356e-01   1.0261119e+01   4.2992490e+00   2.9181396e-01   3.4012359e+00   1.8193607e+00
   1.4958282e+00   1.0855897e+01   3.0684156e-01   8.5398043e+00   2.8296762e-01   8.4691726e+00   8.5093701e+00   1.5064062e+00   3.4841944e-01   9.9787473e-01   1.0860552e+01   2.9744689e-01   4.8069943e-01   1.1561745e+00   1.0729049e+01   8.6912592e+00   1.3263652e+00   1.1025457e+01   1.7927063e-01   3.0830801e-01   1.0259351e+01   3.3077779e+00   2.8089612e-01   3.3311837e+00   1.7951745e+00
   1.4928939e+00   1.0830222e+01   3.0467823e-01   8.5321031e+00   2.8093798e-01   8.4669422e+00   8.4821735e+00   1.4638299e+00   3.4491697e-01   9.8300087e-01   5.5731215e+00   2.9386995e-01   4.7571839e-01   6.3188779e-01   1.0706467e+01   3.5661769e+00   1.3173513e+00   1.1020910e+01   1.7415008e-01   3.0246358e-01   5.8357141e+00   2.0167479e+00   2.8040152e-01   3.1328870e+00   1.7928235e+00
   1.3531872e+00   1.0823506e+01   3.0436195e-01   8.5190581e+00   2.8065068e-01   3.4806107e+00   1.0317876e+00   7.0373372e-01   3.3346238e-01   9.8222587e-01   4.2170338e+00   2.9286780e-01   4.7309352e-01   5.1439905e-01   9.3333546e+00   2.4312251e+00   1.2523863e+00   1.1015976e+01   1.7279162e-01   3.0138052e-01   4.8624495e+00   1.9756265e+00   2.7496152e-01   2.8617148e+00   1.7913407e+00
