  -1.4412036e+01  -1.3854259e+01  -1.5289640e+01  -1.9329186e+01  -1.7861218e+01  -5.2160616e+00  -1.1541532e+01  -1.7319976e+01  -8.7040073e+00  -1.4349301e+01  -1.1364793e+01  -1.1535277e+01  -1.7021438e+01  -1.5221930e+01  -1.7322021e+01  -1.8103104e+01  -4.2892167e+00  -1.9454592e+01  -1.7182046e+01  -1.5803301e+01  -1.3635240e+01  -1.2443060e+01  -1.7084875e+01  -1.2304562e+01  -1.6237754e+01
  -1.4347826e+01  -1.5137908e+01  -1.5079308e+01  -1.8455851e+01  -6.9462502e-01  -5.9332388e+00  -5.4186676e+00  -1.8074840e+01  -7.0065614e+00   2.1791499e+00  -9.3945524e+00  -1.1834562e+01  -1.7761033e+01  -1.6135800e+01  -1.2444516e+01  -5.6024142e+00  -5.1036045e+00  -4.3000173e+00  -1.3064224e+01  -1.3560702e+01  -1.5063766e+01  -1.2305993e+01  -1.7302952e+01  -1.2382210e+01  -1.5200245e+01
  -1.4418362e+01  -1.4869280e+01  -1.2451934e+01  -1.8390240e+01  -1.5680211e+00  -5.9450865e+00  -5.1872867e+00  -1.7946703e+01  -7.0769198e+00  -1.4005765e+00  -8.5987381e+00  -1.1360311e+01  -1.7440579e+01  -1.5885256e+01  -1.2140599e+01  -7.1686213e+00  -5.5229105e+00  -4.2063435e+00  -1.2753529e+01  -1.2996874e+01  -1.4910315e+01  -1.1723453e+01  -1.6826031e+01  -1.1846063e+01  -1.4066418e+01
  -1.3663731e+01  -1.4733734e+01  -5.9146066e+00  -1.7472092e+01  -8.2551879e-01  -5.9989419e+00  -4.4155549e+00  -1.7360081e+01  -7.0577325e+00  -1.1257454e+00  -7.1149844e+00  -1.0623941e+01  -1.6703923e+01  -1.6828758e+01  -1.2793457e+01  -7.4046991e+00  -5.4902582e+00  -3.7064576e+00  -1.2408106e+01  -1.3885576e+01  -1.4750469e+01  -1.1833351e+01  -1.4798515e+01  -1.1962820e+01  -1.3855802e+01
  -1.3648612e+01  -1.4747093e+01  -6.3926082e+00  -8.2865556e+00  -7.6232892e-01  -6.0829985e+00  -4.3416818e+00  -1.7394573e+01  -7.1037319e+00  -4.2634169e-01  -4.5977396e+00  -8.7532390e+00  -1.5733739e+01  -9.7247177e+00  -1.1703110e+01  -7.2497611e+00  -5.5805407e+00  -1.7704864e+00  -1.2435422e+01  -1.4334130e+01  -1.4764080e+01  -1.0694939e+01  -1.4588192e+01   2.7228341e+00  -4.3332194e+00
  -1.2806885e+01  -1.4778346e+01  -6.2747381e+00  -3.1883461e+00   1.6064138e+00  -5.6866596e+00   1.9375131e-01  -1.7410714e+01  -7.3312341e+00   3.8676435e+00  -2.6704549e+00  -8.5831233e+00  -1.5710775e+01  -1.2271916e+01  -1.1649289e+01  -6.1435526e+00  -5.5893345e+00  -1.9197430e+00   1.6393026e-01  -7.1463005e-01  -1.4413811e+01  -1.0768114e+01  -1.4017795e+01   1.5614053e+00  -4.3513102e+00
  -1.1958839e+01  -1.4379390e+01  -6.0096682e+00  -2.9888237e+00   1.0047345e+00  -8.4053511e-01   4.9290484e-01  -1.8893095e+00  -3.0290300e+00   4.4638473e+00  -3.6586326e-01  -2.2174127e-01  -1.4878941e+01  -1.2316301e+01  -1.1917577e+00  -5.8800387e+00  -5.5748307e+00  -1.1149333e+00   1.4239037e-01  -6.6226650e-01  -1.9168548e+00  -1.0728779e+01  -1.3938094e+01   2.2361052e+00  -4.2638476e+00
  -1.1409951e+00  -1.4406623e+01  -5.6244992e+00   6.5733480e-01   1.0620178e+00   2.6753617e-01   1.1284268e+00  -2.2466297e+00  -2.9454413e+00   4.5047274e+00  -3.0254904e-01   6.1257277e-01  -3.6780295e+00  -2.9046826e+00   7.7145565e-02  -2.1228474e+00   7.2140416e-01  -1.0553822e+00   2.1171203e+00  -7.5136195e-01  -1.7660636e+00   2.4314320e+00  -8.8495596e-01   2.6825833e+00  -2.8660076e+00
   8.8699016e-01  -1.4403834e+01   2.2628208e+00   1.3211388e+00   1.4934019e+00   5.4152511e-01   2.1326750e+00  -6.8687958e-01  -2.9413992e+00   4.5030257e+00   2.7098563e+00   8.0308674e-01   8.8775757e-01  -2.4953562e+00   1.4597858e+00  -2.0739940e+00   1.0466966e+00   7.2067984e-03   2.3253022e+00  -3.0267199e-01  -3.0031716e-01   2.4206861e+00  -5.9231857e-01   3.9264024e+00  -1.9414755e+00
   2.9252986e+00  -1.3614439e+01   3.2184964e+00   1.4408971e+00   3.1247512e+00   5.5280864e-01   2.3316031e+00   4.8370598e-01   3.4167979e+00   4.5033949e+00   2.9387762e+00   1.7858667e+00   1.5932392e+00  -2.3326504e+00   2.0883406e+00  -2.0255601e+00   1.6803189e+00   3.6137550e+00   2.5954728e+00   2.5228928e-01   1.0355461e-01   2.4900256e+00  -2.0076385e-01   4.5562058e+00   9.7355203e-01
