   4.1210287e+03   6.5258434e+03   3.9972636e+03   3.3761187e+03   5.3507128e+03   4.6667548e+03   4.1728091e+03   3.8221794e+03   5.0799507e+03   5.7927296e+03   3.6870435e+03   3.7374447e+03   4.7780728e+03   4.0967461e+03   4.9971032e+03   3.7201922e+03   5.5705322e+03   5.0894905e+03   4.0457203e+03   4.0139801e+03   3.0774872e+03   4.0710409e+03   4.4205387e+03   3.5111171e+03   4.9991238e+03
   3.3626354e+03   6.7183999e+03   3.5086447e+03   3.0648122e+03   4.8073631e+03   4.8974886e+03   3.2649825e+03   2.9109788e+03   5.3429198e+03   4.6163035e+03   3.4176957e+03   3.8626610e+03   4.0507030e+03   3.8447076e+03   3.9973783e+03   2.7707775e+03   5.2159223e+03   4.3806368e+03   3.8501153e+03   3.3328032e+03   2.9412838e+03   3.7242874e+03   3.8856744e+03   3.1878080e+03   4.0701935e+03
   3.3511754e+03   6.6444135e+03   3.4533595e+03   3.3728828e+03   4.7937411e+03   4.9623906e+03   3.2166111e+03   2.9079875e+03   5.3009575e+03   4.4135941e+03   3.3272497e+03   3.7647036e+03   3.2137281e+03   3.7858833e+03   3.8398757e+03   2.9409551e+03   5.1723455e+03   4.1142615e+03   3.8318107e+03   3.1806913e+03   8.7765817e+03   6.4327446e+03   3.8136069e+03   3.1627720e+03   3.8791771e+03
   3.3601703e+03   6.5402040e+03   6.4040820e+03   6.4265855e+03   4.7623299e+03   4.9339387e+03   3.3599520e+03   2.9389985e+03   5.3302301e+03   4.3531100e+03   3.3606890e+03   6.4103598e+03   6.5335610e+03   6.4000251e+03   3.7875844e+03   3.3605371e+03   6.3559974e+03   4.0698341e+03   6.3997528e+03   3.3611452e+03   8.1296542e+03   6.3716105e+03   6.4107906e+03   6.6150320e+03   6.5065637e+03
   6.3271741e+03   6.4175959e+03   6.3461783e+03   6.3692631e+03   6.3412010e+03   6.3438382e+03   3.3601624e+03   6.4412491e+03   6.3234540e+03   6.4616396e+03   6.3433896e+03   6.3487922e+03   6.4503616e+03   6.3965800e+03   6.3552033e+03   3.3602431e+03   6.3389736e+03   6.4320766e+03   6.3663058e+03   3.4358863e+03   7.9111693e+03   6.3575937e+03   6.3526899e+03   6.4795305e+03   6.3690173e+03
   6.3175460e+03   6.3908770e+03   6.3448692e+03   6.3958685e+03   6.3410248e+03   6.3387364e+03   6.3212797e+03   6.3993294e+03   6.4077037e+03   6.3976383e+03   6.3165298e+03   6.3974856e+03   6.3780897e+03   9.4362726e+03   6.3512868e+03   6.4001696e+03   6.3389434e+03   6.3843517e+03   9.6610823e+03   6.6252994e+03   7.7385670e+03   6.3978817e+03   6.3509086e+03   6.3936040e+03   6.3978018e+03
   6.4053060e+03   9.1638852e+03   6.4017831e+03   8.6075720e+03   6.3979576e+03   6.4037446e+03   6.4084002e+03   8.9199578e+03   6.4193800e+03   7.3054615e+03   6.3988612e+03   9.7116551e+03   6.4221752e+03   9.3519058e+03   6.4080397e+03   6.3846632e+03   6.4835420e+03   6.4696782e+03   9.3222147e+03   6.4485200e+03   9.3189978e+03   6.4098328e+03   6.4039212e+03   9.2843235e+03   6.4023579e+03
   8.0759120e+03   9.1286521e+03   9.0636578e+03   8.1464607e+03   9.1992883e+03   6.4078001e+03   9.2498100e+03   9.0362063e+03   9.1557779e+03   7.6610087e+03   9.2622916e+03   9.4280673e+03   6.9875076e+03   9.5558590e+03   9.0903379e+03   6.4174974e+03   6.7596930e+03   8.3047263e+03   9.2652018e+03   9.2310672e+03   9.3895014e+03   9.2504541e+03   9.1856893e+03   9.2033654e+03   8.9453129e+03
   1.0200140e+04   1.1630961e+04   9.1010489e+03   9.0326963e+03   8.7194076e+03   8.6708357e+03   9.1341319e+03   1.0222576e+04   1.2526941e+04   9.1975003e+03   9.2351736e+03   9.3618843e+03   9.1255607e+03   1.0652467e+04   1.1463152e+04   6.7853286e+03   9.1758352e+03   9.2113137e+03   1.0018727e+04   9.2039202e+03   1.1664028e+04   9.2106270e+03   9.1187642e+03   1.0601852e+04   1.0369072e+04
   1.0832341e+04   1.2236942e+04   9.9346198e+03   1.2129534e+04   9.0490672e+03   1.0516573e+04   9.2336009e+03   1.2560858e+04   1.2824875e+04   9.6402858e+03   1.1976407e+04   1.2907931e+04   1.0255215e+04   1.2264784e+04   1.2271504e+04   1.2962280e+04   1.2033164e+04   1.2470810e+04   1.0323961e+04   1.1448755e+04   1.2162738e+04   1.1833666e+04   9.8385372e+03   1.1619976e+04   1.2153209e+04
