   3.9288158e-27   2.2451262e-27   5.7098339e-27   2.6964762e-27   2.5825081e-27   6.0329495e-27   3.3689526e-27   2.5574064e-27   2.4458627e-27   2.2035752e-26   1.3255010e-27   1.8902728e-27   6.3974612e-27   1.0562096e-27   1.7723226e-27   1.1488582e-27   2.2552658e-27   1.6290188e-27   3.3363284e-27   1.7781664e-27   1.5878717e-26   2.5965968e-27   1.6422370e-27   2.3573446e-27   1.8177084e-27
   2.8959494e-27   2.2451262e-27   3.4488776e-27   1.5027889e-27   2.5825081e-27   6.0329495e-27   3.2429387e-27   2.5574064e-27   2.4375673e-27   1.3203116e-27   1.3255010e-27   1.8902728e-27   4.2237088e-27   1.0562096e-27   1.7723226e-27   1.1488582e-27   1.2598290e-27   1.6290188e-27   3.3363284e-27   1.7297249e-27   3.8072672e-27   2.5965968e-27   1.6422370e-27   2.3482965e-27   1.3159292e-27
   2.8959494e-27   1.0860404e-27   2.1315823e-27   1.5027889e-27   2.5825081e-27   6.0329495e-27   2.4467974e-27   2.5574064e-27   2.4375673e-27   1.3203116e-27   1.3255010e-27   1.5743374e-27   4.2237088e-27   1.0562096e-27   1.7723226e-27   1.1488582e-27   1.2598290e-27   1.6290188e-27   1.9718412e-27   1.7297249e-27   3.4057671e-27   1.0846496e-27   1.6422370e-27   2.2271973e-27   1.3159292e-27
   2.1332448e-27   1.0860404e-27   2.1315823e-27   1.5027889e-27   2.5825081e-27   2.5161233e-27   2.4467974e-27   2.5574064e-27   2.4375673e-27   1.3203116e-27   1.3255010e-27   1.5743374e-27   2.7123186e-27   1.0562096e-27   1.5654249e-27   1.1488582e-27   1.2598290e-27   1.6290188e-27   1.9718412e-27   1.7297249e-27   2.3226257e-27   1.0846496e-27   1.6422370e-27   2.2271973e-27   1.3159292e-27
   2.1332448e-27   1.0860404e-27   2.1315823e-27   1.5027889e-27   2.5825081e-27   2.5161233e-27   9.3641177e-28   2.5574064e-27   2.4375673e-27   1.3203116e-27   1.3255010e-27   1.5743374e-27   1.9152860e-27   1.0562096e-27   1.5654249e-27   1.1488582e-27   1.2598290e-27   1.6290188e-27   1.9718412e-27   1.7297249e-27   1.2975756e-27   1.0846496e-27   1.6422370e-27   2.2271973e-27   1.3159292e-27
   2.0400557e-27   1.0860404e-27   1.8983801e-27   1.5027889e-27   2.5825081e-27   1.9865997e-27   9.3641177e-28   2.5574064e-27   2.4375673e-27   1.3203116e-27   1.3255010e-27   1.5743374e-27   1.9152860e-27   1.0562096e-27   1.5654249e-27   1.1488582e-27   1.2598290e-27   1.6290188e-27   1.9718412e-27   1.5437854e-27   1.2975756e-27   1.0846496e-27   1.6422370e-27   1.3320586e-27   1.3159292e-27
   2.0400557e-27   1.0860404e-27   1.8983801e-27   1.5027889e-27   2.5825081e-27   1.9865997e-27   9.3641177e-28   2.5574064e-27   2.4375673e-27   1.3203116e-27   1.3255010e-27   1.5743374e-27   1.9152860e-27   1.0562096e-27   1.5654249e-27   1.1488582e-27   1.2598290e-27   1.4833579e-27   1.9718412e-27   1.5437854e-27   1.2975756e-27   1.0846496e-27   1.6422370e-27   1.3320586e-27   1.3159292e-27
   2.0400557e-27   1.0860404e-27   1.6735897e-27   1.5027889e-27   2.5825081e-27   1.9865997e-27   9.3641177e-28   2.5574064e-27   2.4375673e-27   1.3203116e-27   1.3255010e-27   1.5743374e-27   1.1166608e-27   1.0562096e-27   1.5654249e-27   1.1488582e-27   1.2598290e-27   1.4833579e-27   1.9718412e-27   1.5437854e-27   1.2975756e-27   1.0846496e-27   1.6422370e-27   1.3320586e-27   1.3159292e-27
   2.0400557e-27   1.0860404e-27   1.5499516e-27   1.5027889e-27   2.5825081e-27   1.9865997e-27   9.3641177e-28   1.6917025e-27   2.4375673e-27   1.3203116e-27   1.3255010e-27   1.5743374e-27   1.1166608e-27   1.0562096e-27   1.5654249e-27   1.1488582e-27   1.2598290e-27   1.4833579e-27   1.9718412e-27   1.5437854e-27   1.2975756e-27   1.0846496e-27   1.6422370e-27   1.3320586e-27   1.3159292e-27
   1.3860829e-27   1.0860404e-27   1.5499516e-27   1.5027889e-27   2.5825081e-27   1.8164236e-27   9.3641177e-28   1.6917025e-27   1.9326727e-27   1.3203116e-27   1.3255010e-27   1.5743374e-27   1.1166608e-27   1.0562096e-27   1.5654249e-27   1.1488582e-27   1.2598290e-27   1.4833579e-27   1.9718412e-27   1.5437854e-27   1.2975756e-27   1.0846496e-27   1.6422370e-27   1.3320586e-27   1.3159292e-27
