   1.4614136e+04   1.4614137e+04   1.4614136e+04   1.4614137e+04   1.4614139e+04   1.4614136e+04   1.4614136e+04   1.4614137e+04   1.4614136e+04   1.4614136e+04   1.4614136e+04   1.4614136e+04   1.4614136e+04   1.4614136e+04   1.4614136e+04   1.4614144e+04   1.4614136e+04   1.4614136e+04   1.4614136e+04   1.4614136e+04   1.4614136e+04   1.4614137e+04   1.4614136e+04   1.4614136e+04   1.4614139e+04
   1.4614136e+04   1.4614136e+04   1.4614136e+04   1.4614136e+04   1.4614136e+04   1.4614136e+04   1.4614136e+04   1.4614136e+04   1.4614136e+04   1.4614136e+04   1.4614136e+04   1.4614136e+04   1.4614136e+04   1.4614136e+04   1.4614136e+04   1.4614136e+04   1.4614136e+04   1.4614136e+04   1.4614136e+04   1.4614136e+04   1.4614136e+04   1.4614136e+04   1.4614136e+04   1.4614136e+04   1.4614136e+04
   1.4614136e+04   1.4614136e+04   1.4614136e+04   1.4614136e+04   1.4614136e+04   1.4614136e+04   1.4614136e+04   1.4614136e+04   1.4614136e+04   1.4614136e+04   1.4614136e+04   1.4614136e+04   1.4614136e+04   1.4614136e+04   1.4614136e+04   1.4614136e+04   1.4614136e+04   1.4614136e+04   1.4614136e+04   1.4614136e+04   1.4614136e+04   1.4614136e+04   1.4614136e+04   1.4614136e+04   1.4614136e+04
   1.4614136e+04   1.4614136e+04   1.4614136e+04   1.4614136e+04   1.4614136e+04   1.4614136e+04   1.4614136e+04   1.4614136e+04   1.4614136e+04   1.4614136e+04   1.4614136e+04   1.4614136e+04   1.4614136e+04   1.4614136e+04   1.4614136e+04   1.4614136e+04   1.4614136e+04   1.4614136e+04   1.4614136e+04   1.4614136e+04   1.4614136e+04   1.4614136e+04   1.4614136e+04   1.4614136e+04   1.4614136e+04
   1.4614136e+04   1.4614136e+04   1.4614136e+04   1.4614136e+04   1.4614136e+04   1.4614136e+04   1.4614136e+04   1.4614136e+04   1.4614136e+04   1.4614136e+04   1.4614136e+04   1.4614136e+04   1.4614136e+04   1.4614136e+04   1.4614136e+04   1.4614136e+04   1.4614136e+04   1.4614136e+04   1.4614136e+04   1.4614136e+04   1.4614136e+04   1.4614136e+04   1.4614136e+04   1.4614136e+04   1.4614136e+04
   1.4614136e+04   1.4614136e+04   1.4614136e+04   1.4614136e+04   1.4614136e+04   1.4614136e+04   1.4614136e+04   1.4614136e+04   1.4614136e+04   1.4614136e+04   1.4614136e+04   1.4614136e+04   1.4614136e+04   1.4614136e+04   1.4614136e+04   1.4614136e+04   1.4614136e+04   1.4614136e+04   1.4614136e+04   1.4614136e+04   1.4614136e+04   1.4614136e+04   1.4614136e+04   1.4614136e+04   1.4614136e+04
   1.4614136e+04   1.4614136e+04   1.4614136e+04   1.4614136e+04   1.4614136e+04   1.4614136e+04   1.4614136e+04   1.4614136e+04   1.4614136e+04   1.4614136e+04   1.4614136e+04   1.4614136e+04   1.4614136e+04   1.4614136e+04   1.4614136e+04   1.4614136e+04   1.4614136e+04   1.4614136e+04   1.4614136e+04   1.4614136e+04   1.4614136e+04   1.4614136e+04   1.4614136e+04   1.4614136e+04   1.4614136e+04
   1.4614136e+04   1.4614136e+04   1.4614136e+04   1.4614136e+04   1.4614136e+04   1.4614136e+04   1.4614136e+04   1.4614136e+04   1.4614136e+04   1.4614136e+04   1.4614136e+04   1.4614136e+04   1.4614136e+04   1.4614136e+04   1.4614136e+04   1.4614136e+04   1.4614136e+04   1.4614136e+04   1.4614136e+04   1.4614136e+04   1.4614136e+04   1.4614136e+04   1.4614136e+04   1.4614136e+04   1.4614136e+04
   1.4614136e+04   1.4614136e+04   1.4614136e+04   1.4614136e+04   1.4614136e+04   1.4614136e+04   1.4614136e+04   1.4614136e+04   1.4614136e+04   1.4614136e+04   1.4614136e+04   1.4614136e+04   1.4614136e+04   1.4614136e+04   1.4614136e+04   1.4614136e+04   1.4614136e+04   1.4614136e+04   1.4614136e+04   1.4614136e+04   1.4614136e+04   1.4614136e+04   1.4614136e+04   1.4614136e+04   1.4614136e+04
   1.4614136e+04   1.4614136e+04   1.4614136e+04   1.4614136e+04   1.4614136e+04   1.4614136e+04   1.4614136e+04   1.4614136e+04   1.4614136e+04   1.4614136e+04   1.4614136e+04   1.4614136e+04   1.4614136e+04   1.4614136e+04   1.4614136e+04   1.4614136e+04   1.4614136e+04   1.4614136e+04   1.4614136e+04   1.4614136e+04   1.4614136e+04   1.4614136e+04   1.4614136e+04   1.4614136e+04   1.4614136e+04
