   4.2479210e+03   4.1293750e+03   4.1293750e+03   4.1293750e+03   4.2028025e+03   4.1488651e+03   4.1293750e+03   4.2479210e+03   4.1293750e+03   4.1293750e+03   4.1885516e+03   4.2479210e+03   4.1293750e+03   4.2479210e+03   4.1972140e+03   4.1293750e+03   4.1293750e+03   4.1293750e+03   4.2479210e+03   4.2479210e+03   4.1293750e+03   4.1293750e+03   4.2479210e+03   4.1584760e+03   4.2609252e+03
   4.2479210e+03   4.2759968e+03   4.1293750e+03   4.1293750e+03   4.2479210e+03   4.2479210e+03   4.1303990e+03   4.2479210e+03   4.2479210e+03   4.1293750e+03   4.1885516e+03   4.2654017e+03   4.2609252e+03   4.2479210e+03   4.2479210e+03   4.2479210e+03   4.2479210e+03   4.2479210e+03   4.2479210e+03   4.2479210e+03   4.2479210e+03   4.2479210e+03   4.2479210e+03   4.2479210e+03   4.2609252e+03
   4.2609252e+03   4.2759968e+03   4.1293750e+03   4.2609252e+03   4.2479210e+03   4.2479210e+03   4.1303990e+03   4.2609252e+03   4.2479210e+03   4.2641326e+03   4.1885516e+03   4.2654017e+03   4.2609252e+03   4.2609252e+03   4.2479210e+03   4.2479210e+03   4.2479210e+03   4.2479210e+03   4.2687372e+03   4.2609252e+03   4.2479210e+03   4.2479210e+03   4.2609252e+03   4.2479210e+03   4.2609252e+03
   4.2609252e+03   4.2759968e+03   4.1293750e+03   4.2654803e+03   4.2609252e+03   4.2479210e+03   4.2609252e+03   4.2609252e+03   4.2479210e+03   4.2641326e+03   4.1885516e+03   4.2654017e+03   4.2609252e+03   4.2609252e+03   4.2609252e+03   4.2609252e+03   4.2479210e+03   4.2479210e+03   4.2687372e+03   4.2609252e+03   4.2479210e+03   4.2479210e+03   4.2609252e+03   4.2479210e+03   4.2609252e+03
   4.2609963e+03   4.2759968e+03   4.2697041e+03   4.2719606e+03   4.2609252e+03   4.2479210e+03   4.2609252e+03   4.2736398e+03   4.2760463e+03   4.2641326e+03   4.1885516e+03   4.2654017e+03   4.2609252e+03   4.2738022e+03   4.2609252e+03   4.2609252e+03   4.2479210e+03   4.2479210e+03   4.2738320e+03   4.2735846e+03   4.2657037e+03   4.2733842e+03   4.2758772e+03   4.2729049e+03   4.2652914e+03
   4.2609963e+03   4.2759968e+03   4.2796891e+03   4.2719606e+03   4.2758702e+03   4.2735846e+03   4.2738365e+03   4.2736398e+03   4.2795742e+03   4.2641326e+03   4.2609252e+03   4.2654017e+03   4.2632142e+03   4.2738022e+03   4.2609252e+03   4.2721901e+03   4.2775120e+03   4.2737001e+03   4.2738320e+03   4.2735846e+03   4.2657037e+03   4.2827549e+03   4.2758772e+03   4.2729049e+03   4.2460851e+03
   4.2609963e+03   4.2759968e+03   4.2796982e+03   4.2719606e+03   4.2758702e+03   4.2794478e+03   4.2738365e+03   4.2574805e+03   4.2795742e+03   4.2641326e+03   4.2609252e+03   4.2654017e+03   4.2632142e+03   4.2745251e+03   4.2609252e+03   4.2721901e+03   4.2775120e+03   4.2737001e+03   4.2738320e+03   4.2796982e+03   4.2657037e+03   4.2762827e+03   4.2758772e+03   4.2832167e+03   4.2460851e+03
   4.2609963e+03   4.2759968e+03   4.2738511e+03   4.2719606e+03   4.2767839e+03   4.2832167e+03   4.2794504e+03   4.2574805e+03   4.2795742e+03   4.2641326e+03   4.2717302e+03   4.2790479e+03   4.2632142e+03   4.2745251e+03   4.2609252e+03   4.2796960e+03   4.2775120e+03   4.2827686e+03   4.2738320e+03   4.2796982e+03   4.2657037e+03   4.2762827e+03   4.2758772e+03   4.2832167e+03   4.2460851e+03
   4.2609963e+03   4.2759968e+03   4.2827545e+03   4.2719606e+03   4.2767839e+03   4.2832167e+03   4.2794504e+03   4.2574805e+03   4.2795742e+03   4.2641326e+03   4.2717302e+03   4.2790479e+03   4.2632142e+03   4.2708505e+03   4.2796982e+03   4.2738511e+03   4.2775120e+03   4.2827686e+03   4.2738320e+03   4.2796982e+03   4.2657037e+03   4.2762827e+03   4.2758772e+03   4.2829305e+03   4.2460851e+03
   4.2609963e+03   4.2759968e+03   4.2827545e+03   4.2719606e+03   4.2767839e+03   4.2720574e+03   4.2794504e+03   4.2574805e+03   4.2795742e+03   4.2641326e+03   4.2717302e+03   4.2790479e+03   4.2736891e+03   4.2708505e+03   4.2796982e+03   4.2738511e+03   4.2775120e+03   4.2827686e+03   4.2738320e+03   4.2796982e+03   4.2657037e+03   4.2762827e+03   4.2758772e+03   4.2796910e+03   4.2460851e+03
