  -3.9999873e+02  -3.6470216e+02  -3.4886809e+02  -4.0000048e+02  -1.6724897e+02  -2.3408815e+02  -4.0000088e+02  -2.6172183e+01  -3.9999869e+02  -3.4080812e+02  -3.9999819e+02  -3.9393598e+02  -3.5106934e+02  -4.0878972e-05  -4.8433925e+01  -3.4007555e+02  -4.0000012e+02  -2.3495359e+02  -4.0000023e+02  -3.9999872e+02  -3.9999828e+02  -4.0000031e+02  -1.5086231e+02  -1.3756172e+02  -8.4874058e+01
  -3.9999873e+02  -3.6470216e+02  -4.0000012e+02  -4.0000048e+02  -3.0000003e+02  -2.3408815e+02  -4.0000388e+02  -4.4517975e+01  -4.0000013e+02  -3.4080812e+02  -3.9999819e+02  -4.0000036e+02  -3.5106934e+02  -4.6308093e+01  -2.7438514e+02  -3.5822625e+02  -4.0000012e+02  -4.0000032e+02  -4.0000023e+02  -3.9999872e+02  -3.9999828e+02  -4.0000031e+02  -3.3594621e+02  -1.3756172e+02  -3.8593445e+02
  -3.9999873e+02  -4.0000029e+02  -4.0000012e+02  -4.0000048e+02  -4.0000048e+02  -3.9999873e+02  -4.0000388e+02  -2.0075384e+02  -4.0000013e+02  -3.5746981e+02  -3.9999819e+02  -4.0000036e+02  -3.5106934e+02  -3.3871787e+02  -3.0569939e+02  -3.9999876e+02  -4.0000012e+02  -4.0000032e+02  -4.0000023e+02  -3.9999872e+02  -3.9999828e+02  -4.0000031e+02  -3.3810779e+02  -1.3756172e+02  -3.8593445e+02
  -3.9999873e+02  -4.0000032e+02  -4.0000012e+02  -4.0000048e+02  -4.0000048e+02  -3.9999873e+02  -4.0000388e+02  -2.0075384e+02  -4.0000013e+02  -4.0000005e+02  -3.9999819e+02  -4.0000036e+02  -3.5106934e+02  -4.0000012e+02  -3.0569939e+02  -3.9999876e+02  -4.0000012e+02  -4.0000032e+02  -4.0000023e+02  -3.9999872e+02  -3.9999828e+02  -4.0000031e+02  -3.3810779e+02  -1.3756172e+02  -3.8593445e+02
  -4.0000036e+02  -4.0000032e+02  -4.0000012e+02  -4.0000048e+02  -4.0000048e+02  -3.9999873e+02  -4.0000388e+02  -2.0075384e+02  -4.0000013e+02  -4.0000005e+02  -3.9999819e+02  -4.0000036e+02  -3.5106934e+02  -4.0000012e+02  -3.0569939e+02  -3.9999876e+02  -4.0000012e+02  -4.0000032e+02  -4.0000023e+02  -3.9999872e+02  -3.9999828e+02  -4.0000031e+02  -3.3810779e+02  -1.6344636e+02  -3.8593445e+02
  -4.0000036e+02  -4.0000032e+02  -4.0000012e+02  -4.0000048e+02  -4.0000048e+02  -3.9999873e+02  -4.0000388e+02  -2.0075384e+02  -4.0000022e+02  -4.0000005e+02  -3.9999819e+02  -4.0000036e+02  -3.5106934e+02  -4.0000012e+02  -3.0569939e+02  -3.9999876e+02  -4.0000012e+02  -4.0000032e+02  -4.0000023e+02  -3.9999872e+02  -3.9999828e+02  -4.0000031e+02  -3.3810779e+02  -1.6344636e+02  -3.8593445e+02
  -4.0000036e+02  -4.0000032e+02  -4.0000012e+02  -4.0000048e+02  -4.0000048e+02  -3.9999873e+02  -4.0000388e+02  -2.4801990e+02  -4.0000022e+02  -4.0000005e+02  -3.9999819e+02  -4.0000036e+02  -3.7703049e+02  -4.0000012e+02  -3.4163272e+02  -3.9999876e+02  -4.0000012e+02  -4.0000032e+02  -4.0000023e+02  -3.9999872e+02  -3.9999828e+02  -4.0000031e+02  -4.0000012e+02  -3.6617077e+02  -3.8593445e+02
  -4.0000036e+02  -4.0000032e+02  -4.0000012e+02  -4.0000048e+02  -4.0000048e+02  -3.9999873e+02  -4.0000388e+02  -2.4801990e+02  -4.0000022e+02  -4.0000005e+02  -3.9999819e+02  -4.0000036e+02  -3.7703049e+02  -4.0000012e+02  -3.9889094e+02  -3.9999876e+02  -4.0000012e+02  -4.0000032e+02  -4.0000023e+02  -4.0000052e+02  -3.9999828e+02  -4.0000031e+02  -4.0000012e+02  -3.6617077e+02  -3.8593445e+02
  -4.0000036e+02  -4.0000032e+02  -4.0000012e+02  -4.0000048e+02  -4.0000048e+02  -3.9999873e+02  -4.0000388e+02  -4.0000010e+02  -4.0000022e+02  -4.0000005e+02  -3.9999819e+02  -4.0000036e+02  -3.7703049e+02  -4.0000012e+02  -3.9889094e+02  -3.9999876e+02  -4.0000012e+02  -4.0000032e+02  -4.0000023e+02  -4.0000052e+02  -3.9999828e+02  -4.0000031e+02  -4.0000012e+02  -3.6617077e+02  -3.9999959e+02
  -4.0000036e+02  -4.0000032e+02  -4.0000012e+02  -4.0000048e+02  -4.0000048e+02  -3.9999873e+02  -4.0000388e+02  -4.0000010e+02  -4.0000022e+02  -4.0000005e+02  -3.9999819e+02  -4.0000036e+02  -3.7703049e+02  -4.0000012e+02  -3.9889094e+02  -3.9999876e+02  -4.0000012e+02  -4.0000032e+02  -4.0000023e+02  -4.0000052e+02  -3.9999828e+02  -4.0000031e+02  -4.0000012e+02  -3.6617077e+02  -3.9999959e+02
