   1.2623786e-15   1.0099029e-15   1.1782200e-15   1.0099029e-15   9.2574432e-16   1.0099029e-15   1.0099029e-15   1.0099029e-15   1.0940615e-15   9.2574432e-16   8.4158575e-16   9.2574432e-16   1.0099029e-15   1.0099029e-15   1.0099029e-15   1.0099029e-15   1.0940615e-15   1.1782200e-15   1.0940615e-15   1.0099029e-15   9.2574432e-16   1.0940615e-15   9.2574432e-16   1.0099029e-15   9.2574432e-16
   8.4158575e-16   7.5742717e-16   8.4158575e-16   1.0099029e-15   9.2574432e-16   9.2574432e-16   1.0099029e-15   9.2574432e-16   1.0099029e-15   9.2574432e-16   8.4158575e-16   3.3663430e-16   1.0099029e-15   9.2574432e-16   1.0099029e-15   9.2574432e-16   9.2574432e-16   1.1782200e-15   1.0940615e-15   1.0099029e-15   9.2574432e-16   1.0099029e-15   9.2574432e-16   1.0099029e-15   9.2574432e-16
   8.4158575e-16   7.5742717e-16   8.4158575e-16   1.0099029e-15   9.2574432e-16   9.2574432e-16   1.0099029e-15   9.2574432e-16   1.0099029e-15   9.2574432e-16   8.4158575e-16   3.3663430e-16   9.2574432e-16   8.4158575e-16   5.8911002e-16   9.2574432e-16   9.2574432e-16   8.4158575e-16   1.0099029e-15   9.2574432e-16   7.5742717e-16   1.0099029e-15   9.2574432e-16   8.4158575e-16   9.2574432e-16
   7.5742717e-16   7.5742717e-16   8.4158575e-16   9.2574432e-16   9.2574432e-16   9.2574432e-16   1.0099029e-15   9.2574432e-16   8.4158575e-16   9.2574432e-16   5.8911002e-16   3.3663430e-16   8.4158575e-16   8.4158575e-16   5.8911002e-16   9.2574432e-16   8.4158575e-16   8.4158575e-16   1.0099029e-15   9.2574432e-16   7.5742717e-16   1.0099029e-15   9.2574432e-16   8.4158575e-16   9.2574432e-16
   7.5742717e-16   7.5742717e-16   8.4158575e-16   9.2574432e-16   9.2574432e-16   9.2574432e-16   1.0099029e-15   9.2574432e-16   8.4158575e-16   9.2574432e-16   5.8911002e-16   3.3663430e-16   8.4158575e-16   8.4158575e-16   5.8911002e-16   9.2574432e-16   8.4158575e-16   8.4158575e-16   1.0099029e-15   8.4158575e-16   6.7326860e-16   9.2574432e-16   9.2574432e-16   8.4158575e-16   9.2574432e-16
   7.5742717e-16   5.8911002e-16   8.4158575e-16   7.5742717e-16   8.4158575e-16   9.2574432e-16   1.0099029e-15   9.2574432e-16   8.4158575e-16   9.2574432e-16   5.8911002e-16   3.3663430e-16   8.4158575e-16   8.4158575e-16   5.8911002e-16   9.2574432e-16   8.4158575e-16   8.4158575e-16   8.4158575e-16   7.5742717e-16   6.7326860e-16   9.2574432e-16   8.4158575e-16   8.4158575e-16   8.4158575e-16
   7.5742717e-16   5.8911002e-16   7.5742717e-16   7.5742717e-16   8.4158575e-16   8.4158575e-16   9.2574432e-16   8.4158575e-16   8.4158575e-16   5.8911002e-16   5.8911002e-16   3.3663430e-16   8.4158575e-16   8.4158575e-16   5.8911002e-16   9.2574432e-16   8.4158575e-16   8.4158575e-16   8.4158575e-16   7.5742717e-16   6.7326860e-16   9.2574432e-16   8.4158575e-16   8.4158575e-16   8.4158575e-16
   7.5742717e-16   5.8911002e-16   6.7326860e-16   7.5742717e-16   7.5742717e-16   7.5742717e-16   7.5742717e-16   8.4158575e-16   7.5742717e-16   5.8911002e-16   5.8911002e-16   3.3663430e-16   8.4158575e-16   8.4158575e-16   5.8911002e-16   8.4158575e-16   8.4158575e-16   8.4158575e-16   8.4158575e-16   7.5742717e-16   6.7326860e-16   8.4158575e-16   8.4158575e-16   8.4158575e-16   8.4158575e-16
   7.5742717e-16   5.8911002e-16   6.7326860e-16   7.5742717e-16   7.5742717e-16   7.5742717e-16   7.5742717e-16   8.4158575e-16   7.5742717e-16   5.8911002e-16   5.8911002e-16   3.3663430e-16   8.4158575e-16   8.4158575e-16   5.8911002e-16   8.4158575e-16   8.4158575e-16   8.4158575e-16   8.4158575e-16   7.5742717e-16   6.7326860e-16   8.4158575e-16   8.4158575e-16   8.4158575e-16   7.5742717e-16
   7.5742717e-16   5.8911002e-16   6.7326860e-16   7.5742717e-16   7.5742717e-16   7.5742717e-16   7.5742717e-16   8.4158575e-16   7.5742717e-16   5.8911002e-16   5.8911002e-16   3.3663430e-16   8.4158575e-16   8.4158575e-16   5.8911002e-16   8.4158575e-16   8.4158575e-16   8.4158575e-16   7.5742717e-16   7.5742717e-16   6.7326860e-16   8.4158575e-16   8.4158575e-16   8.4158575e-16   7.5742717e-16
