   9.0943958e+01   3.3453511e+01   7.3489765e+01   1.0597684e+02   8.0164368e+01   1.0638326e+02   1.0463658e+02   1.1678183e+02   8.3915245e+01   4.7224672e+01   2.0311336e+02   1.0676550e+02   6.4941867e+01   7.4609746e+01   4.4458272e+01   1.7301467e+02   5.2976237e+01   6.7274106e+01   4.2748698e+01   4.7175693e+01   5.1131834e+01   5.4265371e+01   3.8561727e+01   8.4936099e+01   2.2152249e+02
   1.2031735e+02   7.8782132e+01   6.8520424e+01   6.4939030e+01   7.3491320e+01   1.1269230e+02   5.6512357e+01   8.0558595e+01   8.3915245e+01   4.7224672e+01   1.6554767e+02   5.0325477e+01   7.0847456e+01   8.8154065e+01   6.4994447e+01   1.6364191e+02   7.8129810e+01   5.9874415e+01   4.5044749e+01   7.0376410e+01   8.0085289e+01   5.2456308e+01   6.6211534e+01   9.2988084e+01   8.0833629e+01
   1.2031735e+02   7.8782132e+01   6.8520424e+01   6.4939030e+01   8.5181612e+01   3.3409626e+01   5.6512357e+01   6.4362448e+01   5.8061209e+01   4.7224672e+01   1.6554767e+02   6.0096979e+01   7.0847456e+01   8.8154065e+01   5.7879064e+01   1.6364191e+02   8.0480117e+01   5.9874415e+01   6.0574316e+01   4.5729522e+01   8.0085289e+01   4.2403394e+01   5.6589725e+01   9.2988084e+01   8.0833629e+01
   1.2031735e+02   5.0558124e+01   6.8520424e+01   6.4939030e+01   4.7722415e+01   5.0819838e+01   5.6512357e+01   5.4472199e+01   3.6248533e+01   4.7224672e+01   1.6554767e+02   4.3138279e+01   4.0412751e+01   8.8154065e+01   5.7879064e+01   1.6364191e+02   8.0480117e+01   5.9874415e+01   6.0574316e+01   4.4769251e+01   8.0085289e+01   4.2403394e+01   5.6589725e+01   9.2988084e+01   8.0833629e+01
   1.2031735e+02   5.0558124e+01   6.8520424e+01   4.9550423e+01   4.7722415e+01   5.0819838e+01   5.6512357e+01   5.1746455e+01   3.6248533e+01   4.7224672e+01   1.6554767e+02   4.3138279e+01   4.0412751e+01   5.2540809e+01   4.3525202e+01   1.6364191e+02   6.1162987e+01   5.9874415e+01   6.0574316e+01   4.4769251e+01   8.0085289e+01   4.2403394e+01   5.6589725e+01   9.2988084e+01   8.0833629e+01
   1.2031735e+02   5.0558124e+01   6.8520424e+01   4.9550423e+01   4.7722415e+01   5.5805464e+01   5.6512357e+01   5.1746455e+01   3.6248533e+01   4.7224672e+01   6.0512394e+01   4.3138279e+01   4.0412751e+01   5.2540809e+01   4.3525202e+01   1.6364191e+02   6.1162987e+01   5.9874415e+01   6.0574316e+01   4.4769251e+01   8.0085289e+01   4.2403394e+01   3.8125744e+01   4.7118887e+01   8.0833629e+01
   1.2031735e+02   5.0558124e+01   5.8752736e+01   4.9550423e+01   4.7722415e+01   5.5805464e+01   5.6512357e+01   3.6283057e+01   3.6248533e+01   4.7224672e+01   6.0512394e+01   4.3138279e+01   4.0412751e+01   5.2540809e+01   4.3525202e+01   4.8612825e+01   6.1162987e+01   5.9874415e+01   6.0574316e+01   4.4769251e+01   4.9954006e+01   4.2403394e+01   3.8125744e+01   4.7118887e+01   4.6293819e+01
   1.2031735e+02   5.0558124e+01   5.8752736e+01   4.9550423e+01   4.7722415e+01   5.5805464e+01   5.6512357e+01   3.6283057e+01   3.6248533e+01   4.7224672e+01   6.0512394e+01   4.3138279e+01   4.0412751e+01   5.2540809e+01   4.3525202e+01   4.8612825e+01   8.1639865e+01   5.9874415e+01   6.0574316e+01   4.4769251e+01   4.9954006e+01   4.2403394e+01   3.8125744e+01   4.7118887e+01   4.6293819e+01
   1.2031735e+02   5.0558124e+01   4.7467018e+01   4.9550423e+01   4.7722415e+01   5.5805464e+01   5.6512357e+01   3.6283057e+01   3.6248533e+01   4.7224672e+01   6.0512394e+01   4.3138279e+01   4.0412751e+01   5.2540809e+01   4.3362354e+01   4.8612825e+01   8.1639865e+01   5.9874415e+01   6.0574316e+01   4.4769251e+01   4.9954006e+01   4.2403394e+01   3.8125744e+01   4.7118887e+01   4.6293819e+01
   1.2031735e+02   5.0558124e+01   4.6967500e+01   4.9550423e+01   4.7722415e+01   7.5014543e+01   6.7235138e+01   3.6283057e+01   3.6248533e+01   5.8814802e+01   6.0512394e+01   4.3138279e+01   4.0412751e+01   5.2540809e+01   4.3362354e+01   4.8612825e+01   8.1639865e+01   5.9874415e+01   5.5282592e+01   4.4769251e+01   4.9954006e+01   4.2403394e+01   3.8125744e+01   4.7118887e+01   4.6293819e+01
