   1.8564248e-01   1.5269542e-01   1.7343032e-01   1.8014839e-01   1.2559910e-01   1.6238528e-01   2.6002840e+01   1.5015824e-01   1.7378478e-01   2.7609230e+01   1.3449681e-01   4.8654550e+01   2.5542360e+01   1.7219382e-01   4.6362662e+01   3.9946217e+01   1.6411679e-01   1.4567856e-01   2.1153547e+01   1.5245426e-01   1.4067581e-01   3.6243984e+01   3.8349575e+01   3.2178405e+01   3.9515854e+01
   1.8564248e-01   1.5269542e-01   1.7343032e-01   1.8014839e-01   1.2559910e-01   1.6238528e-01   2.6002840e+01   1.5015824e-01   1.7378478e-01   2.7609230e+01   1.3449681e-01   4.8654550e+01   2.5542360e+01   1.7219382e-01   4.6362662e+01   3.9946217e+01   1.6411679e-01   1.4567856e-01   2.1153547e+01   1.5245426e-01   1.4067581e-01   3.6243984e+01   3.8349575e+01   3.2178405e+01   3.9515854e+01
   1.8564248e-01   1.5269542e-01   1.7343032e-01   1.8014839e-01   1.2559910e-01   1.6238528e-01   2.6002840e+01   1.5015824e-01   1.7378478e-01   2.7609230e+01   1.3449681e-01   4.8654550e+01   2.5542360e+01   1.7219382e-01   4.6362662e+01   3.9946217e+01   1.6411679e-01   1.4567856e-01   2.1153547e+01   1.5245426e-01   1.4067581e-01   3.6243984e+01   3.8349575e+01   3.2178405e+01   3.9515854e+01
   1.8564248e-01   1.5269542e-01   1.7343032e-01   1.8014839e-01   1.2559910e-01   1.6238528e-01   2.6002840e+01   1.5015824e-01   1.7378478e-01   2.7609230e+01   1.3449681e-01   4.8654550e+01   2.5542360e+01   1.7219382e-01   4.6362662e+01   3.9946217e+01   1.6411679e-01   1.4567856e-01   2.1153547e+01   1.5245426e-01   1.4067581e-01   3.4861381e+01   3.8349575e+01   3.2178405e+01   1.5288973e-01
   1.8564248e-01   1.5269542e-01   1.7343032e-01   1.8014839e-01   1.2559910e-01   1.6238528e-01   2.6002840e+01   1.5015824e-01   1.7378478e-01   9.1523656e-01   1.3449681e-01   4.8654550e+01   2.5542360e+01   1.7219382e-01   4.6362662e+01   3.9946217e+01   1.6411679e-01   1.4567856e-01   2.1153547e+01   1.5245426e-01   1.4067581e-01   3.4861381e+01   3.8349575e+01   3.2178405e+01   1.5288973e-01
   1.8564248e-01   1.5269542e-01   1.7343032e-01   1.8014839e-01   1.2559910e-01   1.6238528e-01   1.6663629e-01   1.5015824e-01   1.7378478e-01   9.1523656e-01   1.3449681e-01   4.8654550e+01   2.5542360e+01   1.7219382e-01   4.6362662e+01   3.9946217e+01   1.0259470e-01   1.4567856e-01   2.1153547e+01   1.5245426e-01   1.4067581e-01   3.4861381e+01   3.8349575e+01   3.2178405e+01   1.5288973e-01
   1.8564248e-01   1.5269542e-01   1.7343032e-01   1.8014839e-01   1.2559910e-01   1.6238528e-01   1.6663629e-01   1.5015824e-01   1.7378478e-01   9.1523656e-01   1.3449681e-01   4.6344286e+01   2.5542360e+01   1.7219382e-01   4.6362662e+01   3.9946217e+01   1.0259470e-01   1.4567856e-01   2.1153547e+01   1.5245426e-01   1.4067581e-01   3.4861381e+01   3.8349575e+01   3.2178405e+01   1.5288973e-01
   1.8564248e-01   1.5269542e-01   1.7343032e-01   1.8014839e-01   1.2559910e-01   1.6238528e-01   1.6663629e-01   1.5015824e-01   1.7378478e-01   9.1523656e-01   1.3449681e-01   4.6344286e+01   2.5542360e+01   1.7219382e-01   1.3135434e-01   3.9946217e+01   1.0259470e-01   1.4567856e-01   2.1153547e+01   1.5245426e-01   1.4067581e-01   3.4861381e+01   3.8349575e+01   3.2178405e+01   1.5288973e-01
   1.8564248e-01   1.5269542e-01   1.7343032e-01   1.0338213e-01   1.2559910e-01   1.6238528e-01   1.1078308e-01   1.5015824e-01   1.7378478e-01   9.1523656e-01   1.3449681e-01   4.6344286e+01   2.5542360e+01   1.7219382e-01   1.3135434e-01   3.9946217e+01   1.0259470e-01   1.1266707e-01   2.1153547e+01   1.5245426e-01   1.4067581e-01   1.5532017e-01   3.8349575e+01   3.2178405e+01   1.5288973e-01
   1.8564248e-01   1.5269542e-01   1.5918581e-01   1.0338213e-01   1.2559910e-01   1.6238528e-01   1.1078308e-01   1.5015824e-01   1.7378478e-01   9.1523656e-01   1.3449681e-01   4.6344286e+01   2.5542360e+01   1.7219382e-01   1.3135434e-01   3.9946217e+01   1.0259470e-01   1.1266707e-01   2.1153547e+01   1.5245426e-01   1.4067581e-01   1.5532017e-01   3.8349575e+01   3.2178405e+01   1.5288973e-01
