   7.5671245e-26   7.1619834e-26   6.5413173e-26   6.0137641e-26   5.9159649e-26   7.0332696e-26   5.1489510e-26   6.2536118e-26   6.3687104e-26   7.8894108e-26   7.8113900e-26   4.3220522e-26   7.5466917e-26   5.8866126e-26   5.9096584e-26   7.4966829e-26   5.8459129e-26   7.1631829e-26   8.9793114e-26   6.9613640e-26   5.1716433e-26   7.3497811e-26   4.5379149e-26   6.8202585e-26   2.4219975e-26
   5.5372738e-26   7.1619834e-26   5.1796325e-26   6.0137641e-26   5.3556303e-26   6.7196937e-26   5.1489510e-26   4.5865872e-26   4.8166316e-26   7.8894108e-26   6.5279074e-26   4.3220522e-26   3.5633694e-26   5.6733993e-26   5.9096584e-26   6.2904616e-26   3.4542998e-26   6.9450675e-26   7.2927020e-26   6.6225729e-26   5.1716433e-26   6.3433997e-26   4.5379149e-26   6.8202585e-26   2.4219975e-26
   4.3849134e-26   7.1619834e-26   5.1796325e-26   6.0137641e-26   5.3556303e-26   2.5023718e-26   5.1489510e-26   4.5865872e-26   4.8166316e-26   5.7652192e-26   6.2851232e-26   4.2235984e-26   3.5633694e-26   3.8360285e-26   5.9096584e-26   6.2904616e-26   3.4542998e-26   3.4499701e-26   6.9205505e-26   4.9972258e-26   5.1716433e-26   6.2983477e-26   4.5379149e-26   6.8202585e-26   2.4219975e-26
   4.1794225e-26   5.4056469e-26   5.1796325e-26   6.0137641e-26   5.3556303e-26   2.5023718e-26   3.6681186e-26   4.5865872e-26   4.8166316e-26   5.7652192e-26   6.2851232e-26   4.2235984e-26   3.5633694e-26   3.8360285e-26   4.7363596e-26   4.7670614e-26   3.4542998e-26   3.4499701e-26   6.9205505e-26   4.9972258e-26   5.1716433e-26   5.9029949e-26   4.5379149e-26   5.7658318e-26   2.4219975e-26
   4.1794225e-26   5.4056469e-26   5.1796325e-26   6.0137641e-26   4.3053520e-26   2.5023718e-26   3.6681186e-26   4.5865872e-26   4.8166316e-26   5.7652192e-26   6.0168636e-26   3.4298978e-26   3.5633694e-26   3.8360285e-26   4.7363596e-26   4.7670614e-26   3.4542998e-26   3.4499701e-26   5.8994292e-26   4.9972258e-26   5.1716433e-26   5.9029949e-26   4.4358713e-26   4.2626906e-26   2.4219975e-26
   4.1794225e-26   5.3867289e-26   5.1796325e-26   6.0137641e-26   4.3053520e-26   2.5023718e-26   3.6681186e-26   4.5865872e-26   4.8166316e-26   4.8363381e-26   6.0168636e-26   3.4298978e-26   3.5633694e-26   3.8360285e-26   4.7363596e-26   4.7670614e-26   3.4542998e-26   3.4343246e-26   5.8994292e-26   2.5558291e-26   5.1716433e-26   5.9029949e-26   4.4358713e-26   4.2626906e-26   2.4219975e-26
   4.1794225e-26   5.3867289e-26   5.1796325e-26   6.0137641e-26   4.3053520e-26   2.5023718e-26   3.6681186e-26   3.9921031e-26   4.8166316e-26   4.8363381e-26   3.0570343e-26   3.4298978e-26   3.5633694e-26   3.8360285e-26   4.7363596e-26   1.8525171e-26   2.9950102e-26   3.4343246e-26   5.8994292e-26   2.5558291e-26   4.6033556e-26   5.9029949e-26   4.4358713e-26   4.2626906e-26   2.1817953e-26
   4.1794225e-26   5.0795947e-26   5.1796325e-26   6.0137641e-26   4.3053520e-26   2.5023718e-26   3.6681186e-26   3.9921031e-26   4.8166316e-26   4.8363381e-26   3.0570343e-26   3.4298978e-26   3.5633694e-26   3.8360285e-26   4.7363596e-26   1.8525171e-26   2.9950102e-26   3.4343246e-26   5.2420232e-26   2.5558291e-26   4.6033556e-26   3.2576066e-26   4.4358713e-26   4.2626906e-26   2.1817953e-26
   4.1794225e-26   5.0795947e-26   5.1796325e-26   4.2911857e-26   4.3053520e-26   2.5023718e-26   3.2577919e-26   3.9921031e-26   4.8166316e-26   4.8363381e-26   3.0570343e-26   3.4298978e-26   3.5633694e-26   3.8360285e-26   4.7363596e-26   1.8525171e-26   2.9950102e-26   3.4343246e-26   2.7117464e-26   2.5558291e-26   4.6033556e-26   3.2576066e-26   4.4358713e-26   4.2626906e-26   2.1817953e-26
   3.3361525e-26   5.0795947e-26   2.6575883e-26   4.2911857e-26   4.3053520e-26   2.5023718e-26   3.2577919e-26   3.9921031e-26   4.8166316e-26   4.8363381e-26   3.0570343e-26   3.4298978e-26   3.5633694e-26   3.8360285e-26   4.7363596e-26   1.8525171e-26   2.9950102e-26   3.4343246e-26   2.7117464e-26   2.5558291e-26   4.6033556e-26   3.2576066e-26   4.4358713e-26   4.2626906e-26   2.1817953e-26
