   2.9944588e+03   2.9944853e+03   2.9945199e+03   2.9944279e+03   2.9944498e+03   2.9944379e+03   2.9944531e+03   2.9944263e+03   2.9944394e+03   2.9944342e+03   2.9944298e+03   2.9944368e+03   2.9944465e+03   2.9944256e+03   2.9944256e+03   2.9944248e+03   2.9944250e+03   2.9944284e+03   2.9944245e+03   2.9944304e+03   2.9944499e+03   2.9944260e+03   2.9944283e+03   2.9944285e+03   2.9944291e+03
   2.9944245e+03   2.9944245e+03   2.9944245e+03   2.9944245e+03   2.9944245e+03   2.9944245e+03   2.9944245e+03   2.9944245e+03   2.9944245e+03   2.9944245e+03   2.9944245e+03   2.9944245e+03   2.9944245e+03   2.9944245e+03   2.9944245e+03   2.9944245e+03   2.9944245e+03   2.9944245e+03   2.9944245e+03   2.9944245e+03   2.9944245e+03   2.9944245e+03   2.9944245e+03   2.9944245e+03   2.9944245e+03
   2.9944245e+03   2.9944245e+03   2.9944245e+03   2.9944245e+03   2.9944245e+03   2.9944245e+03   2.9944245e+03   2.9944245e+03   2.9944245e+03   2.9944245e+03   2.9944245e+03   2.9944245e+03   2.9944245e+03   2.9944245e+03   2.9944245e+03   2.9944245e+03   2.9944245e+03   2.9944245e+03   2.9944245e+03   2.9944245e+03   2.9944245e+03   2.9944245e+03   2.9944245e+03   2.9944245e+03   2.9944245e+03
   2.9944245e+03   2.9944245e+03   2.9944245e+03   2.9944245e+03   2.9944245e+03   2.9944245e+03   2.9944245e+03   2.9944245e+03   2.9944245e+03   2.9944245e+03   2.9944245e+03   2.9944245e+03   2.9944245e+03   2.9944245e+03   2.9944245e+03   2.9944245e+03   2.9944245e+03   2.9944245e+03   2.9944245e+03   2.9944245e+03   2.9944245e+03   2.9944245e+03   2.9944245e+03   2.9944245e+03   2.9944245e+03
   2.9944245e+03   2.9944245e+03   2.9944245e+03   2.9944245e+03   2.9944245e+03   2.9944245e+03   2.9944245e+03   2.9944245e+03   2.9944245e+03   2.9944245e+03   2.9944245e+03   2.9944245e+03   2.9944245e+03   2.9944245e+03   2.9944245e+03   2.9944245e+03   2.9944245e+03   2.9944245e+03   2.9944245e+03   2.9944245e+03   2.9944245e+03   2.9944245e+03   2.9944245e+03   2.9944245e+03   2.9944245e+03
   2.9944245e+03   2.9944245e+03   2.9944245e+03   2.9944245e+03   2.9944245e+03   2.9944245e+03   2.9944245e+03   2.9944245e+03   2.9944245e+03   2.9944245e+03   2.9944245e+03   2.9944245e+03   2.9944245e+03   2.9944245e+03   2.9944245e+03   2.9944245e+03   2.9944245e+03   2.9944245e+03   2.9944245e+03   2.9944245e+03   2.9944245e+03   2.9944245e+03   2.9944245e+03   2.9944245e+03   2.9944245e+03
   2.9944245e+03   2.9944245e+03   2.9944245e+03   2.9944245e+03   2.9944245e+03   2.9944245e+03   2.9944245e+03   2.9944245e+03   2.9944245e+03   2.9944245e+03   2.9944245e+03   2.9944245e+03   2.9944245e+03   2.9944245e+03   2.9944245e+03   2.9944245e+03   2.9944245e+03   2.9944245e+03   2.9944245e+03   2.9944245e+03   2.9944245e+03   2.9944245e+03   2.9944245e+03   2.9944245e+03   2.9944245e+03
   2.9944245e+03   2.9944245e+03   2.9944245e+03   2.9944245e+03   2.9944245e+03   2.9944245e+03   2.9944245e+03   2.9944245e+03   2.9944245e+03   2.9944245e+03   2.9944245e+03   2.9944245e+03   2.9944245e+03   2.9944245e+03   2.9944245e+03   2.9944245e+03   2.9944245e+03   2.9944245e+03   2.9944245e+03   2.9944245e+03   2.9944245e+03   2.9944245e+03   2.9944245e+03   2.9944245e+03   2.9944245e+03
   2.9944245e+03   2.9944245e+03   2.9944245e+03   2.9944245e+03   2.9944245e+03   2.9944245e+03   2.9944245e+03   2.9944245e+03   2.9944245e+03   2.9944245e+03   2.9944245e+03   2.9944245e+03   2.9944245e+03   2.9944245e+03   2.9944245e+03   2.9944245e+03   2.9944245e+03   2.9944245e+03   2.9944245e+03   2.9944245e+03   2.9944245e+03   2.9944245e+03   2.9944245e+03   2.9944245e+03   2.9944245e+03
   2.9944245e+03   2.9944245e+03   2.9944245e+03   2.9944245e+03   2.9944245e+03   2.9944245e+03   2.9944245e+03   2.9944245e+03   2.9944245e+03   2.9944245e+03   2.9944245e+03   2.9944245e+03   2.9944245e+03   2.9944245e+03   2.9944245e+03   2.9944245e+03   2.9944245e+03   2.9944245e+03   2.9944245e+03   2.9944245e+03   2.9944245e+03   2.9944245e+03   2.9944245e+03   2.9944245e+03   2.9944245e+03
