   1.0765471e+00   1.0765496e+00   1.0765542e+00   1.2500000e+00   1.0765516e+00   1.0765463e+00   1.0765454e+00   1.2500000e+00   1.0765595e+00   1.2500000e+00   1.0765432e+00   1.0765456e+00   1.2500000e+00   1.0765697e+00   1.0765469e+00   1.2500000e+00   1.0765524e+00   1.2500000e+00   1.0765437e+00   1.2500000e+00   1.0765970e+00   1.2500000e+00   1.0765447e+00   1.0765431e+00   1.2443040e+00
   1.0765431e+00   1.0765431e+00   1.0765431e+00   1.2500000e+00   1.0765436e+00   1.0765463e+00   1.0765431e+00   1.0766868e+00   1.0765595e+00   1.0765660e+00   1.0765431e+00   1.0765431e+00   1.0769943e+00   1.0765437e+00   1.0765431e+00   1.2500000e+00   1.0765444e+00   1.0772462e+00   1.0765435e+00   1.0765467e+00   1.0765443e+00   1.2500000e+00   1.0765432e+00   1.0765431e+00   1.0766405e+00
   1.0765431e+00   1.0765431e+00   1.0765431e+00   1.0765526e+00   1.0765431e+00   1.0765431e+00   1.0765431e+00   1.0765431e+00   1.0765431e+00   1.0765457e+00   1.0765431e+00   1.0765431e+00   1.0765431e+00   1.0765431e+00   1.0765431e+00   1.0765431e+00   1.0765431e+00   1.0765434e+00   1.0765435e+00   1.0765431e+00   1.0765443e+00   1.1231529e+00   1.0765431e+00   1.0765431e+00   1.0765431e+00
   1.0765431e+00   1.0765431e+00   1.0765431e+00   1.0765431e+00   1.0765431e+00   1.0765431e+00   1.0765431e+00   1.0765431e+00   1.0765431e+00   1.0765433e+00   1.0765431e+00   1.0765431e+00   1.0765431e+00   1.0765431e+00   1.0765431e+00   1.0765431e+00   1.0765431e+00   1.0765431e+00   1.0765435e+00   1.0765431e+00   1.0765431e+00   1.1231529e+00   1.0765431e+00   1.0765431e+00   1.0765431e+00
   1.0765431e+00   1.0765431e+00   1.0765431e+00   1.0765431e+00   1.0765431e+00   1.0765431e+00   1.0765431e+00   1.0765431e+00   1.0765431e+00   1.0765433e+00   1.0765431e+00   1.0765431e+00   1.0765431e+00   1.0765431e+00   1.0765431e+00   1.0765431e+00   1.0765431e+00   1.0765431e+00   1.0765435e+00   1.0765431e+00   1.0765431e+00   1.0765506e+00   1.0765431e+00   1.0765431e+00   1.0765431e+00
   1.0765431e+00   1.0765431e+00   1.0765431e+00   1.0765431e+00   1.0765431e+00   1.0765431e+00   1.0765431e+00   1.0765431e+00   1.0765431e+00   1.0765431e+00   1.0765431e+00   1.0765431e+00   1.0765431e+00   1.0765431e+00   1.0765431e+00   1.0765431e+00   1.0765431e+00   1.0765431e+00   1.0765435e+00   1.0765431e+00   1.0765431e+00   1.0765431e+00   1.0765431e+00   1.0765431e+00   1.0765431e+00
   1.0765431e+00   1.0765431e+00   1.0765431e+00   1.0765431e+00   1.0765431e+00   1.0765431e+00   1.0765431e+00   1.0765431e+00   1.0765431e+00   1.0765431e+00   1.0765431e+00   1.0765431e+00   1.0765431e+00   1.0765431e+00   1.0765431e+00   1.0765431e+00   1.0765431e+00   1.0765431e+00   1.0765431e+00   1.0765431e+00   1.0765431e+00   1.0765431e+00   1.0765431e+00   1.0765431e+00   1.0765431e+00
   1.0765431e+00   1.0765431e+00   1.0765431e+00   1.0765431e+00   1.0765431e+00   1.0765431e+00   1.0765431e+00   1.0765431e+00   1.0765431e+00   1.0765431e+00   1.0765431e+00   1.0765431e+00   1.0765431e+00   1.0765431e+00   1.0765431e+00   1.0765431e+00   1.0765431e+00   1.0765431e+00   1.0765431e+00   1.0765431e+00   1.0765431e+00   1.0765431e+00   1.0765431e+00   1.0765431e+00   1.0765431e+00
   1.0765431e+00   1.0765431e+00   1.0765431e+00   1.0765431e+00   1.0765431e+00   1.0765431e+00   1.0765431e+00   1.0765431e+00   1.0765431e+00   1.0765431e+00   1.0765431e+00   1.0765431e+00   1.0765431e+00   1.0765431e+00   1.0765431e+00   1.0765431e+00   1.0765431e+00   1.0765431e+00   1.0765431e+00   1.0765431e+00   1.0765431e+00   1.0765431e+00   1.0765431e+00   1.0765431e+00   1.0765431e+00
   1.0765431e+00   1.0765431e+00   1.0765431e+00   1.0765431e+00   1.0765431e+00   1.0765431e+00   1.0765431e+00   1.0765431e+00   1.0765431e+00   1.0765431e+00   1.0765431e+00   1.0765431e+00   1.0765431e+00   1.0765431e+00   1.0765431e+00   1.0765431e+00   1.0765431e+00   1.0765431e+00   1.0765431e+00   1.0765431e+00   1.0765431e+00   1.0765431e+00   1.0765431e+00   1.0765431e+00   1.0765431e+00
