   4.3969819e-01   8.6991389e-01   1.0716563e+00   5.5399121e-01   4.7574878e-01   7.2667844e-01   3.4683159e-01   8.6783913e-01   1.1303210e+00   2.5903265e-01   8.7921130e-02   5.0592743e-01   5.1705592e-01   5.2291971e-01   7.3457160e-01   2.3102434e-01   5.2096378e-01   3.6798532e-01   6.0978281e-01   3.8363410e-01   2.8711601e-01   6.4945483e-01   2.3531506e-01   7.4030179e-01   4.4475800e-01
   6.3132172e-01   4.1232258e-01   8.5614040e-01   6.1344333e-01   5.5451206e-01   3.1122419e-01   3.1744492e-01   1.8871152e-01   1.8439524e-01   4.4082337e-01   6.0507884e-01   3.6888269e-01   4.9515961e-01   2.8310896e-01   2.1891897e-01   9.1616426e-01   2.6558631e-01   7.3280155e-01   3.7796917e-01   4.6901022e-01   6.5398249e-01   5.5035634e-01   3.0629216e-01   8.6473613e-01   7.4255489e-01
   5.2533551e-01   8.8087881e-01   8.5614040e-01   6.1344333e-01   5.4621972e-01   3.1122419e-01   3.1196880e-01   1.8871152e-01   1.8439524e-01   9.2158160e-02   6.0507884e-01   3.1604049e-01   5.0734020e-01   2.1066236e-01   2.1891897e-01   3.6293176e-01   2.0820220e-01   5.4715813e-01   3.7796917e-01   4.6393503e-01   4.5040198e-01   3.9497910e-01   3.0543415e-01   7.9747312e-01   5.7285806e-01
   1.4694299e-01   8.4817183e-01   2.6809321e-01   2.5872994e-01   4.2309580e-01   3.1122419e-01   1.5098111e-01   1.8871152e-01   1.2963207e-01   9.2158160e-02   4.2814184e-01   1.9342606e-01   1.7754466e-01   1.4859040e-01   2.1891897e-01   2.7240716e-01   2.0820220e-01   5.4715813e-01   3.7796917e-01   3.4779474e-01   2.7404446e-01   3.9497910e-01   3.0543415e-01   4.4383669e-01   4.4933459e-01
   1.4694299e-01   4.8329863e-02   2.6809321e-01   2.5872994e-01   4.2309580e-01   3.1122419e-01   1.5098111e-01   1.2847939e-01   1.2963207e-01   9.2158160e-02   4.2814184e-01   1.9342606e-01   1.7754466e-01   1.4859040e-01   2.1891897e-01   2.7240716e-01   2.0820220e-01   1.7154968e-01   3.7796917e-01   3.4779474e-01   2.7404446e-01   3.9497910e-01   3.0543415e-01   4.4383669e-01   3.3613349e-01
   7.0826196e-02   4.8329863e-02   2.6809321e-01   2.4971587e-01   4.2309580e-01   3.1122419e-01   1.5098111e-01   1.2847939e-01   1.2963207e-01   9.2158160e-02   2.5822557e-01   1.9342606e-01   1.7754466e-01   1.4859040e-01   2.1891897e-01   2.7240716e-01   2.0820220e-01   1.7154968e-01   3.7796917e-01   2.0962727e-01   2.0771315e-01   3.9497910e-01   3.0543415e-01   5.2263515e-02   3.3613349e-01
   7.0826196e-02   4.8329863e-02   2.4094429e-01   2.4971587e-01   4.2309580e-01   3.1122419e-01   1.5098111e-01   1.2847939e-01   1.2963207e-01   9.2158160e-02   2.5822557e-01   1.9342606e-01   1.7754466e-01   1.4859040e-01   2.1891897e-01   2.7240716e-01   2.0820220e-01   1.7154968e-01   3.7796917e-01   2.0962727e-01   2.0771315e-01   3.9497910e-01   3.0543415e-01   5.2263515e-02   3.0144504e-01
   7.0826196e-02   4.8329863e-02   2.4094429e-01   2.4971587e-01   1.8402932e-01   3.1122419e-01   1.5098111e-01   1.2847939e-01   8.5205989e-02   9.2158160e-02   2.5822557e-01   1.9342606e-01   1.7754466e-01   1.4859040e-01   1.1038045e-01   2.7240716e-01   2.0820220e-01   1.7154968e-01   3.7796917e-01   2.0962727e-01   2.0771315e-01   3.9497910e-01   3.0543415e-01   5.2263515e-02   3.0144504e-01
   4.3929299e-02   4.8329863e-02   2.4094429e-01   2.4971587e-01   1.3923590e-01   3.1122419e-01   1.5098111e-01   1.2847939e-01   8.5205989e-02   9.2158160e-02   2.5822557e-01   1.0077154e-01   1.7754466e-01   1.4859040e-01   1.1038045e-01   2.7240716e-01   2.0820220e-01   1.7154968e-01   2.3805086e-01   1.9881192e-01   2.0771315e-01   3.9497910e-01   3.0543415e-01   5.2263515e-02   1.7132719e-01
   4.3929299e-02   4.8329863e-02   2.4094429e-01   2.4971587e-01   1.3432846e-01   3.1122419e-01   1.5098111e-01   1.2847939e-01   8.5205989e-02   9.2158160e-02   2.5822557e-01   1.0077154e-01   1.7754466e-01   1.4859040e-01   1.1038045e-01   2.7240716e-01   2.0820220e-01   1.7154968e-01   2.3805086e-01   1.9881192e-01   2.0771315e-01   3.9497910e-01   3.0543415e-01   5.2263515e-02   1.7132719e-01
