   5.4945520e+02   5.4998147e+02   5.4977632e+02   5.5597347e+02   5.4542272e+02   5.3109963e+02   5.3139049e+02   5.7101328e+02   5.4395572e+02   5.4164553e+02   5.5452384e+02   5.3973831e+02   5.4011497e+02   5.3691379e+02   5.4347219e+02   5.4366641e+02   5.6783800e+02   5.3618614e+02   5.4457513e+02   5.4121123e+02   5.5064779e+02   5.4731915e+02   5.4187115e+02   5.3840057e+02   5.5397917e+02
   5.3296350e+02   5.3612435e+02   5.3236092e+02   5.3203536e+02   5.4542272e+02   5.3109963e+02   5.2712632e+02   5.3837475e+02   5.3375093e+02   5.3858152e+02   5.4116868e+02   5.2932790e+02   5.2767018e+02   5.3199840e+02   5.3210092e+02   5.2944144e+02   5.3467311e+02   5.3192251e+02   5.2882589e+02   5.3700612e+02   5.3512762e+02   5.3151107e+02   5.3261226e+02   5.3840057e+02   5.3366070e+02
   5.3237982e+02   5.3612435e+02   5.3154440e+02   5.3203536e+02   5.3174747e+02   5.2695449e+02   5.2712632e+02   5.2847513e+02   5.3375093e+02   5.3763053e+02   5.3120936e+02   5.2932790e+02   5.2767018e+02   5.2822117e+02   5.2809660e+02   5.2944144e+02   5.2922200e+02   5.3010444e+02   5.2882589e+02   5.3464131e+02   5.3106642e+02   5.3146868e+02   5.2978662e+02   5.3105733e+02   5.3364964e+02
   5.3173664e+02   5.2497871e+02   5.2565643e+02   5.2806679e+02   5.2675623e+02   5.2695449e+02   5.2466842e+02   5.2527129e+02   5.3074318e+02   5.2772723e+02   5.2929279e+02   5.2668948e+02   5.2757956e+02   5.2533813e+02   5.2798085e+02   5.2800032e+02   5.2637263e+02   5.2938229e+02   5.2657795e+02   5.2793642e+02   5.2781397e+02   5.2779481e+02   5.2725396e+02   5.2824818e+02   5.2784246e+02
   5.2868895e+02   5.2497871e+02   5.2565643e+02   5.2623127e+02   5.2675623e+02   5.2553753e+02   5.2466842e+02   5.2527129e+02   5.2998081e+02   5.2655263e+02   5.2929279e+02   5.2668948e+02   5.2757956e+02   5.2518634e+02   5.2723705e+02   5.2741034e+02   5.2637263e+02   5.2938229e+02   5.2487232e+02   5.2634694e+02   5.2781397e+02   5.2611913e+02   5.2725396e+02   5.2649066e+02   5.2784246e+02
   5.2868895e+02   5.2479060e+02   5.2565643e+02   5.2560971e+02   5.2475440e+02   5.2553753e+02   5.2466842e+02   5.2527129e+02   5.2998081e+02   5.2655263e+02   5.2889296e+02   5.2517982e+02   5.2595428e+02   5.2492576e+02   5.2577709e+02   5.2633999e+02   5.2637263e+02   5.2500750e+02   5.2471939e+02   5.2530154e+02   5.2545112e+02   5.2611913e+02   5.2702327e+02   5.2641745e+02   5.2582274e+02
   5.2868895e+02   5.2465737e+02   5.2490982e+02   5.2526279e+02   5.2475440e+02   5.2513981e+02   5.2466842e+02   5.2510197e+02   5.2484918e+02   5.2523686e+02   5.2499909e+02   5.2517982e+02   5.2518551e+02   5.2492576e+02   5.2577709e+02   5.2540654e+02   5.2637263e+02   5.2500750e+02   5.2471939e+02   5.2458342e+02   5.2471354e+02   5.2539692e+02   5.2519327e+02   5.2541041e+02   5.2518436e+02
   5.2627705e+02   5.2465721e+02   5.2469562e+02   5.2476742e+02   5.2475440e+02   5.2484297e+02   5.2466842e+02   5.2499371e+02   5.2457085e+02   5.2466698e+02   5.2489728e+02   5.2517982e+02   5.2478318e+02   5.2492576e+02   5.2495658e+02   5.2536442e+02   5.2499529e+02   5.2500750e+02   5.2471939e+02   5.2455127e+02   5.2451223e+02   5.2525332e+02   5.2484132e+02   5.2463681e+02   5.2518436e+02
   5.2454870e+02   5.2465597e+02   5.2469562e+02   5.2476742e+02   5.2475440e+02   5.2484297e+02   5.2466842e+02   5.2475696e+02   5.2455072e+02   5.2466698e+02   5.2489728e+02   5.2517982e+02   5.2478318e+02   5.2456948e+02   5.2481144e+02   5.2509505e+02   5.2486007e+02   5.2467494e+02   5.2471939e+02   5.2454613e+02   5.2450822e+02   5.2519744e+02   5.2458249e+02   5.2463681e+02   5.2503208e+02
   5.2453119e+02   5.2465597e+02   5.2469562e+02   5.2476742e+02   5.2475440e+02   5.2484297e+02   5.2466842e+02   5.2471629e+02   5.2455068e+02   5.2466698e+02   5.2488011e+02   5.2517982e+02   5.2478318e+02   5.2453828e+02   5.2461802e+02   5.2509505e+02   5.2486007e+02   5.2464797e+02   5.2471939e+02   5.2454604e+02   5.2450822e+02   5.2519744e+02   5.2457635e+02   5.2463681e+02   5.2486351e+02
