   0.0000000e+00   1.5026317e-01   1.1928516e-01   2.0827553e-01   0.0000000e+00   2.1059930e-01   2.6588798e-01   1.5801360e-01   8.3549857e-02   0.0000000e+00   2.6553123e-01   2.1519332e-02   3.5183628e-02   2.7863591e-01   6.4792771e-02   2.4286104e-01   1.0533297e-01   8.3620172e-02   9.5355797e-02   1.1390523e-01   5.5948137e-02   0.0000000e+00   0.0000000e+00   9.1488745e-02   4.6489363e-03
   0.0000000e+00   9.9509185e-02   1.1928516e-01   9.0405762e-02   0.0000000e+00   1.9676752e-02   1.5104525e-01   0.0000000e+00   0.0000000e+00   0.0000000e+00   1.7429429e-04   2.1519332e-02   3.5183628e-02   1.2113972e-01   4.8561528e-02   0.0000000e+00   0.0000000e+00   8.3620172e-02   0.0000000e+00   1.1390523e-01   5.5948137e-02   0.0000000e+00   0.0000000e+00   0.0000000e+00   0.0000000e+00
   0.0000000e+00   0.0000000e+00   1.1096975e-05   5.9515297e-03   0.0000000e+00   1.9676752e-02   6.6800385e-02   0.0000000e+00   0.0000000e+00   0.0000000e+00   1.7429429e-04   2.1519332e-02   0.0000000e+00   2.8965467e-02   4.8561528e-02   0.0000000e+00   0.0000000e+00   1.4631285e-02   0.0000000e+00   9.6574833e-02   5.5948137e-02   0.0000000e+00   0.0000000e+00   0.0000000e+00   0.0000000e+00
   0.0000000e+00   0.0000000e+00   1.1096975e-05   5.9515297e-03   0.0000000e+00   1.9676752e-02   6.6800385e-02   0.0000000e+00   0.0000000e+00   0.0000000e+00   1.7429429e-04   2.1519332e-02   0.0000000e+00   0.0000000e+00   4.8561528e-02   0.0000000e+00   0.0000000e+00   1.4631285e-02   0.0000000e+00   7.4836361e-02   5.5948137e-02   0.0000000e+00   0.0000000e+00   0.0000000e+00   0.0000000e+00
   0.0000000e+00   0.0000000e+00   1.1096975e-05   5.9515297e-03   0.0000000e+00   1.9676752e-02   6.6800385e-02   0.0000000e+00   0.0000000e+00   0.0000000e+00   0.0000000e+00   0.0000000e+00   0.0000000e+00   0.0000000e+00   4.8561528e-02   0.0000000e+00   0.0000000e+00   0.0000000e+00   0.0000000e+00   0.0000000e+00   0.0000000e+00   0.0000000e+00   0.0000000e+00   0.0000000e+00   0.0000000e+00
   0.0000000e+00   0.0000000e+00   0.0000000e+00   5.9515297e-03   0.0000000e+00   0.0000000e+00   6.6800385e-02   0.0000000e+00   0.0000000e+00   0.0000000e+00   0.0000000e+00   0.0000000e+00   0.0000000e+00   0.0000000e+00   4.8561528e-02   0.0000000e+00   0.0000000e+00   0.0000000e+00   0.0000000e+00   0.0000000e+00   0.0000000e+00   0.0000000e+00   0.0000000e+00   0.0000000e+00   0.0000000e+00
   0.0000000e+00   0.0000000e+00   0.0000000e+00   5.9515297e-03   0.0000000e+00   0.0000000e+00   6.6800385e-02   0.0000000e+00   0.0000000e+00   0.0000000e+00   0.0000000e+00   0.0000000e+00   0.0000000e+00   0.0000000e+00   4.8561528e-02   0.0000000e+00   0.0000000e+00   0.0000000e+00   0.0000000e+00   0.0000000e+00   0.0000000e+00   0.0000000e+00   0.0000000e+00   0.0000000e+00   0.0000000e+00
   0.0000000e+00   0.0000000e+00   0.0000000e+00   5.9515297e-03   0.0000000e+00   0.0000000e+00   6.6800385e-02   0.0000000e+00   0.0000000e+00   0.0000000e+00   0.0000000e+00   0.0000000e+00   0.0000000e+00   0.0000000e+00   4.8561528e-02   0.0000000e+00   0.0000000e+00   0.0000000e+00   0.0000000e+00   0.0000000e+00   0.0000000e+00   0.0000000e+00   0.0000000e+00   0.0000000e+00   0.0000000e+00
   0.0000000e+00   0.0000000e+00   0.0000000e+00   5.9515297e-03   0.0000000e+00   0.0000000e+00   0.0000000e+00   0.0000000e+00   0.0000000e+00   0.0000000e+00   0.0000000e+00   0.0000000e+00   0.0000000e+00   0.0000000e+00   0.0000000e+00   0.0000000e+00   0.0000000e+00   0.0000000e+00   0.0000000e+00   0.0000000e+00   0.0000000e+00   0.0000000e+00   0.0000000e+00   0.0000000e+00   0.0000000e+00
   0.0000000e+00   0.0000000e+00   0.0000000e+00   5.9515297e-03   0.0000000e+00   0.0000000e+00   0.0000000e+00   0.0000000e+00   0.0000000e+00   0.0000000e+00   0.0000000e+00   0.0000000e+00   0.0000000e+00   0.0000000e+00   0.0000000e+00   0.0000000e+00   0.0000000e+00   0.0000000e+00   0.0000000e+00   0.0000000e+00   0.0000000e+00   0.0000000e+00   0.0000000e+00   0.0000000e+00   0.0000000e+00
