   3.6484999e-01   3.3121811e-01   4.4596545e-01   3.4665039e-01   4.0926327e-01   2.6506611e-01   3.0014166e-01   2.4758692e-01   2.3806521e-01   4.1239781e-01   3.2832165e-01   3.3344395e-01   2.9075017e-01   3.6664863e-01   3.8351127e-01   2.8556183e-01   5.5220001e-01   1.9303153e-01   4.8370493e-01   6.0102966e-01   2.7585997e-01   4.1797976e-01   3.3610730e-01   3.2562762e-01   3.2295060e-01
   3.6484999e-01   3.3121811e-01   4.4596545e-01   3.4665039e-01   4.0926327e-01   2.6506611e-01   3.0014166e-01   2.4758692e-01   2.3806521e-01   4.1239781e-01   3.2832165e-01   3.3344395e-01   2.9075017e-01   3.6664863e-01   3.8351127e-01   2.8556183e-01   5.5220001e-01   1.9303153e-01   4.8370493e-01   6.0102966e-01   2.7585997e-01   4.1797976e-01   3.3610730e-01   3.2562762e-01   3.2295060e-01
   3.6484999e-01   3.3121811e-01   4.4596545e-01   3.4665039e-01   4.0926327e-01   2.6506611e-01   3.0014166e-01   2.4758692e-01   2.3806521e-01   4.1239781e-01   3.2832165e-01   3.3344395e-01   2.9075017e-01   3.6664863e-01   3.8351127e-01   2.8556183e-01   5.5220001e-01   1.9303153e-01   4.8370493e-01   6.0102966e-01   2.7585997e-01   4.1797976e-01   3.3610730e-01   3.2562762e-01   3.2295060e-01
   7.2959959e-02   3.3121811e-01   4.4596545e-01   3.4665039e-01   6.4600423e-02   5.1345161e-02   3.0014166e-01   2.4758692e-01   2.3806521e-01   4.1239781e-01   3.2832165e-01   3.3344395e-01   2.9075017e-01   3.6664863e-01   3.8351127e-01   2.8556183e-01   5.5220001e-01   1.9303153e-01   4.8370493e-01   6.0102966e-01   2.7585997e-01   4.1797976e-01   3.3610730e-01   3.2562762e-01   3.2295060e-01
   7.2959959e-02   3.3121811e-01   4.4596545e-01   3.4665039e-01   6.4600423e-02   5.1345161e-02   6.1268192e-02   6.5293046e-02   6.1214287e-02   4.1239781e-01   7.4046069e-02   5.2842208e-02   2.9075017e-01   6.5762339e-02   7.2006507e-02   2.8556183e-01   7.6254427e-02   6.6363698e-02   8.3074499e-02   6.3592338e-02   7.3391337e-02   6.8507037e-02   3.3610730e-01   7.5806698e-02   8.9896352e-02
   7.2959959e-02   5.2343025e-02   7.8235666e-02   5.7632075e-02   6.4600423e-02   5.1345161e-02   6.1268192e-02   6.5293046e-02   6.1214287e-02   6.0077496e-02   7.4046069e-02   5.2842208e-02   6.0618078e-02   6.5762339e-02   7.2006507e-02   6.9945802e-02   7.6254427e-02   6.6363698e-02   8.3074499e-02   6.3592338e-02   7.3391337e-02   6.8507037e-02   6.2333310e-02   7.5806698e-02   8.9896352e-02
   7.2959959e-02   5.2343025e-02   7.8235666e-02   5.7632075e-02   6.4600423e-02   5.1345161e-02   6.1268192e-02   6.5293046e-02   6.1214287e-02   6.0077496e-02   7.4046069e-02   5.2842208e-02   6.0618078e-02   6.5762339e-02   7.2006507e-02   6.9945802e-02   7.6254427e-02   6.6363698e-02   8.3074499e-02   6.3592338e-02   7.3391337e-02   6.8507037e-02   6.2333310e-02   7.5806698e-02   8.9896352e-02
   7.2959959e-02   5.2343025e-02   7.8235666e-02   5.7632075e-02   6.4600423e-02   5.1345161e-02   6.1268192e-02   6.5293046e-02   6.1214287e-02   6.0077496e-02   6.4327006e-02   5.2842208e-02   6.0618078e-02   6.5762339e-02   7.2006507e-02   6.9945802e-02   6.4679138e-02   6.6363698e-02   8.3074499e-02   6.3592338e-02   7.3391337e-02   6.8507037e-02   6.2333310e-02   7.5806698e-02   8.9896352e-02
   7.2959959e-02   5.2343025e-02   7.8235666e-02   5.7632075e-02   6.4600423e-02   5.1345161e-02   6.1268192e-02   6.5293046e-02   6.1214287e-02   6.0077496e-02   6.4327006e-02   5.2842208e-02   6.0618078e-02   6.5762339e-02   7.2006507e-02   6.9945802e-02   6.4679138e-02   6.6363698e-02   8.3074499e-02   6.3592338e-02   7.3391337e-02   6.8507037e-02   6.2333310e-02   7.5806698e-02   8.9896352e-02
   7.2959959e-02   5.2343025e-02   6.3313270e-02   5.7632075e-02   6.4600423e-02   5.1345161e-02   6.1268192e-02   6.5293046e-02   6.1214287e-02   6.0077496e-02   6.4327006e-02   5.2842208e-02   6.0618078e-02   6.5762339e-02   7.2006507e-02   6.9945802e-02   6.4679138e-02   6.6363698e-02   8.3074499e-02   6.3592338e-02   7.3391337e-02   6.8507037e-02   6.2333310e-02   7.5806698e-02   8.9896352e-02
