   1.4766554e+04   1.4766570e+04   1.4766566e+04   1.4766563e+04   1.4765671e+04   1.4766097e+04   1.4766565e+04   1.4766535e+04   1.4766541e+04   1.4766538e+04   1.4766077e+04   1.4764988e+04   1.4763420e+04   1.4763517e+04   1.4766558e+04   1.4764360e+04   1.4766092e+04   1.4764736e+04   1.4766562e+04   1.4764364e+04   1.4766558e+04   1.4766532e+04   1.4766560e+04   1.4764169e+04   1.4765806e+04
   1.4766554e+04   1.4766570e+04   1.4766566e+04   1.4766563e+04   1.4765671e+04   1.4766097e+04   1.4766565e+04   1.4766535e+04   1.4766541e+04   1.4766538e+04   1.4766077e+04   1.4764988e+04   1.4763420e+04   1.4763517e+04   1.4766558e+04   1.4764360e+04   1.4766092e+04   1.4764736e+04   1.4766562e+04   1.4764364e+04   1.4766558e+04   1.4766532e+04   1.4766560e+04   1.4764169e+04   1.4765806e+04
   1.4766554e+04   1.4766570e+04   1.4766566e+04   1.4766563e+04   1.4765671e+04   1.4766097e+04   1.4766565e+04   1.4766535e+04   1.4766541e+04   1.4766538e+04   1.4766077e+04   1.4764988e+04   1.4763420e+04   1.4763517e+04   1.4766558e+04   1.4764360e+04   1.4766092e+04   1.4764736e+04   1.4766562e+04   1.4764364e+04   1.4766558e+04   1.4766532e+04   1.4766560e+04   1.4764169e+04   1.4765806e+04
   1.4766554e+04   1.4766570e+04   1.4766566e+04   1.4766563e+04   1.4765671e+04   1.4766097e+04   1.4766565e+04   1.4766535e+04   1.4766541e+04   1.4766538e+04   1.4766077e+04   1.4764988e+04   1.4763420e+04   1.4763517e+04   1.4766558e+04   1.4764360e+04   1.4766092e+04   1.4764736e+04   1.4766562e+04   1.4764364e+04   1.4766558e+04   1.4766410e+04   1.4766560e+04   1.4764169e+04   1.4765806e+04
   1.4766554e+04   1.4766570e+04   1.4766563e+04   1.4766563e+04   1.4765671e+04   1.4766097e+04   1.4766565e+04   1.4766535e+04   1.4766541e+04   1.4766538e+04   1.4766077e+04   1.4764988e+04   1.4763420e+04   1.4763517e+04   1.4766558e+04   1.4764360e+04   1.4766092e+04   1.4764736e+04   1.4766562e+04   1.4764364e+04   1.4766553e+04   1.4766410e+04   1.4766560e+04   1.4764169e+04   1.4765806e+04
   1.4766554e+04   1.4766570e+04   1.4766563e+04   1.4766563e+04   1.4765671e+04   1.4766097e+04   1.4766565e+04   1.4766535e+04   1.4766541e+04   1.4766538e+04   1.4766077e+04   1.4764988e+04   1.4763420e+04   1.4763517e+04   1.4766558e+04   1.4764360e+04   1.4766092e+04   1.4764736e+04   1.4766562e+04   1.4764364e+04   1.4766553e+04   1.4766410e+04   1.4766560e+04   1.4764169e+04   1.4765806e+04
   1.4766554e+04   1.4766570e+04   1.4766563e+04   1.4766563e+04   1.4765671e+04   1.4766097e+04   1.4766565e+04   1.4766535e+04   1.4766541e+04   1.4753465e+04   1.4766077e+04   1.4764988e+04   1.4763420e+04   1.4763517e+04   1.4766558e+04   1.4764360e+04   1.4766092e+04   1.4764736e+04   1.4766562e+04   1.4764364e+04   1.4766553e+04   1.4766410e+04   1.4766393e+04   1.4764169e+04   1.4765806e+04
   1.4766554e+04   1.4766570e+04   1.4766563e+04   1.4766501e+04   1.4765671e+04   1.4766097e+04   1.4766553e+04   1.4766535e+04   1.4766541e+04   1.4753465e+04   1.4766077e+04   1.4764988e+04   1.4763420e+04   1.4763517e+04   1.4766558e+04   1.4764360e+04   1.4766092e+04   1.4764736e+04   1.4766562e+04   1.4764364e+04   1.4766553e+04   1.4766410e+04   1.4766393e+04   1.4764169e+04   1.4765806e+04
   1.4766554e+04   1.4766564e+04   1.4766563e+04   1.4766501e+04   1.4765671e+04   1.4766097e+04   1.4766553e+04   1.4766535e+04   1.4766541e+04   1.4753465e+04   1.4766077e+04   1.4764988e+04   1.4763420e+04   1.4763517e+04   1.4755403e+04   1.4764360e+04   1.4766092e+04   1.4764736e+04   1.4766562e+04   1.4764364e+04   1.4766553e+04   1.4766410e+04   1.4766393e+04   1.4763472e+04   1.4765806e+04
   1.4766554e+04   1.4766564e+04   1.4766563e+04   1.4766501e+04   1.4765671e+04   1.4766097e+04   1.4766553e+04   1.4766535e+04   1.4766541e+04   1.4753465e+04   1.4766077e+04   1.4764988e+04   1.4763420e+04   1.4763517e+04   1.4755403e+04   1.4764360e+04   1.4766092e+04   1.4764736e+04   1.4766562e+04   1.4764364e+04   1.4766553e+04   1.4766410e+04   1.4766393e+04   1.4763472e+04   1.4765806e+04
