   2.6310618e+00   2.7026514e+00   2.7520000e+00   2.7091815e+00   2.7520000e+00   2.7261945e+00   2.1653027e+00   2.6273550e+00   2.4946155e+00   2.6540206e+00   2.7519999e+00   2.3632086e+00   2.7519999e+00   2.7520000e+00   2.7520000e+00   2.3691560e+00   2.6559497e+00   2.2177126e+00   2.6976197e+00   2.6200328e+00   2.7158509e+00   2.7520000e+00   1.8639000e+00   2.6561345e+00   2.7449153e+00
   1.9441363e+00   2.6435338e+00   2.7520000e+00   2.3786322e+00   2.2294872e+00   2.7246167e+00   2.0856864e+00   2.0718474e+00   2.7202474e+00   2.0788214e+00   2.5927838e+00   2.3632086e+00   2.7519999e+00   2.1996383e+00   1.3874403e+00   2.4086929e+00   2.7076085e+00   2.2177126e+00   1.9822607e+00   2.6200328e+00   2.7158509e+00   2.7520000e+00   1.8639000e+00   2.2969000e+00   1.9420345e+00
   1.9441363e+00   2.0998793e+00   2.3461107e+00   2.4987700e+00   1.9666651e+00   2.7246167e+00   2.0349448e+00   2.0718474e+00   1.9785594e+00   2.0788214e+00   2.5927838e+00   2.3632086e+00   1.9236114e+00   1.8879490e+00   1.3874403e+00   2.3897114e+00   1.8977951e+00   1.9819464e+00   1.9822607e+00   2.3555544e+00   2.7158509e+00   1.9992865e+00   1.8639000e+00   2.0110994e+00   1.9420345e+00
   1.9441363e+00   2.0998793e+00   2.3461107e+00   2.4987700e+00   1.9666651e+00   2.7246167e+00   2.0349448e+00   1.9453556e+00   1.9785594e+00   2.0788214e+00   2.5927838e+00   2.3632086e+00   1.9236114e+00   1.9184772e+00   1.3874403e+00   2.3897114e+00   1.8977951e+00   1.9819464e+00   1.9822607e+00   2.4872330e+00   2.7158509e+00   1.9992865e+00   1.8639000e+00   2.0110994e+00   1.9420345e+00
   1.9441363e+00   1.9167568e+00   2.3461107e+00   2.4987700e+00   1.9666651e+00   2.7246167e+00   2.0349448e+00   1.9453556e+00   1.9785594e+00   2.0788214e+00   1.9289029e+00   1.9361892e+00   1.9236114e+00   1.9184772e+00   1.3874403e+00   2.1057891e+00   1.8977951e+00   1.9448561e+00   1.9822607e+00   2.0202333e+00   2.1745263e+00   1.9992865e+00   1.8639000e+00   1.9359033e+00   1.9420345e+00
   1.9441363e+00   1.9167568e+00   2.1368589e+00   2.4987700e+00   1.9666651e+00   2.0435217e+00   2.0349448e+00   1.9453556e+00   1.9785594e+00   2.0788214e+00   1.9289029e+00   1.9361892e+00   1.9236114e+00   1.9184772e+00   1.3874403e+00   2.1057891e+00   1.8977951e+00   1.9448561e+00   1.9822607e+00   2.0202333e+00   2.1745263e+00   1.9992865e+00   1.8639000e+00   1.9359033e+00   1.9420345e+00
   1.9441363e+00   1.8941994e+00   2.1368589e+00   2.4987700e+00   1.9666651e+00   2.0435217e+00   2.0349448e+00   1.9453556e+00   1.9785594e+00   2.0788214e+00   1.9289029e+00   1.9361892e+00   1.9236114e+00   1.9184772e+00   1.3874403e+00   2.1057891e+00   1.8977951e+00   1.9448561e+00   1.9822607e+00   2.0202333e+00   2.1745263e+00   1.9992865e+00   1.8639000e+00   1.9359033e+00   1.9420345e+00
   1.9441363e+00   1.8941994e+00   2.1368589e+00   2.4987700e+00   1.9666651e+00   2.0435217e+00   2.0349448e+00   1.9453556e+00   1.9785594e+00   2.0788214e+00   1.9289029e+00   1.9184174e+00   1.9236114e+00   1.9184772e+00   1.3874403e+00   2.1057891e+00   1.8977951e+00   1.9448561e+00   1.9822607e+00   2.0202333e+00   2.1745263e+00   1.9992865e+00   1.8639000e+00   1.9359033e+00   1.9420345e+00
   1.9441363e+00   1.8941994e+00   2.1368589e+00   2.4987700e+00   1.9666651e+00   2.0435217e+00   2.1254738e+00   1.9453556e+00   1.9785594e+00   2.0788214e+00   1.9289029e+00   1.9184174e+00   1.9236114e+00   1.9184772e+00   2.0062792e+00   2.1057891e+00   1.8977951e+00   1.9448561e+00   1.9822607e+00   2.0202333e+00   2.1745263e+00   1.9992865e+00   1.8639000e+00   1.9359033e+00   1.9420345e+00
   1.9316941e+00   1.8941994e+00   2.1368589e+00   2.4987700e+00   1.9666651e+00   2.0435217e+00   2.1254738e+00   1.9453556e+00   1.9785594e+00   2.0788214e+00   1.9289029e+00   1.9184174e+00   1.9236114e+00   1.9184772e+00   2.0062792e+00   2.1057891e+00   1.8977951e+00   1.9448561e+00   1.9822607e+00   2.0202333e+00   2.1745263e+00   1.9671499e+00   1.8639000e+00   1.9359033e+00   1.9420345e+00
