   1.6735787e+00   1.6749586e+00   1.6909218e+00   1.7064803e+00   1.6767679e+00   1.6704753e+00   1.6740650e+00   1.6764845e+00   1.6703348e+00   1.6702181e+00   1.6705618e+00   1.6714269e+00   1.6809412e+00   1.6702192e+00   1.7105596e+00   1.6740286e+00   1.6748140e+00   1.6706504e+00   1.6702186e+00   1.6769943e+00   1.6900545e+00   1.6731560e+00   1.6722923e+00   1.6707035e+00   1.6714563e+00
   1.6702215e+00   1.6702554e+00   1.6898538e+00   1.6713003e+00   1.6703102e+00   1.6702493e+00   1.6702180e+00   1.6702202e+00   1.6702179e+00   1.6702177e+00   1.6705618e+00   1.6702191e+00   1.6702350e+00   1.6702177e+00   1.6704144e+00   1.6702440e+00   1.6708169e+00   1.6702202e+00   1.6702177e+00   1.6702624e+00   1.6709042e+00   1.6702201e+00   1.6707029e+00   1.6702177e+00   1.6714563e+00
   1.6702177e+00   1.6702177e+00   1.6703404e+00   1.6713003e+00   1.6702177e+00   1.6702177e+00   1.6702177e+00   1.6702202e+00   1.6702177e+00   1.6702177e+00   1.6705618e+00   1.6702191e+00   1.6702350e+00   1.6702177e+00   1.6704144e+00   1.6702187e+00   1.6708169e+00   1.6702177e+00   1.6702177e+00   1.6702178e+00   1.6702189e+00   1.6702177e+00   1.6702177e+00   1.6702177e+00   1.6704395e+00
   1.6702177e+00   1.6702177e+00   1.6702177e+00   1.6713003e+00   1.6702177e+00   1.6702177e+00   1.6702177e+00   1.6702177e+00   1.6702177e+00   1.6702177e+00   1.6705618e+00   1.6702191e+00   1.6702179e+00   1.6702177e+00   1.6702177e+00   1.6702187e+00   1.6702177e+00   1.6702177e+00   1.6702177e+00   1.6702177e+00   1.6702177e+00   1.6702177e+00   1.6702177e+00   1.6702177e+00   1.6702177e+00
   1.6702177e+00   1.6702177e+00   1.6702177e+00   1.6704843e+00   1.6702177e+00   1.6702177e+00   1.6702177e+00   1.6702177e+00   1.6702177e+00   1.6702177e+00   1.6702422e+00   1.6702191e+00   1.6702177e+00   1.6702177e+00   1.6702177e+00   1.6702178e+00   1.6702177e+00   1.6702177e+00   1.6702177e+00   1.6702177e+00   1.6702177e+00   1.6702177e+00   1.6702177e+00   1.6702177e+00   1.6702177e+00
   1.6702177e+00   1.6702177e+00   1.6702177e+00   1.6704843e+00   1.6702177e+00   1.6702177e+00   1.6702177e+00   1.6702177e+00   1.6702177e+00   1.6702177e+00   1.6702200e+00   1.6702177e+00   1.6702177e+00   1.6702177e+00   1.6702177e+00   1.6702177e+00   1.6702177e+00   1.6702177e+00   1.6702177e+00   1.6702177e+00   1.6702177e+00   1.6702177e+00   1.6702177e+00   1.6702177e+00   1.6702177e+00
   1.6702177e+00   1.6702177e+00   1.6702177e+00   1.6704843e+00   1.6702177e+00   1.6702177e+00   1.6702177e+00   1.6702177e+00   1.6702177e+00   1.6702177e+00   1.6702178e+00   1.6702177e+00   1.6702177e+00   1.6702177e+00   1.6702177e+00   1.6702177e+00   1.6702177e+00   1.6702177e+00   1.6702177e+00   1.6702177e+00   1.6702177e+00   1.6702177e+00   1.6702177e+00   1.6702177e+00   1.6702177e+00
   1.6702177e+00   1.6702177e+00   1.6702177e+00   1.6704843e+00   1.6702177e+00   1.6702177e+00   1.6702177e+00   1.6702177e+00   1.6702177e+00   1.6702177e+00   1.6702177e+00   1.6702177e+00   1.6702177e+00   1.6702177e+00   1.6702177e+00   1.6702177e+00   1.6702177e+00   1.6702177e+00   1.6702177e+00   1.6702177e+00   1.6702177e+00   1.6702177e+00   1.6702177e+00   1.6702177e+00   1.6702177e+00
   1.6702177e+00   1.6702177e+00   1.6702177e+00   1.6704843e+00   1.6702177e+00   1.6702177e+00   1.6702177e+00   1.6702177e+00   1.6702177e+00   1.6702177e+00   1.6702177e+00   1.6702177e+00   1.6702177e+00   1.6702177e+00   1.6702177e+00   1.6702177e+00   1.6702177e+00   1.6702177e+00   1.6702177e+00   1.6702177e+00   1.6702177e+00   1.6702177e+00   1.6702177e+00   1.6702177e+00   1.6702177e+00
   1.6702177e+00   1.6702177e+00   1.6702177e+00   1.6704843e+00   1.6702177e+00   1.6702177e+00   1.6702177e+00   1.6702177e+00   1.6702177e+00   1.6702177e+00   1.6702177e+00   1.6702177e+00   1.6702177e+00   1.6702177e+00   1.6702177e+00   1.6702177e+00   1.6702177e+00   1.6702177e+00   1.6702177e+00   1.6702177e+00   1.6702177e+00   1.6702177e+00   1.6702177e+00   1.6702177e+00   1.6702177e+00
