   5.2883709e-01   1.4580964e+01   3.5255806e-01   2.0272088e+00   3.7018596e+00   3.7591349e-02   7.3851867e+00   3.5255806e-01   3.1717701e+00   2.8207887e+00   8.8949211e+00   3.9662782e+00   2.3456573e+00   2.6441855e-01   5.4992240e+00   4.7048983e+00   8.0269886e+00   4.8659568e-01   2.6441855e-01   2.5802932e+00   3.0295093e+00   6.7538660e+00   7.3256414e+00   3.5255806e-01   8.9112961e+00
   4.8852877e+00   1.4580964e+01   4.0318315e+00   2.0272088e+00   5.0255853e+00   3.5624471e-01   4.2673012e+00   3.6107447e+00   3.1717701e+00   7.0182270e+00   6.5431320e+00   4.1577076e+00   8.0856123e+00   2.5296922e+00   5.4992240e+00   4.7048983e+00   3.6373490e+00   3.5255806e-01   3.3838256e+00   1.5498728e+01   3.0295093e+00   4.1435367e+00   6.1560151e+00   3.5255806e-01   8.9112961e+00
   4.8852877e+00   3.2227369e+00   4.0318315e+00   2.0272088e+00   5.0255853e+00   3.5624471e-01   4.1425572e+00   3.6107447e+00   7.7653302e+00   5.1491582e+00   6.5431320e+00   3.9744493e+00   9.0622825e+00   6.5150794e+00   5.4992240e+00   2.9034388e+00   3.6373490e+00   5.1961263e+00   3.3838256e+00   1.5498728e+01   3.0295093e+00   4.1435367e+00   4.3655038e+00   5.0206074e+00   8.9112961e+00
   4.8852877e+00   3.2227369e+00   4.7757910e+00   6.5462449e+00   5.0255853e+00   4.2504983e+00   5.7350104e+00   3.6107447e+00   3.2233217e+00   5.1491582e+00   6.5431320e+00   4.0668816e+00   9.0622825e+00   6.5150794e+00   5.4992240e+00   2.9034388e+00   3.6373490e+00   5.1961263e+00   3.3838256e+00   2.8523433e+00   3.0295093e+00   4.1435367e+00   4.3655038e+00   5.0206074e+00   8.9112961e+00
   4.8852877e+00   3.2227369e+00   4.7757910e+00   6.5462449e+00   5.0255853e+00   3.8820234e+00   5.7350104e+00   3.6107447e+00   3.2233217e+00   5.1491582e+00   6.5431320e+00   4.0668816e+00   9.0622825e+00   6.5150794e+00   5.4992240e+00   2.9034388e+00   3.6373490e+00   5.1961263e+00   3.3838256e+00   2.8523433e+00   3.0295093e+00   4.1435367e+00   4.3655038e+00   5.0206074e+00   8.9112961e+00
   4.8852877e+00   3.2227369e+00   4.7757910e+00   6.5462449e+00   5.0255853e+00   3.8820234e+00   5.7350104e+00   3.5982336e+00   3.2233217e+00   4.9083464e+00   6.5431320e+00   4.0668816e+00   9.0622825e+00   6.5150794e+00   5.4992240e+00   3.7787779e+00   3.6373490e+00   5.1961263e+00   3.3838256e+00   2.8523433e+00   3.0295093e+00   4.1435367e+00   4.3655038e+00   5.0206074e+00   8.9112961e+00
   4.8852877e+00   3.0763033e+00   4.7757910e+00   6.5462449e+00   3.7083696e+00   3.8820234e+00   5.7350104e+00   3.5982336e+00   3.2233217e+00   4.9083464e+00   6.5431320e+00   4.9412354e+00   6.7396773e+00   4.9977848e+00   5.4992240e+00   3.7787779e+00   3.6373490e+00   5.1961263e+00   3.3838256e+00   2.8523433e+00   3.0295093e+00   4.1435367e+00   4.3655038e+00   5.0206074e+00   3.8786293e+00
   4.8852877e+00   3.0763033e+00   4.7757910e+00   6.0166812e+00   3.7083696e+00   3.8820234e+00   5.7350104e+00   3.5982336e+00   3.2233217e+00   4.9083464e+00   6.5431320e+00   4.9412354e+00   6.7396773e+00   4.9977848e+00   5.0177798e+00   3.7787779e+00   3.6373490e+00   5.1961263e+00   3.3838256e+00   2.8523433e+00   3.0295093e+00   4.1435367e+00   4.3655038e+00   5.0206074e+00   3.8786293e+00
   4.8852877e+00   3.0763033e+00   4.7757910e+00   6.0166812e+00   3.7083696e+00   3.3301868e+00   5.7350104e+00   3.5982336e+00   3.2233217e+00   4.9083464e+00   6.5431320e+00   4.9412354e+00   6.7396773e+00   3.5598769e+00   5.0177798e+00   3.7787779e+00   3.6373490e+00   5.1961263e+00   3.3838256e+00   2.8523433e+00   3.0295093e+00   4.1435367e+00   4.3655038e+00   5.0206074e+00   3.8786293e+00
   4.6895824e+00   3.0763033e+00   3.9972974e+00   3.5681124e+00   3.7083696e+00   3.3301868e+00   5.7350104e+00   3.5982336e+00   3.2233217e+00   4.9083464e+00   6.5431320e+00   4.9412354e+00   6.7396773e+00   3.5598769e+00   5.0177798e+00   3.7787779e+00   3.6373490e+00   5.1961263e+00   3.3838256e+00   2.8523433e+00   3.0295093e+00   4.1435367e+00   4.3655038e+00   5.0206074e+00   3.8786293e+00
