   8.4468016e-01   2.4932612e-01   2.1175737e-01   1.4434883e-01   1.1191606e-01   2.5868021e-01   2.3351285e-01   2.4162725e-01   9.6196180e-02   1.1182587e+00   3.3502635e-01   7.3688269e-01   1.3292260e-01   9.8081855e-02   9.1000469e-02   8.5741354e-01   3.3106955e-01   1.2495669e+00   1.1232054e-01   5.7419508e-01   3.6556383e-01   1.8486736e-01   9.5710649e-02   1.3665234e-01   2.8161177e-01
   8.4468016e-01   2.4932612e-01   2.1175737e-01   1.4434883e-01   1.1191606e-01   2.5868021e-01   2.3351285e-01   2.4162725e-01   9.6196180e-02   1.1182587e+00   3.3502635e-01   7.3688269e-01   1.3292260e-01   9.8081855e-02   9.1000469e-02   8.5741354e-01   3.3106955e-01   1.2495669e+00   1.1232054e-01   5.7419508e-01   3.6556383e-01   1.8486736e-01   9.5710649e-02   1.3665234e-01   2.8161177e-01
   8.4468016e-01   2.4932612e-01   2.1175737e-01   1.4434883e-01   1.1191606e-01   2.5868021e-01   2.3351285e-01   2.4162725e-01   9.6196180e-02   1.1182587e+00   3.3502635e-01   7.3688269e-01   1.3292260e-01   9.8081855e-02   9.1000469e-02   8.5741354e-01   3.3106955e-01   1.2495669e+00   1.1232054e-01   5.7419508e-01   3.6556383e-01   1.8486736e-01   9.5710649e-02   1.3665234e-01   2.8161177e-01
   8.4468016e-01   2.4932612e-01   2.1175737e-01   1.4434883e-01   1.1191606e-01   2.5868021e-01   2.3351285e-01   2.4162725e-01   9.6196180e-02   1.1182587e+00   3.3502635e-01   7.3688269e-01   1.3292260e-01   9.8081855e-02   9.1000469e-02   8.5741354e-01   3.3106955e-01   1.2495669e+00   1.1232054e-01   5.7419508e-01   3.6556383e-01   1.8486736e-01   9.5710649e-02   1.3665234e-01   2.8161177e-01
   4.5899884e-01   2.4932612e-01   2.1175737e-01   1.4434883e-01   1.1191606e-01   2.5868021e-01   2.3351285e-01   5.2754144e-02   9.6196180e-02   7.0605366e-01   3.3502635e-01   8.6820426e-02   1.3292260e-01   9.8081855e-02   9.1000469e-02   6.1627971e-01   3.3106955e-01   4.4676760e-01   1.1232054e-01   8.2523086e-02   1.1348806e-01   6.8227913e-02   7.1642169e-02   1.3665234e-01   2.8161177e-01
   4.5899884e-01   3.6355277e-02   1.7745263e-01   5.6837338e-02   1.1191606e-01   1.6324173e-01   2.3351285e-01   5.2754144e-02   9.6196180e-02   7.0605366e-01   1.8255085e-01   8.6820426e-02   1.0888646e-01   6.7179541e-02   7.2900311e-02   6.1627971e-01   3.3106955e-01   4.4676760e-01   1.1232054e-01   8.2523086e-02   1.1348806e-01   6.8227913e-02   7.1642169e-02   1.3665234e-01   2.8161177e-01
   4.5899884e-01   3.6355277e-02   1.7745263e-01   5.6837338e-02   1.1191606e-01   1.6324173e-01   2.3351285e-01   5.2754144e-02   9.6196180e-02   7.0605366e-01   1.8255085e-01   8.6820426e-02   1.0888646e-01   6.7179541e-02   7.2900311e-02   1.3756268e-01   3.3106955e-01   4.4676760e-01   1.1232054e-01   8.1883374e-02   1.1348806e-01   6.8227913e-02   7.1642169e-02   1.1233553e-01   2.8161177e-01
   4.5899884e-01   3.6355277e-02   1.7745263e-01   5.6837338e-02   8.2943680e-02   1.6324173e-01   2.3351285e-01   3.4726191e-02   9.6196180e-02   7.0605366e-01   1.8255085e-01   8.6820426e-02   7.9891417e-02   6.7179541e-02   7.2900311e-02   1.3756268e-01   3.3106955e-01   4.4676760e-01   1.1232054e-01   8.1883374e-02   1.1348806e-01   6.8227913e-02   7.1642169e-02   1.1233553e-01   2.8161177e-01
   4.5899884e-01   3.6355277e-02   1.7745263e-01   4.9801843e-02   8.2943680e-02   1.6324173e-01   2.3351285e-01   3.4726191e-02   9.6196180e-02   7.0605366e-01   7.7001278e-02   8.6820426e-02   7.9891417e-02   6.7179541e-02   7.2900311e-02   1.3756268e-01   3.3106955e-01   4.4676760e-01   1.1232054e-01   8.1883374e-02   1.1348806e-01   6.8227913e-02   7.1642169e-02   1.1233553e-01   2.8161177e-01
   4.5899884e-01   3.6355277e-02   1.7745263e-01   4.9801843e-02   8.2943680e-02   1.6324173e-01   2.3351285e-01   3.4726191e-02   9.6196180e-02   7.0605366e-01   7.7001278e-02   8.6820426e-02   7.9891417e-02   6.7179541e-02   7.2900311e-02   1.3756268e-01   3.3106955e-01   4.4676760e-01   1.1232054e-01   8.1883374e-02   1.1348806e-01   6.8227913e-02   7.1642169e-02   1.1233553e-01   2.8161177e-01
