   5.8911002e-16   6.7326860e-16   4.2079287e-16   5.8911002e-16   3.3663430e-16   6.7326860e-16   5.0495145e-16   2.3932310e-16   6.7326860e-16   7.5742717e-16   5.8911002e-16   6.7326860e-16   7.5742717e-16   7.5742717e-16   1.6831715e-16   4.2079287e-16   5.8911002e-16   9.2574432e-16   8.4158575e-16   9.2574432e-16   5.8911002e-16   5.8911002e-16   7.5742717e-16   5.8911002e-16   2.5247572e-16
   5.8911002e-16   6.7326860e-16   4.2079287e-16   5.8911002e-16   1.6831715e-16   6.7326860e-16   5.0495145e-16   2.3932310e-16   6.7326860e-16   5.0495145e-16   5.8911002e-16   6.7326860e-16   4.2079287e-16   5.0495145e-16   1.6831715e-16   4.2079287e-16   8.4158575e-17   5.0495145e-16   7.5742717e-16   3.3663430e-16   5.8911002e-16   5.8911002e-16   3.3663430e-16   5.0495145e-16   2.5247572e-16
   0.0000000e+00   6.7326860e-16   0.0000000e+00   2.4946680e-17   1.6831715e-16   5.0495145e-16   1.6831715e-16   2.3932310e-16   1.6831715e-16   1.6831715e-16   0.0000000e+00   4.2079287e-16   2.5247572e-16   3.3663430e-16   1.6831715e-16   0.0000000e+00   0.0000000e+00   0.0000000e+00   2.5247572e-16   8.4158575e-17   4.2079287e-16   0.0000000e+00   0.0000000e+00   0.0000000e+00   2.5247572e-16
   0.0000000e+00   2.5247572e-16   0.0000000e+00   0.0000000e+00   0.0000000e+00   0.0000000e+00   0.0000000e+00   0.0000000e+00   0.0000000e+00   0.0000000e+00   0.0000000e+00   0.0000000e+00   0.0000000e+00   3.3663430e-16   0.0000000e+00   0.0000000e+00   0.0000000e+00   0.0000000e+00   1.6831715e-16   0.0000000e+00   0.0000000e+00   0.0000000e+00   0.0000000e+00   0.0000000e+00   0.0000000e+00
   0.0000000e+00   0.0000000e+00   0.0000000e+00   0.0000000e+00   0.0000000e+00   0.0000000e+00   0.0000000e+00   0.0000000e+00   0.0000000e+00   0.0000000e+00   0.0000000e+00   0.0000000e+00   0.0000000e+00   0.0000000e+00   0.0000000e+00   0.0000000e+00   0.0000000e+00   0.0000000e+00   0.0000000e+00   0.0000000e+00   0.0000000e+00   0.0000000e+00   0.0000000e+00   0.0000000e+00   0.0000000e+00
   0.0000000e+00   0.0000000e+00   0.0000000e+00   0.0000000e+00   0.0000000e+00   0.0000000e+00   0.0000000e+00   0.0000000e+00   0.0000000e+00   0.0000000e+00   0.0000000e+00   0.0000000e+00   0.0000000e+00   0.0000000e+00   0.0000000e+00   0.0000000e+00   0.0000000e+00   0.0000000e+00   0.0000000e+00   0.0000000e+00   0.0000000e+00   0.0000000e+00   0.0000000e+00   0.0000000e+00   0.0000000e+00
   0.0000000e+00   0.0000000e+00   0.0000000e+00   0.0000000e+00   0.0000000e+00   0.0000000e+00   0.0000000e+00   0.0000000e+00   0.0000000e+00   0.0000000e+00   0.0000000e+00   0.0000000e+00   0.0000000e+00   0.0000000e+00   0.0000000e+00   0.0000000e+00   0.0000000e+00   0.0000000e+00   0.0000000e+00   0.0000000e+00   0.0000000e+00   0.0000000e+00   0.0000000e+00   0.0000000e+00   0.0000000e+00
   0.0000000e+00   0.0000000e+00   0.0000000e+00   0.0000000e+00   0.0000000e+00   0.0000000e+00   0.0000000e+00   0.0000000e+00   0.0000000e+00   0.0000000e+00   0.0000000e+00   0.0000000e+00   0.0000000e+00   0.0000000e+00   0.0000000e+00   0.0000000e+00   0.0000000e+00   0.0000000e+00   0.0000000e+00   0.0000000e+00   0.0000000e+00   0.0000000e+00   0.0000000e+00   0.0000000e+00   0.0000000e+00
   0.0000000e+00   0.0000000e+00   0.0000000e+00   0.0000000e+00   0.0000000e+00   0.0000000e+00   0.0000000e+00   0.0000000e+00   0.0000000e+00   0.0000000e+00   0.0000000e+00   0.0000000e+00   0.0000000e+00   0.0000000e+00   0.0000000e+00   0.0000000e+00   0.0000000e+00   0.0000000e+00   0.0000000e+00   0.0000000e+00   0.0000000e+00   0.0000000e+00   0.0000000e+00   0.0000000e+00   0.0000000e+00
   0.0000000e+00   0.0000000e+00   0.0000000e+00   0.0000000e+00   0.0000000e+00   0.0000000e+00   0.0000000e+00   0.0000000e+00   0.0000000e+00   0.0000000e+00   0.0000000e+00   0.0000000e+00   0.0000000e+00   0.0000000e+00   0.0000000e+00   0.0000000e+00   0.0000000e+00   0.0000000e+00   0.0000000e+00   0.0000000e+00   0.0000000e+00   0.0000000e+00   0.0000000e+00   0.0000000e+00   0.0000000e+00
