   3.6095062e+00   3.9567526e+00   5.4460092e+00   4.1506651e+00   3.0240414e+00   4.0349076e+00   2.7659289e+00   4.9933819e+00   5.3129153e+00   4.6415902e+00   3.8415594e+00   5.2294637e+00   3.9215146e+00   2.7883851e+00   6.5401927e+00   2.7369163e+00   4.7430531e+00   6.3188705e+00   5.6169282e+00   5.4130988e+00   6.5193311e+00   4.9544610e+00   2.7883523e+00   4.1174658e+00   6.2338791e+00
   3.6095062e+00   3.9567526e+00   5.4460092e+00   4.1506651e+00   3.0240414e+00   4.0349076e+00   2.7659289e+00   4.9933819e+00   5.3129153e+00   4.6415902e+00   3.8415594e+00   5.2294637e+00   3.9215146e+00   2.7883851e+00   6.5401927e+00   2.7369163e+00   4.7430531e+00   6.3188705e+00   5.6169282e+00   5.4130988e+00   6.5193311e+00   4.9544610e+00   2.7883523e+00   4.1174658e+00   6.2338791e+00
   3.6095062e+00   3.9567526e+00   5.4460092e+00   4.1506651e+00   3.0240414e+00   4.0349076e+00   2.7659289e+00   4.9933819e+00   5.3129153e+00   4.6415902e+00   3.8415594e+00   5.2294637e+00   3.9215146e+00   2.7883851e+00   6.5401927e+00   2.7369163e+00   4.7430531e+00   6.3188705e+00   5.6169282e+00   5.4130988e+00   6.5193311e+00   4.9544610e+00   2.7883523e+00   4.1174658e+00   6.2338791e+00
   3.6095062e+00   3.9567526e+00   5.4460092e+00   4.1506651e+00   3.0240414e+00   4.0349076e+00   2.7659289e+00   4.9933819e+00   5.3129153e+00   4.6415902e+00   3.8415594e+00   5.2294637e+00   3.9215146e+00   2.7883851e+00   6.5401927e+00   2.7369163e+00   4.7430531e+00   6.3188705e+00   5.6169282e+00   5.4130988e+00   6.5193311e+00   4.9544610e+00   2.7883523e+00   4.1174658e+00   6.2338791e+00
   3.6095062e+00   3.9567526e+00   5.4460092e+00   4.1506651e+00   3.0240414e+00   4.0349076e+00   2.7659289e+00   4.9933819e+00   3.8868619e+00   4.6415902e+00   3.8415594e+00   4.8678449e+00   3.9215146e+00   2.7883851e+00   6.5401927e+00   2.7369163e+00   4.7430531e+00   5.7786724e+00   5.6169282e+00   5.4130988e+00   6.5193311e+00   4.5125492e+00   2.7883523e+00   4.1174658e+00   6.2338791e+00
   3.6095062e+00   3.9567526e+00   5.4460092e+00   4.1506651e+00   3.0240414e+00   4.0349076e+00   2.7659289e+00   4.9933819e+00   3.8868619e+00   4.6415902e+00   3.8094715e+00   4.8678449e+00   3.9215146e+00   2.7883851e+00   4.1949627e+00   2.7369163e+00   4.7430531e+00   5.7786724e+00   5.6169282e+00   5.4130988e+00   6.5193311e+00   4.5125492e+00   2.7883523e+00   4.1174658e+00   6.2338791e+00
   3.6095062e+00   3.9567526e+00   5.4460092e+00   4.1506651e+00   3.0240414e+00   4.0349076e+00   2.7659289e+00   4.9933819e+00   3.8868619e+00   4.6415902e+00   3.8094715e+00   4.8678449e+00   3.9215146e+00   2.7883851e+00   4.1949627e+00   2.7369163e+00   4.7430531e+00   5.7786724e+00   5.6169282e+00   5.4130988e+00   5.9294324e+00   4.5125492e+00   2.7883523e+00   4.1174658e+00   5.8449828e+00
   3.6095062e+00   3.9567526e+00   5.4460092e+00   4.1506651e+00   3.0240414e+00   4.0349076e+00   2.7659289e+00   4.9933819e+00   3.8868619e+00   4.3787122e+00   3.8094715e+00   4.8678449e+00   3.9215146e+00   2.7883851e+00   4.1949627e+00   2.7369163e+00   4.7430531e+00   4.8355757e+00   3.9896837e+00   5.4130988e+00   5.9294324e+00   4.5125492e+00   2.7883523e+00   4.1174658e+00   5.8449828e+00
   3.6095062e+00   3.9567526e+00   5.4460092e+00   4.1506651e+00   3.0240414e+00   4.0349076e+00   2.7659289e+00   4.9933819e+00   3.8868619e+00   4.3787122e+00   3.8094715e+00   4.8678449e+00   3.9215146e+00   2.7883851e+00   4.1949627e+00   2.7369163e+00   4.7430531e+00   4.8355757e+00   3.9896837e+00   5.4130988e+00   5.9294324e+00   4.5125492e+00   2.7883523e+00   4.1174658e+00   5.8449828e+00
   3.6095062e+00   3.9567526e+00   5.4460092e+00   4.1506651e+00   3.0240414e+00   4.0349076e+00   2.7659289e+00   4.9933819e+00   3.8868619e+00   4.3787122e+00   3.8094715e+00   4.8678449e+00   3.9215146e+00   2.7883851e+00   4.1949627e+00   2.7369163e+00   4.7430531e+00   4.8355757e+00   3.9896837e+00   5.4130988e+00   4.5267348e+00   4.4887837e+00   2.7883523e+00   4.1174658e+00   5.8449828e+00
