   2.8194500e-01   2.9717070e-01   2.9691194e-01   5.7152265e-01   5.2901295e-01   5.3914555e-01   7.1919109e-01   1.2337080e-01   2.2424579e-01   1.6271854e-01   2.2443345e-01   1.3153048e-01   9.1784461e-01   3.3239996e-01   3.7178710e-01   4.1344643e-01   1.3438666e-01   1.9202250e-01   2.6188855e-01   1.4023608e-01   5.0965176e-01   1.7579222e-01   1.3113135e-01   3.5624515e-01   2.9115085e-01
   9.5338489e-01   2.4147806e-01   6.0753870e-02   2.4289911e-01   5.2901295e-01   1.5391168e-01   3.2494625e-01   9.0123475e-02   2.9101536e-01   2.1193434e-01   2.7325308e-01   2.1316646e-01   3.9960502e-01   2.6060199e-01   3.7178710e-01   6.6472704e-01   4.7509417e-01   1.0352583e-01   1.2354209e-01   1.5343368e+00   1.1850149e-01   9.9783936e-02   8.8435743e-02   2.3588246e-01   1.3295522e-01
   2.8050604e-02   5.0597572e-02   3.3069236e-02   2.7234567e-02   7.8716267e-02   3.8720202e-02   3.3077835e-02   3.5306818e-02   9.0721241e-02   4.8409593e-02   1.0934887e-01   6.8524544e-02   4.6033058e-02   4.8652621e-02   7.2090021e-02   2.7964564e-01   3.0286250e-02   3.7203733e-02   3.8632140e-02   4.2861553e-02   2.8205215e-02   6.6654997e-02   7.5219673e-02   2.5415605e-01   3.2457587e-01
   2.1817733e-02   5.0597572e-02   2.7900295e-02   2.6349744e-02   3.8032744e-02   3.5487431e-02   3.2851278e-02   3.5306818e-02   8.5333107e-02   4.8409593e-02   7.3573557e-02   6.8496513e-02   3.4231348e-02   4.8367064e-02   7.2090021e-02   1.5748400e-01   3.0286250e-02   3.7203733e-02   3.8632140e-02   4.2331993e-02   2.8205215e-02   6.6654997e-02   7.2849646e-02   2.8678841e-02   3.2457587e-01
   2.1817733e-02   5.0597572e-02   2.7900295e-02   2.6349744e-02   3.8032744e-02   3.5487431e-02   3.2773855e-02   3.5306818e-02   8.5333107e-02   4.8409593e-02   7.3573557e-02   6.8496513e-02   3.4231348e-02   4.8367064e-02   7.2090021e-02   1.5748400e-01   3.0286250e-02   3.7203733e-02   3.8632140e-02   4.2331993e-02   2.8205215e-02   6.6654997e-02   7.2849646e-02   2.8678841e-02   3.2457587e-01
   2.1817733e-02   5.0597572e-02   2.7900295e-02   2.6349744e-02   3.8032744e-02   3.5487431e-02   3.2721197e-02   3.5306818e-02   8.5333107e-02   4.8409593e-02   7.3573557e-02   6.8496513e-02   3.4231348e-02   4.8367064e-02   7.2090021e-02   1.5748400e-01   3.0286250e-02   3.7203733e-02   3.8632140e-02   4.2331993e-02   2.8205215e-02   6.6654997e-02   7.2849646e-02   2.8678841e-02   3.2457587e-01
   2.1817733e-02   5.0597572e-02   2.7900295e-02   2.6349744e-02   3.8032744e-02   3.5487431e-02   3.2634243e-02   3.5306818e-02   8.5333107e-02   4.1464855e-02   7.3573557e-02   6.8496513e-02   3.4231348e-02   4.8367064e-02   7.2090021e-02   1.5748400e-01   3.0286250e-02   3.7203733e-02   3.8632140e-02   4.2331993e-02   2.8205215e-02   6.6654997e-02   7.2849646e-02   2.8678841e-02   1.3534556e-01
   2.1817733e-02   2.3615828e-02   2.7900295e-02   2.6349744e-02   3.8032744e-02   3.5487431e-02   3.2634243e-02   3.5241809e-02   5.4343603e-02   3.9600924e-02   3.1597407e-02   5.4245515e-02   3.4231348e-02   4.8367064e-02   4.0533183e-02   1.0345928e-01   3.0286250e-02   3.2751105e-02   2.8659184e-02   3.7159319e-02   2.8205215e-02   3.2209521e-02   4.3566921e-02   2.8678841e-02   4.0108878e-02
   2.1817733e-02   2.3529932e-02   2.7900295e-02   2.6349744e-02   3.8032744e-02   3.5487431e-02   3.2634243e-02   3.5241809e-02   3.7085982e-02   3.9600924e-02   2.9035915e-02   5.1754153e-02   3.4231348e-02   3.4665341e-02   3.3475378e-02   3.9964740e-02   3.0286250e-02   3.2103822e-02   2.8636610e-02   3.5528320e-02   2.8205215e-02   3.1617711e-02   3.8503974e-02   2.8678841e-02   4.0108878e-02
   2.1817733e-02   2.3479606e-02   2.7900295e-02   2.6349744e-02   3.8032744e-02   3.5487431e-02   3.2634243e-02   3.5241809e-02   3.6857887e-02   3.9600924e-02   2.8878360e-02   5.0403877e-02   3.4231348e-02   3.4665341e-02   3.2889450e-02   3.9105713e-02   3.0286250e-02   3.2103822e-02   2.8636610e-02   3.5528320e-02   2.8205215e-02   3.1287870e-02   3.8503974e-02   2.8678841e-02   4.0108878e-02
