   6.7271288e+03   6.7271291e+03   6.7271288e+03   6.7276883e+03   6.7276883e+03   6.7276883e+03   6.7271289e+03   6.7276883e+03   6.7276883e+03   6.7276883e+03   6.7276883e+03   6.7271302e+03   6.7271497e+03   6.7276883e+03   6.7271288e+03   6.7276883e+03   6.7271288e+03   6.7271288e+03   6.7271288e+03   6.7276883e+03   6.7276883e+03   6.7276883e+03   6.7276883e+03   6.7271314e+03   6.7271289e+03
   6.7271288e+03   6.7271291e+03   6.7271288e+03   6.7276883e+03   6.7276883e+03   6.7276883e+03   6.7271289e+03   6.7276883e+03   6.7276883e+03   6.7276883e+03   6.7276883e+03   6.7271302e+03   6.7271497e+03   6.7276883e+03   6.7271288e+03   6.7276883e+03   6.7271288e+03   6.7271288e+03   6.7271288e+03   6.7276883e+03   6.7276883e+03   6.7276883e+03   6.7276883e+03   6.7271314e+03   6.7271289e+03
   6.7271288e+03   6.7271291e+03   6.7271288e+03   6.7276883e+03   6.7276883e+03   6.7276883e+03   6.7271289e+03   6.7276883e+03   6.7276883e+03   6.7276883e+03   6.7276883e+03   6.7271302e+03   6.7271288e+03   6.7276883e+03   6.7271288e+03   6.7276883e+03   6.7271288e+03   6.7271288e+03   6.7271288e+03   6.7276883e+03   6.7271288e+03   6.7276883e+03   6.7276883e+03   6.7271314e+03   6.7271289e+03
   6.7271288e+03   6.7271291e+03   6.7271288e+03   6.7276883e+03   6.7276883e+03   6.7276883e+03   6.7271289e+03   6.7276883e+03   6.7276883e+03   6.7276883e+03   6.7276883e+03   6.7271302e+03   6.7271288e+03   6.7276883e+03   6.7271288e+03   6.7276883e+03   6.7271288e+03   6.7271288e+03   6.7271288e+03   6.7276883e+03   6.7271288e+03   6.7276883e+03   6.7276883e+03   6.7271288e+03   6.7271289e+03
   6.7271288e+03   6.7271291e+03   6.7271288e+03   6.7276883e+03   6.7276883e+03   6.7276883e+03   6.7271289e+03   6.7276883e+03   6.7276883e+03   6.7276883e+03   6.7276883e+03   6.7271302e+03   6.7271288e+03   6.7276883e+03   6.7271288e+03   6.7276883e+03   6.7271288e+03   6.7271288e+03   6.7271288e+03   6.7276883e+03   6.7271288e+03   6.7276883e+03   6.7276883e+03   6.7271288e+03   6.7271289e+03
   6.7271288e+03   6.7271291e+03   6.7271288e+03   6.7271288e+03   6.7276883e+03   6.7276883e+03   6.7271289e+03   6.7276883e+03   6.7276883e+03   6.7276883e+03   6.7276883e+03   6.7271288e+03   6.7271288e+03   6.7276883e+03   6.7271288e+03   6.7276883e+03   6.7271288e+03   6.7271288e+03   6.7271288e+03   6.7276883e+03   6.7271288e+03   6.7276883e+03   6.7276883e+03   6.7271288e+03   6.7271289e+03
   6.7271288e+03   6.7271291e+03   6.7271288e+03   6.7271288e+03   6.7276883e+03   6.7276883e+03   6.7271289e+03   6.7276883e+03   6.7276883e+03   6.7276883e+03   6.7276883e+03   6.7271288e+03   6.7271288e+03   6.7276883e+03   6.7271288e+03   6.7276883e+03   6.7271288e+03   6.7271288e+03   6.7271288e+03   6.7276883e+03   6.7271288e+03   6.7276883e+03   6.7276883e+03   6.7271288e+03   6.7271289e+03
   6.7271288e+03   6.7271291e+03   6.7271288e+03   6.7271288e+03   6.7276883e+03   6.7276883e+03   6.7271289e+03   6.7276883e+03   6.7276883e+03   6.7276883e+03   6.7276883e+03   6.7271288e+03   6.7271288e+03   6.7276883e+03   6.7271288e+03   6.7276883e+03   6.7271288e+03   6.7271288e+03   6.7271288e+03   6.7276883e+03   6.7271288e+03   6.7276883e+03   6.7276883e+03   6.7271288e+03   6.7271289e+03
   6.7271288e+03   6.7271291e+03   6.7271288e+03   6.7271288e+03   6.7276883e+03   6.7276883e+03   6.7271289e+03   6.7276883e+03   6.7276883e+03   6.7276883e+03   6.7276883e+03   6.7271288e+03   6.7271288e+03   6.7276883e+03   6.7271288e+03   6.7276883e+03   6.7271288e+03   6.7271288e+03   6.7271288e+03   6.7276883e+03   6.7271288e+03   6.7276883e+03   6.7276883e+03   6.7271288e+03   6.7271288e+03
   6.7271288e+03   6.7271291e+03   6.7271288e+03   6.7271288e+03   6.7276883e+03   6.7276883e+03   6.7271289e+03   6.7276883e+03   6.7276883e+03   6.7276883e+03   6.7276883e+03   6.7271288e+03   6.7271288e+03   6.7276883e+03   6.7271288e+03   6.7276883e+03   6.7271288e+03   6.7271288e+03   6.7271288e+03   6.7276883e+03   6.7271288e+03   6.7276883e+03   6.7276883e+03   6.7271288e+03   6.7271288e+03
