   2.6887422e+04   2.6887422e+04   2.6887422e+04   2.6887422e+04   2.6887422e+04   2.6887422e+04   2.6887422e+04   2.6887422e+04   2.6887422e+04   2.6887422e+04   2.6887422e+04   2.6887422e+04   2.6887422e+04   2.6887422e+04   2.6887422e+04   2.6887422e+04   2.6887422e+04   2.6887422e+04   2.6887422e+04   2.6887422e+04   2.6887422e+04   2.6887422e+04   2.6887422e+04   2.6887422e+04   2.6887422e+04
   2.6887422e+04   2.6887422e+04   2.6887422e+04   2.6887422e+04   2.6887422e+04   2.6887422e+04   2.6887422e+04   2.6887422e+04   2.6887422e+04   2.6887422e+04   2.6887422e+04   2.6887422e+04   2.6887422e+04   2.6887422e+04   2.6887422e+04   2.6887422e+04   2.6887422e+04   2.6887422e+04   2.6887422e+04   2.6887422e+04   2.6887422e+04   2.6887422e+04   2.6887422e+04   2.6887422e+04   2.6887422e+04
   2.6887422e+04   2.6887422e+04   2.6887422e+04   2.6887422e+04   2.6887422e+04   2.6887422e+04   2.6887422e+04   2.6887422e+04   2.6887422e+04   2.6887422e+04   2.6887422e+04   2.6887422e+04   2.6887422e+04   2.6887422e+04   2.6887422e+04   2.6887422e+04   2.6887422e+04   2.6887422e+04   2.6887422e+04   2.6887422e+04   2.6887422e+04   2.6887422e+04   2.6887422e+04   2.6887422e+04   2.6887422e+04
   2.6887422e+04   2.6887422e+04   2.6887422e+04   2.6887422e+04   2.6887422e+04   2.6887422e+04   2.6887422e+04   2.6887422e+04   2.6887422e+04   2.6887422e+04   2.6887422e+04   2.6887422e+04   2.6887422e+04   2.6887422e+04   2.6887422e+04   2.6887422e+04   2.6887422e+04   2.6887422e+04   2.6887422e+04   2.6887422e+04   2.6887422e+04   2.6887422e+04   2.6887422e+04   2.6887422e+04   2.6887422e+04
   2.6887422e+04   2.6887422e+04   2.6887422e+04   2.6887422e+04   2.6887422e+04   2.6887422e+04   2.6887422e+04   2.6887422e+04   2.6887422e+04   2.6887422e+04   2.6887422e+04   2.6887422e+04   2.6887422e+04   2.6887422e+04   2.6887422e+04   2.6887422e+04   2.6887422e+04   2.6887422e+04   2.6887422e+04   2.6887422e+04   2.6887422e+04   2.6887422e+04   2.6887422e+04   2.6887422e+04   2.6887422e+04
   2.6887422e+04   2.6887422e+04   2.6887422e+04   2.6887422e+04   2.6887422e+04   2.6887422e+04   2.6887422e+04   2.6887422e+04   2.6887422e+04   2.6887422e+04   2.6887422e+04   2.6887422e+04   2.6887422e+04   2.6887422e+04   2.6887422e+04   2.6887422e+04   2.6887422e+04   2.6887422e+04   2.6887422e+04   2.6887422e+04   2.6887422e+04   2.6887422e+04   2.6887422e+04   2.6887422e+04   2.6887422e+04
   2.6887422e+04   2.6887422e+04   2.6887422e+04   2.6887422e+04   2.6887422e+04   2.6887422e+04   2.6887422e+04   2.6887422e+04   2.6887422e+04   2.6887422e+04   2.6887422e+04   2.6887422e+04   2.6887422e+04   2.6887422e+04   2.6887422e+04   2.6887422e+04   2.6887422e+04   2.6887422e+04   2.6887422e+04   2.6887422e+04   2.6887422e+04   2.6887422e+04   2.6887422e+04   2.6887422e+04   2.6887422e+04
   2.6887422e+04   2.6887422e+04   2.6887422e+04   2.6887422e+04   2.6887422e+04   2.6887422e+04   2.6887422e+04   2.6887422e+04   2.6887422e+04   2.6887422e+04   2.6887422e+04   2.6887422e+04   2.6887422e+04   2.6887422e+04   2.6887422e+04   2.6887422e+04   2.6887422e+04   2.6887422e+04   2.6887422e+04   2.6887422e+04   2.6887422e+04   2.6887422e+04   2.6887422e+04   2.6887422e+04   2.6887422e+04
   2.6887422e+04   2.6887422e+04   2.6887422e+04   2.6887422e+04   2.6887422e+04   2.6887422e+04   2.6887422e+04   2.6887422e+04   2.6887422e+04   2.6887422e+04   2.6887422e+04   2.6887422e+04   2.6887422e+04   2.6887422e+04   2.6887422e+04   2.6887422e+04   2.6887422e+04   2.6887422e+04   2.6887422e+04   2.6887422e+04   2.6887422e+04   2.6887422e+04   2.6887422e+04   2.6887422e+04   2.6887422e+04
   2.6887422e+04   2.6887422e+04   2.6887422e+04   2.6887422e+04   2.6887422e+04   2.6887422e+04   2.6887422e+04   2.6887422e+04   2.6887422e+04   2.6887422e+04   2.6887422e+04   2.6887422e+04   2.6887422e+04   2.6887422e+04   2.6887422e+04   2.6887422e+04   2.6887422e+04   2.6887422e+04   2.6887422e+04   2.6887422e+04   2.6887422e+04   2.6887422e+04   2.6887422e+04   2.6887422e+04   2.6887422e+04
