   4.5499000e-01   1.4984392e+00   4.8601223e-01   1.0732072e+00   7.2591936e-01   4.4112248e-01   8.5302481e-01   9.3677876e-01   9.3677717e-01   4.2918080e-01   3.7053082e-01   4.8642059e-01   4.7787678e-01   1.1009076e+00   7.6688562e-01   2.0773692e+00   4.8909100e-01   3.2264188e-01   5.7548292e-01   8.7691019e-01   8.2816624e-01   8.1004736e-01   9.3677717e-01   5.8027551e-01   5.1148984e-01
   6.5983451e-01   4.7443066e-01   2.5423503e-01   2.9774911e-01   2.7756504e-01   1.5609705e-01   4.3138640e-01   9.3677798e-01   7.1967548e-01   2.3159519e-01   6.0145046e-01   4.8642059e-01   3.4969254e-01   5.7949342e-01   3.2665662e-01   2.0773692e+00   4.0661315e-01   3.2264188e-01   1.4455337e-01   3.4150681e-01   8.2816624e-01   2.2851174e-01   2.9990644e-01   2.4439524e-01   7.1584658e-01
   1.7668392e-01   1.3561104e-01   1.0451692e-01   9.8198334e-02   1.3814303e-01   8.2851783e-02   1.1796688e-01   9.8535154e-02   7.7365518e-01   9.7802788e-02   8.6584751e-02   9.0237455e-02   6.5056500e-02   1.5011958e-01   8.8156781e-02   1.0271597e-01   4.0661315e-01   7.8877940e-02   8.1219176e-02   1.4153670e-01   9.5024263e-02   8.7726809e-02   2.0645805e-01   1.0168482e-01   9.2612833e-02
   1.7668392e-01   9.2614752e-02   1.0451692e-01   7.2905993e-02   1.3814303e-01   8.2851783e-02   1.0402075e-01   9.6230842e-02   1.0280066e-01   9.7802788e-02   8.6584751e-02   9.0237455e-02   6.5056500e-02   1.5011958e-01   8.8156781e-02   9.2639897e-02   2.3752252e-01   7.8877940e-02   8.1219176e-02   1.2388236e-01   8.6926910e-02   8.7726809e-02   1.2218427e-01   1.0168482e-01   8.7341697e-02
   1.7668392e-01   9.2614752e-02   1.0451692e-01   7.2905993e-02   1.3814303e-01   8.2851783e-02   1.0402075e-01   9.6230842e-02   1.0280066e-01   9.7802788e-02   8.6584751e-02   9.0237455e-02   6.5056500e-02   1.5011958e-01   8.8156781e-02   9.2639897e-02   2.3752252e-01   7.8877940e-02   8.1219176e-02   1.2388236e-01   8.6926910e-02   8.7726809e-02   1.2218427e-01   1.0168482e-01   8.7341697e-02
   1.7668392e-01   9.2614752e-02   1.0451692e-01   7.2905993e-02   1.3814303e-01   8.2851783e-02   1.0402075e-01   9.6230842e-02   1.0280066e-01   9.7802788e-02   8.6584751e-02   9.0237455e-02   6.5056500e-02   1.5011958e-01   8.8156781e-02   9.2639897e-02   2.3752252e-01   7.8877940e-02   8.1219176e-02   1.2388236e-01   8.6926910e-02   8.7726809e-02   1.2218427e-01   1.0168482e-01   8.7341697e-02
   1.7037083e-01   8.3846333e-02   1.0451692e-01   7.2905993e-02   1.3814303e-01   8.2851783e-02   1.0402075e-01   9.6230842e-02   1.0280066e-01   9.7802788e-02   8.6584751e-02   9.0237455e-02   6.5056500e-02   1.5011958e-01   8.8156781e-02   9.2639897e-02   2.3752252e-01   7.8877940e-02   8.1219176e-02   1.2388236e-01   8.6926910e-02   8.7726809e-02   1.2218427e-01   1.0168482e-01   8.7341697e-02
   9.5379818e-02   8.1027130e-02   1.0451692e-01   7.2905993e-02   1.0369505e-01   6.5701764e-02   1.0402075e-01   9.6230842e-02   1.0280066e-01   7.5643379e-02   8.6584751e-02   8.1191470e-02   6.5056500e-02   1.0174975e-01   7.0474265e-02   8.9824269e-02   8.6134129e-02   7.8877940e-02   8.1219176e-02   1.2388236e-01   8.6926910e-02   8.4487324e-02   1.2218427e-01   1.0168482e-01   8.7341697e-02
   6.4744712e-02   7.5581192e-02   1.0451692e-01   7.2905993e-02   1.0206209e-01   6.3985291e-02   1.0402075e-01   8.3257053e-02   1.0280066e-01   6.7575655e-02   8.6584751e-02   7.7511412e-02   6.5056500e-02   1.0149069e-01   7.0066505e-02   8.0638363e-02   7.1868007e-02   7.8877940e-02   8.1219176e-02   1.1808735e-01   7.9590174e-02   8.2863537e-02   1.2218427e-01   1.0168482e-01   8.7341697e-02
   6.4744712e-02   7.5331709e-02   1.0451692e-01   7.2905993e-02   1.0188905e-01   6.2234101e-02   1.0402075e-01   8.2604901e-02   1.0280066e-01   6.7575655e-02   8.6584751e-02   7.7360437e-02   6.5056500e-02   1.0111622e-01   7.0066505e-02   8.0565159e-02   7.1403464e-02   7.8877940e-02   8.1219176e-02   1.1808735e-01   7.9590174e-02   8.2280766e-02   1.2218427e-01   1.0168482e-01   8.7341697e-02
