  -6.0991880e+03  -6.0381228e+03  -5.9006581e+03  -6.1137595e+03  -6.1080551e+03  -6.1371349e+03  -6.0315714e+03  -5.9018578e+03  -5.8426330e+03  -6.0414908e+03  -5.9646296e+03  -5.9471539e+03  -6.0161300e+03  -6.0934152e+03  -6.1560528e+03  -6.0300016e+03  -6.0716914e+03  -5.9038514e+03  -6.0489283e+03  -6.0734073e+03  -6.0373820e+03  -6.1419031e+03  -6.0566128e+03  -6.1744956e+03  -6.0391927e+03
  -6.1003149e+03  -6.0395866e+03  -5.9006581e+03  -6.1137595e+03  -6.1108896e+03  -6.1386244e+03  -6.0332407e+03  -5.9083338e+03  -5.8433688e+03  -6.0423313e+03  -5.9715857e+03  -5.9473598e+03  -6.0225226e+03  -6.1008853e+03  -6.1566698e+03  -6.0300016e+03  -6.0732353e+03  -5.9218861e+03  -6.0499463e+03  -6.0743177e+03  -6.0377484e+03  -6.1429145e+03  -6.0566128e+03  -6.1764563e+03  -6.0405378e+03
  -6.1003238e+03  -6.0396066e+03  -5.9006581e+03  -6.1137595e+03  -6.1109376e+03  -6.1386594e+03  -6.0333379e+03  -5.9088359e+03  -5.8434165e+03  -6.0423726e+03  -5.9719405e+03  -5.9474518e+03  -6.0233996e+03  -6.1009029e+03  -6.1566775e+03  -6.0300016e+03  -6.0735038e+03  -5.9220143e+03  -6.0523953e+03  -6.0743291e+03  -6.0625818e+03  -6.1429200e+03  -6.0566128e+03  -6.1768146e+03  -6.0405780e+03
  -6.1139073e+03  -6.0396071e+03  -6.0588192e+03  -6.2151679e+03  -6.1109394e+03  -6.1386612e+03  -6.0333410e+03  -5.9088663e+03  -5.8434181e+03  -6.0423747e+03  -5.9719671e+03  -5.9474526e+03  -6.0234305e+03  -6.1009051e+03  -6.1599328e+03  -6.1706785e+03  -6.0735519e+03  -5.9220153e+03  -6.0524460e+03  -6.0743294e+03  -6.0627297e+03  -6.1429218e+03  -6.1524010e+03  -6.1768262e+03  -6.0405792e+03
  -6.1166355e+03  -6.0396103e+03  -6.0588192e+03  -6.2222107e+03  -6.1109395e+03  -6.1386613e+03  -6.0333410e+03  -5.9088670e+03  -5.8435278e+03  -6.0423748e+03  -5.9719685e+03  -5.9474532e+03  -6.0234316e+03  -6.1009065e+03  -6.1608600e+03  -6.1712758e+03  -6.0735566e+03  -5.9220153e+03  -6.0524648e+03  -6.0743294e+03  -6.0627478e+03  -6.1429226e+03  -6.1937200e+03  -6.1768273e+03  -6.0405792e+03
  -6.1166931e+03  -6.0396103e+03  -6.0588192e+03  -6.2224382e+03  -6.1109395e+03  -6.1386613e+03  -6.0333410e+03  -5.9088687e+03  -5.8435287e+03  -6.0423748e+03  -5.9719686e+03  -5.9474533e+03  -6.0234318e+03  -6.1009077e+03  -6.1608600e+03  -6.1712916e+03  -6.0735569e+03  -5.9559190e+03  -6.0524655e+03  -6.0743294e+03  -6.0627598e+03  -6.1429226e+03  -6.1938936e+03  -6.1768276e+03  -6.0597219e+03
  -6.1166943e+03  -6.0396103e+03  -6.0588192e+03  -6.2225069e+03  -6.1109395e+03  -6.1386613e+03  -6.0333410e+03  -5.9088689e+03  -5.8435287e+03  -6.0423748e+03  -6.0136251e+03  -5.9474533e+03  -6.0234318e+03  -6.1009078e+03  -6.1608600e+03  -6.1712920e+03  -6.0735569e+03  -5.9559404e+03  -6.0524707e+03  -6.0743294e+03  -6.0627659e+03  -6.1878499e+03  -6.1938971e+03  -6.1768277e+03  -6.0611086e+03
  -6.1487138e+03  -6.0396103e+03  -6.0588192e+03  -6.2225096e+03  -6.1109395e+03  -6.1386613e+03  -6.0333410e+03  -5.9088689e+03  -5.8435288e+03  -6.0423748e+03  -6.0136251e+03  -5.9474533e+03  -6.0234318e+03  -6.1009078e+03  -6.1608600e+03  -6.1712921e+03  -6.0735569e+03  -5.9559404e+03  -6.0524708e+03  -6.0770254e+03  -6.0627680e+03  -6.1878606e+03  -6.1938972e+03  -6.1768277e+03  -6.0613110e+03
  -6.1533017e+03  -6.0482312e+03  -6.1581314e+03  -6.2225097e+03  -6.1109395e+03  -6.1386613e+03  -6.0432586e+03  -5.9088689e+03  -5.8435288e+03  -6.0423748e+03  -6.0136251e+03  -6.0013181e+03  -6.0234318e+03  -6.1009078e+03  -6.1608600e+03  -6.1712921e+03  -6.0735569e+03  -5.9722169e+03  -6.0524708e+03  -6.0773170e+03  -6.0627681e+03  -6.1878607e+03  -6.1938972e+03  -6.1768277e+03  -6.0613353e+03
  -6.1539677e+03  -6.0512052e+03  -6.1581314e+03  -6.2225097e+03  -6.1109395e+03  -6.1390399e+03  -6.0446929e+03  -5.9088689e+03  -5.9797186e+03  -6.0423748e+03  -6.0136251e+03  -6.0021901e+03  -6.0234318e+03  -6.1009078e+03  -6.1608600e+03  -6.1712921e+03  -6.0735569e+03  -5.9728011e+03  -6.0524708e+03  -6.0773415e+03  -6.0627681e+03  -6.1878607e+03  -6.1938972e+03  -6.1768277e+03  -6.0613401e+03
