   2.9649817e+06   2.9650529e+06   2.9652410e+06   2.9651623e+06   2.9674834e+06   2.9650345e+06   2.9649143e+06   2.9648976e+06   2.9649078e+06   2.9681690e+06   2.9650495e+06   2.9648955e+06   2.9649237e+06   2.9649433e+06   2.9649811e+06   2.9706540e+06   2.9665204e+06   2.9650733e+06   2.9651982e+06   2.9658652e+06   2.9651810e+06   2.9649112e+06   2.9655553e+06   2.9650089e+06   2.9656457e+06
   2.9649817e+06   2.9650070e+06   2.9649823e+06   2.9651623e+06   2.9674834e+06   2.9650345e+06   2.9649143e+06   2.9648976e+06   2.9649078e+06   2.9649962e+06   2.9650495e+06   2.9648955e+06   2.9649237e+06   2.9649433e+06   2.9649193e+06   2.9656660e+06   2.9650762e+06   2.9649758e+06   2.9651982e+06   2.9658586e+06   2.9651810e+06   2.9649112e+06   2.9655553e+06   2.9649984e+06   2.9649677e+06
   2.9649817e+06   2.9649544e+06   2.9649823e+06   2.9649254e+06   2.9648961e+06   2.9649487e+06   2.9648969e+06   2.9648976e+06   2.9649078e+06   2.9649962e+06   2.9650495e+06   2.9648955e+06   2.9649237e+06   2.9649433e+06   2.9649193e+06   2.9649254e+06   2.9650762e+06   2.9649758e+06   2.9649002e+06   2.9649527e+06   2.9649029e+06   2.9649112e+06   2.9655553e+06   2.9649526e+06   2.9649677e+06
   2.9649817e+06   2.9649544e+06   2.9649823e+06   2.9649254e+06   2.9648961e+06   2.9649487e+06   2.9648969e+06   2.9648976e+06   2.9649078e+06   2.9649962e+06   2.9650495e+06   2.9648955e+06   2.9649237e+06   2.9649433e+06   2.9649193e+06   2.9649254e+06   2.9650762e+06   2.9649758e+06   2.9649002e+06   2.9649001e+06   2.9649029e+06   2.9649112e+06   2.9655553e+06   2.9649361e+06   2.9649677e+06
   2.9649003e+06   2.9649099e+06   2.9649684e+06   2.9649254e+06   2.9648961e+06   2.9649487e+06   2.9648969e+06   2.9648976e+06   2.9649078e+06   2.9648989e+06   2.9650495e+06   2.9648955e+06   2.9649237e+06   2.9649433e+06   2.9649193e+06   2.9649254e+06   2.9649980e+06   2.9649758e+06   2.9649002e+06   2.9649001e+06   2.9649029e+06   2.9649091e+06   2.9650249e+06   2.9649232e+06   2.9649677e+06
   2.9649003e+06   2.9648992e+06   2.9649131e+06   2.9649254e+06   2.9648961e+06   2.9649487e+06   2.9648969e+06   2.9648976e+06   2.9649078e+06   2.9648989e+06   2.9650495e+06   2.9648955e+06   2.9648958e+06   2.9649001e+06   2.9649193e+06   2.9649254e+06   2.9649980e+06   2.9649758e+06   2.9649002e+06   2.9649001e+06   2.9649029e+06   2.9649091e+06   2.9650249e+06   2.9649232e+06   2.9649677e+06
   2.9649003e+06   2.9648988e+06   2.9649131e+06   2.9649169e+06   2.9648958e+06   2.9649487e+06   2.9648969e+06   2.9648976e+06   2.9649078e+06   2.9648989e+06   2.9650495e+06   2.9648955e+06   2.9648958e+06   2.9649001e+06   2.9648954e+06   2.9649254e+06   2.9649580e+06   2.9649758e+06   2.9649002e+06   2.9649001e+06   2.9649029e+06   2.9649091e+06   2.9649018e+06   2.9649232e+06   2.9649677e+06
   2.9649003e+06   2.9648988e+06   2.9649131e+06   2.9649169e+06   2.9648958e+06   2.9649487e+06   2.9648969e+06   2.9648976e+06   2.9649078e+06   2.9648989e+06   2.9650495e+06   2.9648955e+06   2.9648958e+06   2.9648968e+06   2.9648954e+06   2.9649254e+06   2.9649412e+06   2.9649758e+06   2.9649002e+06   2.9649001e+06   2.9649029e+06   2.9649091e+06   2.9648987e+06   2.9649232e+06   2.9649143e+06
   2.9648956e+06   2.9648988e+06   2.9649131e+06   2.9649169e+06   2.9648958e+06   2.9649487e+06   2.9648969e+06   2.9648976e+06   2.9649078e+06   2.9648954e+06   2.9650495e+06   2.9648955e+06   2.9648958e+06   2.9648968e+06   2.9648954e+06   2.9649254e+06   2.9649412e+06   2.9649758e+06   2.9649002e+06   2.9649001e+06   2.9649029e+06   2.9649091e+06   2.9648987e+06   2.9648963e+06   2.9648997e+06
   2.9648956e+06   2.9648988e+06   2.9649131e+06   2.9649169e+06   2.9648958e+06   2.9649487e+06   2.9648969e+06   2.9648976e+06   2.9648967e+06   2.9648954e+06   2.9650495e+06   2.9648955e+06   2.9648958e+06   2.9648968e+06   2.9648954e+06   2.9648961e+06   2.9649412e+06   2.9649758e+06   2.9649002e+06   2.9649001e+06   2.9649029e+06   2.9649091e+06   2.9648987e+06   2.9648963e+06   2.9648997e+06
