   1.8579351e-01   1.4105777e-01   3.0705477e-01   2.3273427e-01   4.4283040e-01   8.3754344e-01   2.9781407e-01   1.1724747e-01   2.3051182e-01   2.3976671e-01   2.5346780e-01   6.1728417e-01   2.4430122e-01   1.4623731e-01   8.2294082e-01   5.2253392e-01   7.8087415e-01   2.6500227e-01   3.5112800e-01   1.7235514e-01   2.5441958e-01   4.7968883e-01   1.3815527e-01   3.8412113e-01   2.5699212e-01
   1.4223511e-01   3.8158742e-01   2.8996079e-01   1.3171616e-01   8.8588104e-01   7.5361262e-01   2.4790484e-01   2.1659794e-01   1.2150066e-01   2.2935906e-01   5.3148349e-01   6.1728417e-01   9.0919475e-02   1.7267567e-01   6.6095377e-01   5.2253392e-01   7.8087415e-01   3.8622032e-01   4.1673693e-01   1.4647862e-01   1.0134800e+00   4.7968883e-01   1.3815527e-01   3.4792887e-01   7.2136239e-02
   5.1874504e-02   1.1498128e-01   2.8996079e-01   3.7396860e-02   4.1409583e-02   2.5691850e-01   5.6886248e-02   3.6681631e-02   8.0529279e-02   8.4389647e-02   3.7292823e-02   2.0905915e-01   5.7696867e-02   7.6012022e-02   4.7518601e-02   5.2253392e-01   6.1003551e-01   4.0685970e-02   2.7709602e-01   4.3322891e-02   7.3543228e-02   2.7703047e-01   1.3815527e-01   3.4792887e-01   3.9585345e-02
   5.1874504e-02   1.1498128e-01   4.7770964e-02   3.7177848e-02   4.1409583e-02   5.0906327e-02   5.6886248e-02   3.6681631e-02   8.0529279e-02   6.3758254e-02   3.7292823e-02   1.4047079e-01   5.7696867e-02   7.5880625e-02   4.7518601e-02   1.1121766e-01   6.6177793e-02   4.0551332e-02   3.8152229e-01   4.3322891e-02   7.3543228e-02   3.6338395e-01   4.9781959e-02   5.5569386e-02   3.9585345e-02
   5.1874504e-02   1.1498128e-01   4.7770964e-02   3.7177848e-02   4.1409583e-02   5.0906327e-02   5.6886248e-02   3.6681631e-02   8.0529279e-02   6.3758254e-02   3.7292823e-02   1.4047079e-01   5.7696867e-02   7.5880625e-02   4.7518601e-02   1.1121766e-01   3.4422437e-02   4.0551332e-02   3.8152229e-01   4.3322891e-02   7.3543228e-02   3.6338395e-01   4.5632883e-02   5.5569386e-02   3.9585345e-02
   5.1874504e-02   1.1498128e-01   4.7770964e-02   3.7177848e-02   4.1409583e-02   5.0906327e-02   5.6886248e-02   3.6681631e-02   5.8752158e-02   6.3758254e-02   3.7292823e-02   1.4047079e-01   5.7696867e-02   7.5880625e-02   4.7518601e-02   1.1121766e-01   3.4422437e-02   4.0551332e-02   3.8152229e-01   4.3322891e-02   7.3543228e-02   3.6338395e-01   4.5632883e-02   5.5569386e-02   3.9585345e-02
   4.7720392e-02   1.1498128e-01   4.7770964e-02   3.7177848e-02   4.1409583e-02   5.0906327e-02   5.6886248e-02   3.6681631e-02   5.8752158e-02   6.3758254e-02   3.7292823e-02   1.4047079e-01   5.7696867e-02   7.5880625e-02   4.7518601e-02   1.1121766e-01   3.4422437e-02   4.0551332e-02   3.8152229e-01   4.3322891e-02   7.3543228e-02   3.6338395e-01   4.5632883e-02   5.5569386e-02   3.9585345e-02
   3.5756917e-02   8.0171647e-02   4.7770964e-02   3.7177848e-02   4.1409583e-02   5.0906327e-02   2.9571334e-02   3.6681631e-02   3.5204523e-02   6.3758254e-02   3.7292823e-02   6.4504583e-02   5.7696867e-02   7.5880625e-02   4.7518601e-02   1.1121766e-01   3.4422437e-02   4.0551332e-02   9.0158445e-02   4.3322891e-02   7.3543228e-02   1.3806625e-01   4.5632883e-02   5.5569386e-02   3.9585345e-02
   3.5433003e-02   7.9430069e-02   4.7770964e-02   3.7177848e-02   4.1409583e-02   5.0906327e-02   2.7374768e-02   3.6681631e-02   3.4996610e-02   6.3758254e-02   3.5720477e-02   6.3391284e-02   5.7696867e-02   7.5880625e-02   3.7469590e-02   5.7472761e-02   3.4422437e-02   4.0551332e-02   8.3071661e-02   4.3322891e-02   7.3543228e-02   6.5147935e-02   4.5002809e-02   5.5569386e-02   3.9585345e-02
   3.5340478e-02   7.8650150e-02   4.7770964e-02   3.7177848e-02   4.1409583e-02   5.0906327e-02   2.7074447e-02   3.6681631e-02   3.4730386e-02   6.3758254e-02   3.3196662e-02   6.3391284e-02   5.7696867e-02   7.5880625e-02   3.7275961e-02   5.6042749e-02   3.4422437e-02   4.0551332e-02   8.3071661e-02   4.3322891e-02   4.4105063e-02   6.5147935e-02   3.6275653e-02   5.5569386e-02   3.9585345e-02
