   1.7932326e+01   1.6326183e+01   1.9546191e+01   1.6641380e+01   1.6933675e+01   1.7299060e+01   1.7581598e+01   1.7704609e+01   1.7976892e+01   1.5088656e+01   1.6991222e+01   1.6995892e+01   1.9241333e+01   1.8114979e+01   1.6902149e+01   1.7565617e+01   1.5523719e+01   1.7660102e+01   1.7137611e+01   1.8160594e+01   1.8359966e+01   1.6585751e+01   1.6158064e+01   1.7291117e+01   2.0321115e+01
   1.7056668e+01   1.6071129e+01   1.9546191e+01   1.6230285e+01   1.6363643e+01   1.6512476e+01   1.6322582e+01   1.6851249e+01   1.7047526e+01   1.7770582e+01   1.6963704e+01   1.6648591e+01   1.6950790e+01   1.7005467e+01   1.6564273e+01   1.6799112e+01   1.7543031e+01   1.6707041e+01   1.6933584e+01   1.7040929e+01   1.7518916e+01   1.6145945e+01   1.6070512e+01   1.6671127e+01   1.6293367e+01
   1.7056668e+01   1.6071129e+01   1.9546191e+01   1.6230285e+01   1.6265826e+01   1.6369412e+01   1.6281789e+01   1.6851249e+01   1.7047526e+01   1.6876472e+01   1.6847754e+01   1.6330112e+01   1.6250353e+01   1.6921530e+01   1.6564273e+01   1.6727524e+01   1.6641841e+01   1.6629225e+01   1.6864818e+01   1.6925171e+01   1.6555028e+01   1.6070636e+01   1.6070512e+01   1.6551772e+01   1.6070432e+01
   1.7018145e+01   1.6071129e+01   1.6810888e+01   1.6230285e+01   1.6088904e+01   1.6287327e+01   1.6172191e+01   1.6851249e+01   1.6169792e+01   1.6876472e+01   1.6738656e+01   1.6069936e+01   1.6149109e+01   1.6921530e+01   1.6564273e+01   1.6685984e+01   1.6503573e+01   1.6506773e+01   1.6864818e+01   1.6843261e+01   1.6552703e+01   1.6070438e+01   1.6070512e+01   1.6390838e+01   1.6070432e+01
   1.6896032e+01   1.6071129e+01   1.6751417e+01   1.6230285e+01   1.6070205e+01   1.6096560e+01   1.6069924e+01   1.6851249e+01   1.6168403e+01   1.6876472e+01   1.6738656e+01   1.6069936e+01   1.6085656e+01   1.6827261e+01   1.6090082e+01   1.6136251e+01   1.6379764e+01   1.6379718e+01   1.6864818e+01   1.6825075e+01   1.6290851e+01   1.6070438e+01   1.6070512e+01   1.6257912e+01   1.6070432e+01
   1.6806687e+01   1.6071129e+01   1.6680299e+01   1.6230285e+01   1.6070205e+01   1.6069994e+01   1.6069924e+01   1.6851249e+01   1.6168403e+01   1.6876472e+01   1.6738656e+01   1.6069936e+01   1.6085656e+01   1.6762003e+01   1.6077052e+01   1.6136251e+01   1.6379764e+01   1.6277523e+01   1.6864818e+01   1.6694389e+01   1.6167938e+01   1.6070438e+01   1.6070512e+01   1.6118976e+01   1.6070432e+01
   1.6647601e+01   1.6071129e+01   1.6608033e+01   1.6230285e+01   1.6070205e+01   1.6069994e+01   1.6069924e+01   1.6851249e+01   1.6168403e+01   1.6853122e+01   1.6645094e+01   1.6069936e+01   1.6085656e+01   1.6762003e+01   1.6077052e+01   1.6136251e+01   1.6379764e+01   1.6277523e+01   1.6864818e+01   1.6547353e+01   1.6082713e+01   1.6070438e+01   1.6070512e+01   1.6082298e+01   1.6070432e+01
   1.6479468e+01   1.6071129e+01   1.6608033e+01   1.6230285e+01   1.6070205e+01   1.6069994e+01   1.6069924e+01   1.6851249e+01   1.6168403e+01   1.6765186e+01   1.6621391e+01   1.6069936e+01   1.6073626e+01   1.6762003e+01   1.6071811e+01   1.6136251e+01   1.6379764e+01   1.6277523e+01   1.6376858e+01   1.6441361e+01   1.6070224e+01   1.6070438e+01   1.6070512e+01   1.6071925e+01   1.6070432e+01
   1.6337716e+01   1.6070118e+01   1.6608033e+01   1.6230285e+01   1.6070205e+01   1.6069994e+01   1.6069924e+01   1.6088093e+01   1.6168403e+01   1.6765186e+01   1.6621391e+01   1.6069936e+01   1.6069971e+01   1.6601339e+01   1.6071811e+01   1.6136251e+01   1.6379764e+01   1.6277523e+01   1.6189800e+01   1.6330949e+01   1.6070224e+01   1.6070438e+01   1.6070512e+01   1.6070658e+01   1.6070432e+01
   1.6182185e+01   1.6070118e+01   1.6608033e+01   1.6230285e+01   1.6070205e+01   1.6069994e+01   1.6069924e+01   1.6070443e+01   1.6168403e+01   1.6765186e+01   1.6578477e+01   1.6069936e+01   1.6069971e+01   1.6548181e+01   1.6071811e+01   1.6136251e+01   1.6379764e+01   1.6277523e+01   1.6189800e+01   1.6238128e+01   1.6070224e+01   1.6070438e+01   1.6070512e+01   1.6070658e+01   1.6070432e+01
