   2.5576702e+00   2.5578219e+00   2.5576600e+00   2.5576560e+00   2.5578166e+00   2.5576848e+00   2.5576951e+00   2.5576913e+00   2.5576824e+00   2.5576771e+00   2.5576834e+00   2.5576746e+00   2.5576808e+00   2.5576791e+00   2.5577200e+00   2.5576793e+00   2.5576829e+00   2.5576757e+00   2.5577234e+00   2.5577043e+00   2.5576720e+00   2.5577084e+00   2.5641842e+00   2.5576830e+00   2.5576825e+00
   2.5576596e+00   2.5578166e+00   2.5576546e+00   2.5576546e+00   2.5578166e+00   2.5576572e+00   2.5576559e+00   2.5576550e+00   2.5576570e+00   2.5576558e+00   2.5576549e+00   2.5576561e+00   2.5576556e+00   2.5576791e+00   2.5576685e+00   2.5576560e+00   2.5576571e+00   2.5576547e+00   2.5576548e+00   2.5576547e+00   2.5576550e+00   2.5576549e+00   2.5578166e+00   2.5576557e+00   2.5576546e+00
   2.5576549e+00   2.5576546e+00   2.5576546e+00   2.5576546e+00   2.5576548e+00   2.5576546e+00   2.5576547e+00   2.5576550e+00   2.5576546e+00   2.5576546e+00   2.5576549e+00   2.5576546e+00   2.5576546e+00   2.5576548e+00   2.5576546e+00   2.5576547e+00   2.5576555e+00   2.5576546e+00   2.5576548e+00   2.5576547e+00   2.5576548e+00   2.5576549e+00   2.5576566e+00   2.5576546e+00   2.5576546e+00
   2.5576549e+00   2.5576546e+00   2.5576546e+00   2.5576546e+00   2.5576546e+00   2.5576546e+00   2.5576547e+00   2.5576550e+00   2.5576546e+00   2.5576546e+00   2.5576549e+00   2.5576546e+00   2.5576546e+00   2.5576548e+00   2.5576546e+00   2.5576547e+00   2.5576555e+00   2.5576546e+00   2.5576548e+00   2.5576547e+00   2.5576547e+00   2.5576549e+00   2.5576546e+00   2.5576546e+00   2.5576546e+00
   2.5576549e+00   2.5576546e+00   2.5576546e+00   2.5576546e+00   2.5576546e+00   2.5576546e+00   2.5576547e+00   2.5576550e+00   2.5576546e+00   2.5576546e+00   2.5576549e+00   2.5576546e+00   2.5576546e+00   2.5576547e+00   2.5576546e+00   2.5576546e+00   2.5576546e+00   2.5576546e+00   2.5576548e+00   2.5576547e+00   2.5576547e+00   2.5576547e+00   2.5576546e+00   2.5576546e+00   2.5576546e+00
   2.5576546e+00   2.5576546e+00   2.5576546e+00   2.5576546e+00   2.5576546e+00   2.5576546e+00   2.5576546e+00   2.5576546e+00   2.5576546e+00   2.5576546e+00   2.5576549e+00   2.5576546e+00   2.5576546e+00   2.5576546e+00   2.5576546e+00   2.5576546e+00   2.5576546e+00   2.5576546e+00   2.5576546e+00   2.5576546e+00   2.5576547e+00   2.5576547e+00   2.5576546e+00   2.5576546e+00   2.5576546e+00
   2.5576546e+00   2.5576546e+00   2.5576546e+00   2.5576546e+00   2.5576546e+00   2.5576546e+00   2.5576546e+00   2.5576546e+00   2.5576546e+00   2.5576546e+00   2.5576549e+00   2.5576546e+00   2.5576546e+00   2.5576546e+00   2.5576546e+00   2.5576546e+00   2.5576546e+00   2.5576546e+00   2.5576546e+00   2.5576546e+00   2.5576547e+00   2.5576546e+00   2.5576546e+00   2.5576546e+00   2.5576546e+00
   2.5576546e+00   2.5576546e+00   2.5576546e+00   2.5576546e+00   2.5576546e+00   2.5576546e+00   2.5576546e+00   2.5576546e+00   2.5576546e+00   2.5576546e+00   2.5576549e+00   2.5576546e+00   2.5576546e+00   2.5576546e+00   2.5576546e+00   2.5576546e+00   2.5576546e+00   2.5576546e+00   2.5576546e+00   2.5576546e+00   2.5576546e+00   2.5576546e+00   2.5576546e+00   2.5576546e+00   2.5576546e+00
   2.5576546e+00   2.5576546e+00   2.5576546e+00   2.5576546e+00   2.5576546e+00   2.5576546e+00   2.5576546e+00   2.5576546e+00   2.5576546e+00   2.5576546e+00   2.5576549e+00   2.5576546e+00   2.5576546e+00   2.5576546e+00   2.5576546e+00   2.5576546e+00   2.5576546e+00   2.5576546e+00   2.5576546e+00   2.5576546e+00   2.5576546e+00   2.5576546e+00   2.5576546e+00   2.5576546e+00   2.5576546e+00
   2.5576546e+00   2.5576546e+00   2.5576546e+00   2.5576546e+00   2.5576546e+00   2.5576546e+00   2.5576546e+00   2.5576546e+00   2.5576546e+00   2.5576546e+00   2.5576546e+00   2.5576546e+00   2.5576546e+00   2.5576546e+00   2.5576546e+00   2.5576546e+00   2.5576546e+00   2.5576546e+00   2.5576546e+00   2.5576546e+00   2.5576546e+00   2.5576546e+00   2.5576546e+00   2.5576546e+00   2.5576546e+00
