   1.6878190e-01   1.3904836e-01   1.5774297e-01   1.6376108e-01   1.1834820e-01   1.4828455e-01   5.5831230e+01   3.5804670e+01   2.5273546e+01   4.3146786e+01   1.0536227e-01   6.0214114e+01   5.7339324e+01   8.3491754e+01   1.4467917e-01   1.5482666e-01   2.5533353e+01   3.3154877e-01   2.6795755e+01   1.7408329e-01   2.1131365e+01   1.8561231e-01   3.7533515e+01   4.1466240e+01   1.6292318e-01
   1.6878190e-01   1.3904836e-01   1.5774297e-01   1.6376108e-01   1.1834820e-01   1.4828455e-01   5.5831230e+01   3.5804670e+01   2.5273546e+01   4.3146786e+01   1.0536227e-01   6.0214114e+01   5.7339324e+01   8.3491754e+01   1.4467917e-01   1.5482666e-01   2.5533353e+01   3.3154877e-01   2.6795755e+01   1.7408329e-01   2.1131365e+01   1.8561231e-01   3.7533515e+01   4.1466240e+01   1.6292318e-01
   1.6878190e-01   1.3904836e-01   1.5774297e-01   1.6376108e-01   1.1834820e-01   1.4828455e-01   5.5831230e+01   3.5804670e+01   2.5273546e+01   4.3146786e+01   1.0536227e-01   6.0214114e+01   3.8549252e+01   8.3491754e+01   1.4467917e-01   1.5482666e-01   2.5533353e+01   3.3154877e-01   2.6795755e+01   1.7408329e-01   2.1131365e+01   1.8561231e-01   3.7533515e+01   4.1466240e+01   1.6292318e-01
   1.6878190e-01   1.3904836e-01   1.5774297e-01   1.6376108e-01   1.1834820e-01   1.4828455e-01   4.7654416e+01   3.5804670e+01   2.5273546e+01   4.3146786e+01   1.0536227e-01   5.0828144e+01   3.8549252e+01   8.3491754e+01   1.1098212e-01   1.5482666e-01   2.5533353e+01   3.3154877e-01   2.6795755e+01   1.7408329e-01   2.1131365e+01   1.0506359e-01   3.7533515e+01   1.0929110e-01   1.6292318e-01
   1.6878190e-01   1.3904836e-01   1.5774297e-01   1.6376108e-01   1.1834820e-01   1.4828455e-01   4.7654416e+01   3.5804670e+01   2.5273546e+01   4.3146786e+01   1.0536227e-01   5.0828144e+01   3.8549252e+01   3.9071063e+01   1.1098212e-01   1.5482666e-01   2.5533353e+01   3.3154877e-01   5.0631449e-01   1.7408329e-01   2.1131365e+01   1.0506359e-01   3.7533515e+01   1.0929110e-01   1.6292318e-01
   1.6878190e-01   1.3904836e-01   1.5774297e-01   1.6376108e-01   1.1834820e-01   1.4828455e-01   4.7654416e+01   3.5804670e+01   2.5273546e+01   4.3146786e+01   1.0536227e-01   5.0828144e+01   3.8549252e+01   3.9071063e+01   1.1098212e-01   1.5482666e-01   2.5533353e+01   3.3154877e-01   5.0631449e-01   1.7408329e-01   2.1131365e+01   1.0506359e-01   3.7533515e+01   1.0929110e-01   1.6292318e-01
   1.6878190e-01   1.3904836e-01   1.5774297e-01   1.6376108e-01   1.1834820e-01   1.4828455e-01   4.7654416e+01   3.5804670e+01   2.5273546e+01   4.3146786e+01   1.0536227e-01   5.0828144e+01   3.8549252e+01   3.9071063e+01   1.1098212e-01   1.5482666e-01   2.5533353e+01   3.3154877e-01   5.0631449e-01   1.7408329e-01   2.1131365e+01   1.0506359e-01   3.7533515e+01   1.0004024e-01   1.6292318e-01
   1.6878190e-01   1.3904836e-01   1.5774297e-01   1.6376108e-01   1.1834820e-01   1.4828455e-01   4.7654416e+01   3.5804670e+01   2.5273546e+01   4.3146786e+01   1.0536227e-01   5.0828144e+01   3.8549252e+01   3.9071063e+01   8.8296737e-02   1.5482666e-01   2.5533353e+01   3.3154877e-01   5.0631449e-01   1.7408329e-01   2.1131365e+01   1.0506359e-01   3.7533515e+01   1.0004024e-01   1.6292318e-01
   1.6878190e-01   1.3904836e-01   1.5774297e-01   1.6376108e-01   1.1834820e-01   1.4828455e-01   4.7654416e+01   3.5804670e+01   2.5273546e+01   4.3146786e+01   1.0536227e-01   5.0828144e+01   3.8549252e+01   3.9071063e+01   8.8296737e-02   1.5482666e-01   2.5533353e+01   3.3154877e-01   5.0631449e-01   1.5422814e-01   2.1131365e+01   1.0506359e-01   3.7533515e+01   1.0004024e-01   1.6292318e-01
   1.6878190e-01   1.3904836e-01   1.5774297e-01   1.6376108e-01   1.1834820e-01   1.4828455e-01   4.7654416e+01   3.5804670e+01   2.5273546e+01   4.3146786e+01   1.0536227e-01   5.0828144e+01   3.8549252e+01   3.9071063e+01   8.8296737e-02   1.5482666e-01   2.5533353e+01   3.3154877e-01   5.0631449e-01   1.5422814e-01   2.1131365e+01   1.0506359e-01   3.7533515e+01   1.0004024e-01   1.6292318e-01
