   5.5735517e+03   7.0790695e+03   5.0082036e+03   4.8322598e+03   3.7832173e+03   4.8366532e+03   4.3206421e+03   6.0345243e+03   4.2067532e+03   5.1916369e+03   5.6523660e+03   5.5316275e+03   5.6942101e+03   8.2694420e+03   7.7918074e+03   5.8703148e+03   4.4378081e+03   4.2865823e+03   4.7538647e+03   4.1601622e+03   7.0700478e+03   4.7160601e+03   3.4655195e+03   4.9544686e+03   5.4794729e+03
   3.1713966e+03   3.9032431e+03   4.4700671e+03   3.6785980e+03   3.4604672e+03   4.8366532e+03   4.3206421e+03   4.0399297e+03   4.2067532e+03   4.3588886e+03   5.6523660e+03   4.0631779e+03   4.8183569e+03   4.2523740e+03   6.1248756e+03   5.3888898e+03   4.4378081e+03   3.6805272e+03   4.7538647e+03   3.3762071e+03   2.9795633e+03   4.7160601e+03   3.4655195e+03   3.8545743e+03   2.6039568e+03
   3.1713966e+03   2.8773912e+03   4.4700671e+03   3.6785980e+03   3.4604672e+03   4.5246954e+03   4.3206421e+03   3.5055938e+03   4.2067532e+03   4.3588886e+03   4.1686276e+03   4.0631779e+03   3.1267482e+03   4.2523740e+03   6.1248756e+03   4.1829586e+03   4.4378081e+03   3.6805272e+03   4.7305506e+03   3.3762071e+03   2.9795633e+03   4.7160601e+03   3.3098965e+03   3.8545743e+03   2.6039568e+03
   3.1713966e+03   2.8773912e+03   4.3797188e+03   3.6785980e+03   3.4604672e+03   4.5246954e+03   4.1123230e+03   2.9141357e+03   4.2067532e+03   3.6532646e+03   4.1686276e+03   4.0631779e+03   3.1267482e+03   4.2523740e+03   4.8441657e+03   3.7187952e+03   4.1437323e+03   3.6805272e+03   4.4316511e+03   3.3762071e+03   2.9795633e+03   3.7355381e+03   3.3098965e+03   3.8545743e+03   2.6039568e+03
   3.1713966e+03   2.8773912e+03   4.3797188e+03   3.2666296e+03   3.1745389e+03   3.9259850e+03   3.8326627e+03   2.9141357e+03   2.4351921e+03   2.6910772e+03   4.1686276e+03   3.2947762e+03   3.1267482e+03   3.5300858e+03   3.8274299e+03   3.4602273e+03   4.0023817e+03   3.6805272e+03   3.9214193e+03   3.3762071e+03   2.9795633e+03   3.7355381e+03   3.3098965e+03   3.3549030e+03   2.6039568e+03
   3.1713966e+03   2.8773912e+03   3.9738988e+03   3.2666296e+03   3.1745389e+03   3.9259850e+03   3.8326627e+03   2.9141357e+03   2.4351921e+03   2.6910772e+03   2.2844763e+03   3.2947762e+03   3.1267482e+03   3.5300858e+03   3.8274299e+03   3.4602273e+03   3.3991903e+03   3.5922689e+03   3.9214193e+03   3.3762071e+03   2.9795633e+03   3.7355381e+03   3.3098965e+03   3.3549030e+03   2.6039568e+03
   3.1713966e+03   2.8773912e+03   3.2747677e+03   3.2666296e+03   3.1745389e+03   3.3841199e+03   3.8326627e+03   2.9141357e+03   2.4351921e+03   2.6910772e+03   2.2844763e+03   3.2947762e+03   2.4642584e+03   3.5300858e+03   3.8274299e+03   3.4602273e+03   3.3991903e+03   3.3915014e+03   3.9214193e+03   3.3762071e+03   2.9795633e+03   3.7355381e+03   2.8575145e+03   3.3507236e+03   2.6039568e+03
   3.1713966e+03   2.3017106e+03   3.2747677e+03   3.2666296e+03   3.1745389e+03   3.3841199e+03   3.4943853e+03   2.9141357e+03   2.4351921e+03   2.6910772e+03   2.2844763e+03   3.2019569e+03   2.4642584e+03   3.5300858e+03   3.2190760e+03   3.4602273e+03   3.3991903e+03   3.3164333e+03   2.8505380e+03   3.3762071e+03   2.9795633e+03   3.5755715e+03   2.8575145e+03   3.3507236e+03   2.6039568e+03
   3.1713966e+03   2.3017106e+03   3.2747677e+03   3.2666296e+03   3.1745389e+03   3.3841199e+03   3.4943853e+03   2.9141357e+03   2.4351921e+03   2.6910772e+03   2.2844763e+03   3.2019569e+03   2.4642584e+03   3.5300858e+03   3.2190760e+03   3.4602273e+03   3.3991903e+03   3.3164333e+03   2.8505380e+03   3.3762071e+03   2.9795633e+03   3.5755715e+03   2.8575145e+03   3.3507236e+03   2.6039568e+03
   3.1713966e+03   2.3017106e+03   3.2747677e+03   3.1857393e+03   3.1745389e+03   3.3841199e+03   3.4943853e+03   2.9141357e+03   2.4351921e+03   2.6910772e+03   2.2844763e+03   3.2019569e+03   2.4642584e+03   3.5300858e+03   3.2190760e+03   3.4602273e+03   3.3726057e+03   2.5926101e+03   2.8505380e+03   3.3762071e+03   2.9795633e+03   3.3825232e+03   2.8575145e+03   3.3507236e+03   2.6039568e+03
