   6.3923681e-01   9.7111111e-01   6.1294811e-01   5.5666667e-01   5.6229885e-01   5.5666667e-01   5.5080460e-01   7.7250000e-01   6.2590909e-01   5.4913580e-01   9.0924242e-01   6.8662835e-01   5.5666667e-01   6.7571429e-01   5.3537313e-01   5.5560440e-01   6.6862069e-01   1.0487336e+00   5.3105263e-01   5.3790953e-01   6.1000000e-01   5.4993711e-01   6.5761905e-01   8.0367816e-01   5.4833017e-01
   5.5666667e-01   6.0656395e-01   5.3857143e-01   5.4384615e-01   5.4603989e-01   5.4740960e-01   5.3010271e-01   7.3932692e-01   5.3528736e-01   5.4851096e-01   9.0924242e-01   5.5666667e-01   5.5666667e-01   5.8081288e-01   5.3537313e-01   5.5560440e-01   5.4384615e-01   5.4384615e-01   5.3105263e-01   5.3790953e-01   6.1000000e-01   5.3726440e-01   5.5666667e-01   5.4384615e-01   5.3085770e-01
   5.4765706e-01   5.3635659e-01   5.3857143e-01   5.4384615e-01   5.4603989e-01   5.4740960e-01   5.3000000e-01   5.3327524e-01   5.3240537e-01   5.3857143e-01   5.7303786e-01   5.5666667e-01   5.5666667e-01   5.4012173e-01   5.3053295e-01   5.5560440e-01   5.4384615e-01   5.4384615e-01   5.3105263e-01   5.2974790e-01   6.1000000e-01   5.3726440e-01   5.5666667e-01   5.4384615e-01   5.3085770e-01
   5.4765706e-01   5.3425645e-01   5.3857143e-01   5.4384615e-01   5.4603989e-01   5.3740472e-01   5.3000000e-01   5.3327524e-01   5.3240537e-01   5.3857143e-01   5.7303786e-01   5.5666667e-01   5.3134647e-01   5.4012173e-01   5.3053295e-01   5.4043372e-01   5.4384615e-01   5.4384615e-01   5.3105263e-01   5.2974790e-01   5.3048518e-01   5.3726440e-01   5.4209877e-01   5.4384615e-01   5.3085770e-01
   5.3272378e-01   5.3425645e-01   5.3857143e-01   5.4384615e-01   5.4603989e-01   5.3740472e-01   5.3000000e-01   5.3000000e-01   5.3240537e-01   5.2758792e-01   5.3367810e-01   5.5666667e-01   5.3134647e-01   5.4012173e-01   5.2960784e-01   5.4043372e-01   5.4103273e-01   5.4384615e-01   5.3105263e-01   5.2974790e-01   5.3048518e-01   5.3726440e-01   5.4103273e-01   5.4384615e-01   5.3085770e-01
   5.3272378e-01   5.3425645e-01   5.3857143e-01   5.4384615e-01   5.4603989e-01   5.3740472e-01   5.3000000e-01   5.3000000e-01   5.3240537e-01   5.2758792e-01   5.3367810e-01   5.5666667e-01   5.3134647e-01   5.4012173e-01   5.2960784e-01   5.4043372e-01   5.4103273e-01   5.4384615e-01   5.3105263e-01   5.2974790e-01   5.3048518e-01   5.2815105e-01   5.4103273e-01   5.4384615e-01   5.3085770e-01
   5.3272378e-01   5.3425645e-01   5.2804725e-01   5.4384615e-01   5.4603989e-01   5.2596737e-01   5.3000000e-01   5.3000000e-01   5.3240537e-01   5.2758792e-01   5.3367810e-01   5.5666667e-01   5.3134647e-01   5.4012173e-01   5.2960784e-01   5.4043372e-01   5.3528736e-01   5.4384615e-01   5.2723999e-01   5.2974790e-01   5.3048518e-01   5.2815105e-01   5.4103273e-01   5.3130041e-01   5.3085770e-01
   5.2732456e-01   5.3425645e-01   5.2804725e-01   5.2636364e-01   5.4603989e-01   5.2596737e-01   5.3000000e-01   5.3000000e-01   5.2636364e-01   5.2758792e-01   5.3367810e-01   5.4869188e-01   5.3134647e-01   5.4012173e-01   5.2960784e-01   5.3647059e-01   5.3528736e-01   5.4384615e-01   5.2723999e-01   5.2974790e-01   5.3048518e-01   5.2815105e-01   5.4103273e-01   5.3130041e-01   5.3085770e-01
   5.2732456e-01   5.3425645e-01   5.2804725e-01   5.2636364e-01   5.4603989e-01   5.2596737e-01   5.3000000e-01   5.3000000e-01   5.2636364e-01   5.2758792e-01   5.3367810e-01   5.4869188e-01   5.3134647e-01   5.4012173e-01   5.2960784e-01   5.3647059e-01   5.3528736e-01   5.4384615e-01   5.2723999e-01   5.2974790e-01   5.3048518e-01   5.2815105e-01   5.4103273e-01   5.3130041e-01   5.3085770e-01
   5.2732456e-01   5.3425645e-01   5.2804725e-01   5.2636364e-01   5.4384615e-01   5.2596737e-01   5.3000000e-01   5.3000000e-01   5.2636364e-01   5.2758792e-01   5.3222222e-01   5.3000000e-01   5.2734694e-01   5.4012173e-01   5.2960784e-01   5.3647059e-01   5.3528736e-01   5.3163561e-01   5.2723999e-01   5.2974790e-01   5.3048518e-01   5.2815105e-01   5.3000000e-01   5.3130041e-01   5.3085770e-01
