   1.2690517e-02   1.2707562e-02   1.2760904e-02   1.2713702e-02   1.2711210e-02   1.3036655e-02   1.2666963e-02   1.2707422e-02   1.2674063e-02   1.2691898e-02   1.2772221e-02   1.2670983e-02   1.2668392e-02   1.2667405e-02   1.2900218e-02   1.2668261e-02   1.4225667e-02   1.2991515e-02   1.2684912e-02   1.2682065e-02   1.2679777e-02   1.2668956e-02   1.2675092e-02   1.2678364e-02   1.2675063e-02
   1.2690517e-02   1.2689650e-02   1.2690569e-02   1.2713702e-02   1.2711210e-02   1.2749838e-02   1.2666963e-02   1.2707422e-02   1.2674063e-02   1.2674971e-02   1.2687820e-02   1.2670983e-02   1.2665947e-02   1.2667405e-02   1.2900218e-02   1.2668261e-02   1.2699543e-02   1.2692404e-02   1.2667724e-02   1.2682065e-02   1.2665252e-02   1.2668956e-02   1.2675092e-02   1.2678364e-02   1.2675063e-02
   1.2674490e-02   1.2666817e-02   1.2671632e-02   1.2676660e-02   1.2679972e-02   1.2749838e-02   1.2666963e-02   1.2689302e-02   1.2668646e-02   1.2665425e-02   1.2687820e-02   1.2670983e-02   1.2665477e-02   1.2667405e-02   1.2667518e-02   1.2665971e-02   1.2699543e-02   1.2666737e-02   1.2667724e-02   1.2682065e-02   1.2665251e-02   1.2668956e-02   1.2669050e-02   1.2678364e-02   1.2675063e-02
   1.2674490e-02   1.2666817e-02   1.2671068e-02   1.2676660e-02   1.2679972e-02   1.2685856e-02   1.2666963e-02   1.2689302e-02   1.2667604e-02   1.2665425e-02   1.2665802e-02   1.2670983e-02   1.2665255e-02   1.2667405e-02   1.2666895e-02   1.2665971e-02   1.2665402e-02   1.2666737e-02   1.2667724e-02   1.2667861e-02   1.2665251e-02   1.2666678e-02   1.2669050e-02   1.2678364e-02   1.2675063e-02
   1.2665234e-02   1.2666817e-02   1.2671068e-02   1.2676660e-02   1.2679972e-02   1.2685856e-02   1.2666963e-02   1.2689302e-02   1.2665483e-02   1.2665425e-02   1.2665802e-02   1.2670983e-02   1.2665255e-02   1.2667405e-02   1.2666895e-02   1.2665971e-02   1.2665402e-02   1.2665776e-02   1.2667724e-02   1.2667861e-02   1.2665251e-02   1.2666678e-02   1.2669050e-02   1.2678364e-02   1.2675063e-02
   1.2665234e-02   1.2666817e-02   1.2671068e-02   1.2676660e-02   1.2679972e-02   1.2685856e-02   1.2666963e-02   1.2689302e-02   1.2665483e-02   1.2665425e-02   1.2665802e-02   1.2670983e-02   1.2665255e-02   1.2667405e-02   1.2666895e-02   1.2665971e-02   1.2665402e-02   1.2665263e-02   1.2667724e-02   1.2667861e-02   1.2665251e-02   1.2666678e-02   1.2669050e-02   1.2665801e-02   1.2675063e-02
   1.2665234e-02   1.2666817e-02   1.2671068e-02   1.2676660e-02   1.2667350e-02   1.2685856e-02   1.2665236e-02   1.2689302e-02   1.2665483e-02   1.2665425e-02   1.2665802e-02   1.2670983e-02   1.2665255e-02   1.2666970e-02   1.2665316e-02   1.2665971e-02   1.2665402e-02   1.2665263e-02   1.2667724e-02   1.2667861e-02   1.2665251e-02   1.2665889e-02   1.2669050e-02   1.2665801e-02   1.2675063e-02
   1.2665234e-02   1.2666817e-02   1.2671068e-02   1.2666844e-02   1.2667350e-02   1.2685856e-02   1.2665236e-02   1.2689302e-02   1.2665483e-02   1.2665425e-02   1.2665802e-02   1.2670983e-02   1.2665255e-02   1.2666970e-02   1.2665316e-02   1.2665971e-02   1.2665402e-02   1.2665263e-02   1.2667724e-02   1.2667861e-02   1.2665251e-02   1.2665889e-02   1.2669050e-02   1.2665801e-02   1.2675063e-02
   1.2665234e-02   1.2666817e-02   1.2670388e-02   1.2666844e-02   1.2667350e-02   1.2685856e-02   1.2665236e-02   1.2675977e-02   1.2665483e-02   1.2665425e-02   1.2665802e-02   1.2665375e-02   1.2665255e-02   1.2666970e-02   1.2665316e-02   1.2665410e-02   1.2665402e-02   1.2665263e-02   1.2667724e-02   1.2667201e-02   1.2665251e-02   1.2665364e-02   1.2666454e-02   1.2665801e-02   1.2673370e-02
   1.2665234e-02   1.2666817e-02   1.2670388e-02   1.2666844e-02   1.2667350e-02   1.2685856e-02   1.2665236e-02   1.2675977e-02   1.2665483e-02   1.2665425e-02   1.2665802e-02   1.2665375e-02   1.2665255e-02   1.2666970e-02   1.2665316e-02   1.2665410e-02   1.2665402e-02   1.2665263e-02   1.2667724e-02   1.2667201e-02   1.2665251e-02   1.2665364e-02   1.2666454e-02   1.2665801e-02   1.2673370e-02
