   5.6483826e+03   5.6388639e+03   5.6775520e+03   5.6462276e+03   5.6303702e+03   5.6714064e+03   5.6773788e+03   5.5867154e+03   5.6627070e+03   5.6433513e+03   5.6441912e+03   5.5600340e+03   5.6360269e+03   5.6544031e+03   5.6259160e+03   5.6435571e+03   5.5755372e+03   5.6439468e+03   5.5818908e+03   5.6354717e+03   5.6572111e+03   5.6710420e+03   5.5499586e+03   5.7012478e+03   5.6639939e+03
   5.6214373e+03   5.6388639e+03   5.6775520e+03   5.6462276e+03   5.6303702e+03   5.6714064e+03   5.6773788e+03   5.5867154e+03   5.6627070e+03   5.6433513e+03   5.6441912e+03   5.5600340e+03   5.6360269e+03   5.6544031e+03   5.6259160e+03   5.6435571e+03   5.5755372e+03   5.6439468e+03   5.5818908e+03   5.6354717e+03   5.6572111e+03   5.6710420e+03   5.5499586e+03   5.7012478e+03   5.6639939e+03
   5.6214373e+03   5.6388639e+03   5.3423886e+03   5.6462276e+03   5.6303702e+03   5.5786220e+03   5.4686549e+03   5.5867154e+03   5.4700106e+03   5.6433513e+03   5.6441912e+03   5.5554235e+03   5.6360269e+03   5.6544031e+03   5.6259160e+03   5.6435571e+03   5.5755372e+03   5.5076782e+03   5.5730428e+03   5.5939246e+03   5.6572111e+03   5.5940211e+03   5.5499586e+03   5.6205947e+03   5.6639939e+03
   5.6214373e+03   5.6388639e+03   5.3423886e+03   5.6462276e+03   5.6303702e+03   5.5786220e+03   5.4686549e+03   5.5867154e+03   5.4700106e+03   5.6433513e+03   5.6441912e+03   5.5554235e+03   5.6360269e+03   5.6544031e+03   5.6259160e+03   5.5731544e+03   5.5755372e+03   5.5076782e+03   5.5518707e+03   5.5939246e+03   5.6572111e+03   5.5940211e+03   5.4369230e+03   5.6205947e+03   5.6639939e+03
   5.6214373e+03   5.5661476e+03   5.3423886e+03   5.6462276e+03   5.6303702e+03   5.5786220e+03   5.4686549e+03   5.5867154e+03   5.4700106e+03   5.6433513e+03   5.6441912e+03   5.5554235e+03   5.6360269e+03   5.6544031e+03   5.6259160e+03   5.5731544e+03   5.5755372e+03   5.5076782e+03   5.5518707e+03   5.5286601e+03   5.6572111e+03   5.5940211e+03   5.4369230e+03   5.6205947e+03   5.5822899e+03
   5.6214373e+03   5.5661476e+03   5.3423886e+03   5.6462276e+03   5.6303702e+03   5.5786220e+03   5.4686549e+03   5.5867154e+03   5.4700106e+03   5.6433513e+03   5.6441912e+03   5.4694310e+03   5.6360269e+03   5.6034498e+03   5.6259160e+03   5.5731544e+03   5.5755372e+03   5.5076782e+03   5.5518707e+03   5.4287599e+03   5.5276319e+03   5.5940211e+03   5.3264352e+03   5.3825225e+03   5.5822899e+03
   5.6214373e+03   5.5661476e+03   5.3423886e+03   5.6462276e+03   5.6303702e+03   5.5786220e+03   5.4686549e+03   5.5867154e+03   5.4700106e+03   5.6433513e+03   5.6441912e+03   5.4694310e+03   5.6360269e+03   5.6034498e+03   5.6259160e+03   5.5731544e+03   5.5755372e+03   5.5076782e+03   5.5518707e+03   5.4287599e+03   5.5276319e+03   5.5940211e+03   5.3264352e+03   5.3825225e+03   5.5822899e+03
   5.5027052e+03   5.5661476e+03   5.3423886e+03   5.6462276e+03   5.6303702e+03   5.5786220e+03   5.4686549e+03   5.4859026e+03   5.4700106e+03   5.6433513e+03   5.6019614e+03   5.4694310e+03   5.6360269e+03   5.6034498e+03   5.6259160e+03   5.5731544e+03   5.5755372e+03   5.5076782e+03   5.5518707e+03   5.4287599e+03   5.5276319e+03   5.5940211e+03   5.3264352e+03   5.3825225e+03   5.5822899e+03
   5.5027052e+03   5.5027613e+03   5.3423886e+03   5.6462276e+03   5.5235374e+03   5.5786220e+03   5.4686549e+03   5.4859026e+03   5.4700106e+03   5.6433513e+03   5.6019614e+03   5.4694310e+03   5.5315722e+03   5.6034498e+03   5.6259160e+03   5.5731544e+03   5.5755372e+03   5.5076782e+03   5.5518707e+03   5.4287599e+03   5.5276319e+03   5.5940211e+03   5.3264352e+03   5.3825225e+03   5.5822899e+03
   5.5027052e+03   5.3444304e+03   5.3423886e+03   5.6462276e+03   5.5235374e+03   5.5786220e+03   5.4686549e+03   5.4859026e+03   5.4700106e+03   5.6433513e+03   5.4939849e+03   5.4694310e+03   5.3509247e+03   5.1577342e+03   5.6259160e+03   5.4296285e+03   5.5755372e+03   5.5076782e+03   5.3691134e+03   5.4287599e+03   5.5276319e+03   5.5940211e+03   5.3264352e+03   5.3825225e+03   5.4201840e+03
