  -3.0665538e+04  -3.0665539e+04  -3.0665538e+04  -3.0665539e+04  -3.0665539e+04  -3.0665539e+04  -3.0665538e+04  -3.0665538e+04  -3.0665539e+04  -3.0665539e+04  -3.0665539e+04  -3.0665538e+04  -3.0665539e+04  -3.0665539e+04  -3.0665538e+04  -3.0665538e+04  -3.0665538e+04  -3.0665538e+04  -3.0665539e+04  -3.0665539e+04  -3.0665539e+04  -3.0665539e+04  -3.0665539e+04  -3.0665539e+04  -3.0665538e+04
  -3.0665539e+04  -3.0665539e+04  -3.0665539e+04  -3.0665539e+04  -3.0665539e+04  -3.0665539e+04  -3.0665539e+04  -3.0665539e+04  -3.0665539e+04  -3.0665539e+04  -3.0665539e+04  -3.0665539e+04  -3.0665539e+04  -3.0665539e+04  -3.0665539e+04  -3.0665539e+04  -3.0665539e+04  -3.0665539e+04  -3.0665539e+04  -3.0665539e+04  -3.0665539e+04  -3.0665539e+04  -3.0665539e+04  -3.0665539e+04  -3.0665539e+04
  -3.0665539e+04  -3.0665539e+04  -3.0665539e+04  -3.0665539e+04  -3.0665539e+04  -3.0665539e+04  -3.0665539e+04  -3.0665539e+04  -3.0665539e+04  -3.0665539e+04  -3.0665539e+04  -3.0665539e+04  -3.0665539e+04  -3.0665539e+04  -3.0665539e+04  -3.0665539e+04  -3.0665539e+04  -3.0665539e+04  -3.0665539e+04  -3.0665539e+04  -3.0665539e+04  -3.0665539e+04  -3.0665539e+04  -3.0665539e+04  -3.0665539e+04
  -3.0665539e+04  -3.0665539e+04  -3.0665539e+04  -3.0665539e+04  -3.0665539e+04  -3.0665539e+04  -3.0665539e+04  -3.0665539e+04  -3.0665539e+04  -3.0665539e+04  -3.0665539e+04  -3.0665539e+04  -3.0665539e+04  -3.0665539e+04  -3.0665539e+04  -3.0665539e+04  -3.0665539e+04  -3.0665539e+04  -3.0665539e+04  -3.0665539e+04  -3.0665539e+04  -3.0665539e+04  -3.0665539e+04  -3.0665539e+04  -3.0665539e+04
  -3.0665539e+04  -3.0665539e+04  -3.0665539e+04  -3.0665539e+04  -3.0665539e+04  -3.0665539e+04  -3.0665539e+04  -3.0665539e+04  -3.0665539e+04  -3.0665539e+04  -3.0665539e+04  -3.0665539e+04  -3.0665539e+04  -3.0665539e+04  -3.0665539e+04  -3.0665539e+04  -3.0665539e+04  -3.0665539e+04  -3.0665539e+04  -3.0665539e+04  -3.0665539e+04  -3.0665539e+04  -3.0665539e+04  -3.0665539e+04  -3.0665539e+04
  -3.0665539e+04  -3.0665539e+04  -3.0665539e+04  -3.0665539e+04  -3.0665539e+04  -3.0665539e+04  -3.0665539e+04  -3.0665539e+04  -3.0665539e+04  -3.0665539e+04  -3.0665539e+04  -3.0665539e+04  -3.0665539e+04  -3.0665539e+04  -3.0665539e+04  -3.0665539e+04  -3.0665539e+04  -3.0665539e+04  -3.0665539e+04  -3.0665539e+04  -3.0665539e+04  -3.0665539e+04  -3.0665539e+04  -3.0665539e+04  -3.0665539e+04
  -3.0665539e+04  -3.0665539e+04  -3.0665539e+04  -3.0665539e+04  -3.0665539e+04  -3.0665539e+04  -3.0665539e+04  -3.0665539e+04  -3.0665539e+04  -3.0665539e+04  -3.0665539e+04  -3.0665539e+04  -3.0665539e+04  -3.0665539e+04  -3.0665539e+04  -3.0665539e+04  -3.0665539e+04  -3.0665539e+04  -3.0665539e+04  -3.0665539e+04  -3.0665539e+04  -3.0665539e+04  -3.0665539e+04  -3.0665539e+04  -3.0665539e+04
  -3.0665539e+04  -3.0665539e+04  -3.0665539e+04  -3.0665539e+04  -3.0665539e+04  -3.0665539e+04  -3.0665539e+04  -3.0665539e+04  -3.0665539e+04  -3.0665539e+04  -3.0665539e+04  -3.0665539e+04  -3.0665539e+04  -3.0665539e+04  -3.0665539e+04  -3.0665539e+04  -3.0665539e+04  -3.0665539e+04  -3.0665539e+04  -3.0665539e+04  -3.0665539e+04  -3.0665539e+04  -3.0665539e+04  -3.0665539e+04  -3.0665539e+04
  -3.0665539e+04  -3.0665539e+04  -3.0665539e+04  -3.0665539e+04  -3.0665539e+04  -3.0665539e+04  -3.0665539e+04  -3.0665539e+04  -3.0665539e+04  -3.0665539e+04  -3.0665539e+04  -3.0665539e+04  -3.0665539e+04  -3.0665539e+04  -3.0665539e+04  -3.0665539e+04  -3.0665539e+04  -3.0665539e+04  -3.0665539e+04  -3.0665539e+04  -3.0665539e+04  -3.0665539e+04  -3.0665539e+04  -3.0665539e+04  -3.0665539e+04
  -3.0665539e+04  -3.0665539e+04  -3.0665539e+04  -3.0665539e+04  -3.0665539e+04  -3.0665539e+04  -3.0665539e+04  -3.0665539e+04  -3.0665539e+04  -3.0665539e+04  -3.0665539e+04  -3.0665539e+04  -3.0665539e+04  -3.0665539e+04  -3.0665539e+04  -3.0665539e+04  -3.0665539e+04  -3.0665539e+04  -3.0665539e+04  -3.0665539e+04  -3.0665539e+04  -3.0665539e+04  -3.0665539e+04  -3.0665539e+04  -3.0665539e+04
