   5.9252879e+04   7.4464710e+04   5.8847313e+04   6.4827375e+04   6.0965720e+04   6.8392143e+04   6.6593768e+04   6.3208537e+04   6.8581997e+04   7.1304663e+04   6.8111431e+04   6.6302049e+04   6.6735146e+04   6.6317674e+04   7.8016509e+04   6.7543242e+04   7.9746665e+04   6.1708803e+04   6.0112768e+04   6.5538965e+04   6.4771470e+04   6.9771798e+04   7.2456985e+04   8.2790266e+04   7.0050401e+04
   5.9252879e+04   6.7201419e+04   5.8841637e+04   6.3890546e+04   6.0965720e+04   6.8392143e+04   5.4995150e+04   6.0666366e+04   6.8005094e+04   5.4378604e+04   5.6558084e+04   6.6302049e+04   6.6735146e+04   6.3311289e+04   7.1655835e+04   6.1883336e+04   7.2924844e+04   6.1708803e+04   6.0112768e+04   5.5370188e+04   6.4771470e+04   5.6097031e+04   6.8829057e+04   5.6022304e+04   6.9520988e+04
   5.9252879e+04   6.2059617e+04   5.8602562e+04   6.3890546e+04   6.0965720e+04   6.4141882e+04   5.4995150e+04   6.0666366e+04   6.4015465e+04   5.3911693e+04   5.5080079e+04   6.0405218e+04   6.1041215e+04   6.3311289e+04   6.1483158e+04   6.1883336e+04   6.3966127e+04   6.1708803e+04   6.0112768e+04   5.5370188e+04   6.3079414e+04   5.6097031e+04   6.1096456e+04   5.6022304e+04   6.2602766e+04
   5.9252879e+04   6.0811688e+04   5.8602562e+04   6.3890546e+04   6.0965720e+04   6.1563944e+04   5.4995150e+04   6.0666366e+04   6.4015465e+04   5.3911693e+04   5.5080079e+04   5.9338959e+04   6.1041215e+04   6.3311289e+04   5.4251976e+04   6.0684268e+04   5.4706171e+04   6.1708803e+04   6.0112768e+04   5.5370188e+04   6.2342765e+04   5.6097031e+04   5.4794703e+04   5.6022304e+04   6.2602766e+04
   5.9252879e+04   5.8691939e+04   5.8602562e+04   6.3890546e+04   6.0965720e+04   5.9688780e+04   5.4995150e+04   6.0666366e+04   6.4015465e+04   5.3911693e+04   5.5080079e+04   5.9338959e+04   5.9029896e+04   5.5424969e+04   5.4251976e+04   5.5731646e+04   5.4706171e+04   6.1609081e+04   6.0112768e+04   5.5370188e+04   6.1982173e+04   5.4206952e+04   5.4794703e+04   5.6022304e+04   6.2602766e+04
   5.5552424e+04   5.8691939e+04   5.4091740e+04   6.3890546e+04   6.0965720e+04   5.9688780e+04   5.4995150e+04   5.8477944e+04   6.2305701e+04   5.3911693e+04   5.5080079e+04   5.9338959e+04   5.8570727e+04   5.5424969e+04   5.4251976e+04   5.5731646e+04   5.4706171e+04   6.1609081e+04   6.0112768e+04   5.5370188e+04   6.1756853e+04   5.4206952e+04   5.4794703e+04   5.6022304e+04   5.9417848e+04
   5.4951320e+04   5.8691939e+04   5.4091740e+04   6.3890546e+04   6.0965720e+04   5.9688780e+04   5.4995150e+04   5.8477944e+04   6.2305701e+04   5.3911693e+04   5.3840211e+04   5.9338959e+04   5.8570727e+04   5.3760462e+04   5.4251976e+04   5.5731646e+04   5.4706171e+04   5.3839003e+04   6.0112768e+04   5.5370188e+04   5.9436396e+04   5.4206952e+04   5.4794703e+04   5.6022304e+04   5.9417848e+04
   5.4712715e+04   5.8691939e+04   5.4091740e+04   6.3890546e+04   6.0965720e+04   5.9688780e+04   5.4995150e+04   5.3680927e+04   6.1904732e+04   5.3911693e+04   5.3840211e+04   5.9338959e+04   5.8570727e+04   5.3760462e+04   5.4251976e+04   5.5731646e+04   5.4706171e+04   5.3790468e+04   6.0112768e+04   5.3759077e+04   5.9268682e+04   5.4206952e+04   5.4794703e+04   5.6022304e+04   5.9286003e+04
   5.4473333e+04   5.8691939e+04   5.4091740e+04   6.3890546e+04   6.0965720e+04   5.9688780e+04   5.4995150e+04   5.3680927e+04   6.1883890e+04   5.3911693e+04   5.3840211e+04   5.9338959e+04   5.8570727e+04   5.3760462e+04   5.4251976e+04   5.5731646e+04   5.4706171e+04   5.3790468e+04   6.0112768e+04   5.3651118e+04   5.9268682e+04   5.4206952e+04   5.4794703e+04   5.6022304e+04   5.9286003e+04
   5.4473333e+04   5.8682780e+04   5.4091740e+04   6.3890546e+04   5.9809775e+04   5.8911034e+04   5.4995150e+04   5.3680927e+04   6.1883890e+04   5.3795528e+04   5.3840211e+04   5.9338959e+04   5.8570727e+04   5.3760462e+04   5.4251976e+04   5.5731646e+04   5.4706171e+04   5.3790468e+04   6.0112768e+04   5.3651118e+04   5.9268682e+04   5.4206952e+04   5.4794703e+04   5.6022304e+04   5.9248216e+04
