   3.4890321e+03   3.3362495e+03   3.5409439e+03   3.4873014e+03   3.4170394e+03   3.4868628e+03   3.3119264e+03   3.3573191e+03   3.3337395e+03   3.4869401e+03   3.4868695e+03   3.4869117e+03   3.4868938e+03   3.5032227e+03   3.3540351e+03   3.4868926e+03   3.4868631e+03   3.4868610e+03   3.3455501e+03   3.3893847e+03   3.4460533e+03   3.4815215e+03   3.4337592e+03   3.4904367e+03   3.2915833e+03
   3.3419119e+03   3.3327174e+03   3.4868609e+03   3.3691835e+03   3.4170394e+03   3.2494820e+03   3.3119264e+03   3.3573191e+03   3.3337395e+03   3.3488440e+03   3.4078956e+03   3.2842206e+03   3.3322298e+03   3.3777150e+03   3.3403044e+03   3.3432298e+03   3.4867730e+03   3.4868610e+03   3.3330782e+03   3.3323718e+03   3.3870061e+03   3.3342953e+03   3.4337592e+03   3.3777838e+03   3.2915833e+03
   3.3293762e+03   3.3327174e+03   3.2489960e+03   3.2493121e+03   3.4170394e+03   3.2494820e+03   3.3015251e+03   3.3366454e+03   3.3337395e+03   3.3488440e+03   3.3324523e+03   3.2842206e+03   3.3322298e+03   3.3701302e+03   3.2521342e+03   3.3432298e+03   3.3931315e+03   3.3046493e+03   3.3330782e+03   3.3323718e+03   3.3870061e+03   3.3294841e+03   3.4164289e+03   3.3777838e+03   3.2915833e+03
   3.3293762e+03   3.3327174e+03   3.2489960e+03   3.2493121e+03   3.4170394e+03   3.2494820e+03   3.3015251e+03   3.2816660e+03   3.3337395e+03   3.3488440e+03   3.3324523e+03   3.2842206e+03   3.3322298e+03   3.3701302e+03   3.2521342e+03   3.3432298e+03   3.3322268e+03   3.2783042e+03   3.3330782e+03   3.3323718e+03   3.3870061e+03   3.3294841e+03   3.3500081e+03   3.3777838e+03   3.2915833e+03
   3.3293762e+03   3.3327174e+03   3.2489960e+03   3.2493121e+03   3.4170394e+03   3.2494820e+03   3.3015251e+03   3.2816660e+03   3.3337395e+03   3.2815119e+03   3.3324523e+03   3.2842206e+03   3.3322298e+03   3.3701302e+03   3.2521342e+03   3.3432298e+03   3.3322268e+03   3.2783042e+03   3.3330782e+03   3.3323718e+03   3.3870061e+03   3.2789955e+03   3.3500081e+03   3.3777838e+03   3.2915833e+03
   3.3293762e+03   3.3327174e+03   3.2489960e+03   3.2493121e+03   3.4170394e+03   3.2494820e+03   3.3015251e+03   3.2816660e+03   3.3337395e+03   3.2815119e+03   3.3324523e+03   3.2842206e+03   3.3322298e+03   3.3701302e+03   3.2521342e+03   3.3432298e+03   3.3322268e+03   3.2783042e+03   3.3330782e+03   3.3323718e+03   3.3335517e+03   3.2789955e+03   3.3500081e+03   3.3777838e+03   3.2915833e+03
   3.3293762e+03   3.3327174e+03   3.2489960e+03   3.2493121e+03   3.4170394e+03   3.2494820e+03   3.3015251e+03   3.2816660e+03   3.3337395e+03   3.2815119e+03   3.3324523e+03   3.2842206e+03   3.3322298e+03   3.3701302e+03   3.2521342e+03   3.3432298e+03   3.3322268e+03   3.2783042e+03   3.3330782e+03   3.3323718e+03   3.3335517e+03   3.2789955e+03   3.3500081e+03   3.3777838e+03   3.2915833e+03
   3.3293762e+03   3.3327174e+03   3.2489960e+03   3.2493121e+03   3.4170394e+03   3.2494820e+03   3.3015251e+03   3.2816660e+03   3.3337395e+03   3.2815119e+03   3.3324523e+03   3.2842206e+03   3.3322298e+03   3.3701302e+03   3.2521342e+03   3.3432298e+03   3.3322268e+03   3.2783042e+03   3.3330782e+03   3.3323718e+03   3.3335517e+03   3.2789955e+03   3.3500081e+03   3.3777838e+03   3.2915833e+03
   3.3293762e+03   3.3327174e+03   3.2489960e+03   3.2493121e+03   3.4170394e+03   3.2494820e+03   3.3015251e+03   3.2816660e+03   3.3337395e+03   3.2815119e+03   3.3324523e+03   3.2842206e+03   3.3322298e+03   3.3701302e+03   3.2521342e+03   3.3432298e+03   3.3322268e+03   3.2783042e+03   3.3330782e+03   3.3323718e+03   3.3335517e+03   3.2789955e+03   3.3500081e+03   3.3777838e+03   3.2515160e+03
   3.3293762e+03   3.3327174e+03   3.2489960e+03   3.2493121e+03   3.4170394e+03   3.2494820e+03   3.3015251e+03   3.2816660e+03   3.3337395e+03   3.2815119e+03   3.3324523e+03   3.2842206e+03   3.3322298e+03   3.3701302e+03   3.2521342e+03   3.3432298e+03   3.3322268e+03   3.2783042e+03   3.3330782e+03   3.3323718e+03   3.3335517e+03   3.2789955e+03   3.3500081e+03   3.3777838e+03   3.2515160e+03
