   4.5510940e+03   4.5510259e+03   4.5510191e+03   4.5510106e+03   4.5511519e+03   4.5511178e+03   4.5508674e+03   4.5510181e+03   4.5508807e+03   4.5508566e+03   4.5510715e+03   4.5510127e+03   4.5509839e+03   4.5511177e+03   4.5508575e+03   4.5510574e+03   4.5510048e+03   4.5508567e+03   4.5510129e+03   4.5510050e+03   4.5510110e+03   4.5510009e+03   4.5510805e+03   4.5511113e+03   4.5511132e+03
   4.5510940e+03   4.5510259e+03   4.5510191e+03   4.5510106e+03   4.5511519e+03   4.5511178e+03   4.5508674e+03   4.5510181e+03   4.5508807e+03   4.5508566e+03   4.5510715e+03   4.5510127e+03   4.5509839e+03   4.5511177e+03   4.5508575e+03   4.5510574e+03   4.5510048e+03   4.5508567e+03   4.5510129e+03   4.5510050e+03   4.5510110e+03   4.5510009e+03   4.5510805e+03   4.5511113e+03   4.5511132e+03
   4.5510940e+03   4.5510259e+03   4.5510191e+03   4.5510106e+03   4.5511519e+03   4.5511178e+03   4.5508674e+03   4.5510181e+03   4.5508807e+03   4.5508566e+03   4.5508583e+03   4.5510127e+03   4.5509839e+03   4.5511177e+03   4.5508575e+03   4.5510574e+03   4.5510048e+03   4.5508567e+03   4.5510129e+03   4.5510050e+03   4.5510110e+03   4.5510009e+03   4.5510805e+03   4.5511113e+03   4.5511132e+03
   4.5510940e+03   4.5510259e+03   4.5510191e+03   4.5508553e+03   4.5511519e+03   4.5511178e+03   4.5508674e+03   4.5510181e+03   4.5508807e+03   4.5508566e+03   4.5508583e+03   4.5510127e+03   4.5509839e+03   4.5511177e+03   4.5508575e+03   4.5510574e+03   4.5510048e+03   4.5508567e+03   4.5510129e+03   4.5510050e+03   4.5510110e+03   4.5510009e+03   4.5510805e+03   4.5511113e+03   4.5511132e+03
   4.5510940e+03   4.5510259e+03   4.5510191e+03   4.5508553e+03   4.5511519e+03   4.5511178e+03   4.5508674e+03   4.5510181e+03   4.5508807e+03   4.5508566e+03   4.5508583e+03   4.5510127e+03   4.5509894e+03   4.5511177e+03   4.5508575e+03   4.5510574e+03   4.5510048e+03   4.5508567e+03   4.5510129e+03   4.5510050e+03   4.5510110e+03   4.5510009e+03   4.5510805e+03   4.5511113e+03   4.5511132e+03
   4.5510940e+03   4.5510259e+03   4.5510191e+03   4.5508553e+03   4.5511519e+03   4.5511178e+03   4.5508674e+03   4.5510181e+03   4.5508807e+03   4.5508566e+03   4.5508583e+03   4.5510127e+03   4.5509894e+03   4.5511177e+03   4.5508575e+03   4.5510574e+03   4.5510048e+03   4.5508567e+03   4.5510129e+03   4.5510050e+03   4.5510270e+03   4.5510009e+03   4.5510805e+03   4.5511113e+03   4.5511132e+03
   4.5510940e+03   4.5510259e+03   4.5510191e+03   4.5508553e+03   4.5511519e+03   4.5511178e+03   4.5508674e+03   4.5510181e+03   4.5508807e+03   4.5508566e+03   4.5508583e+03   4.5510127e+03   4.5509894e+03   4.5511177e+03   4.5508575e+03   4.5510574e+03   4.5510048e+03   4.5508567e+03   4.5510129e+03   4.5510050e+03   4.5510270e+03   4.5510009e+03   4.5510805e+03   4.5511113e+03   4.5511132e+03
   4.5510940e+03   4.5510259e+03   4.5510191e+03   4.5508553e+03   4.5511519e+03   4.5511178e+03   4.5508674e+03   4.5509408e+03   4.5508807e+03   4.5508566e+03   4.5508583e+03   4.5510127e+03   4.5509894e+03   4.5511177e+03   4.5508575e+03   4.5510574e+03   4.5510048e+03   4.5508567e+03   4.5510129e+03   4.5510050e+03   4.5510270e+03   4.5510009e+03   4.5510805e+03   4.5511113e+03   4.5511132e+03
   4.5510940e+03   4.5510259e+03   4.5510191e+03   4.5508553e+03   4.5511519e+03   4.5511178e+03   4.5508674e+03   4.5509408e+03   4.5508807e+03   4.5508566e+03   4.5508583e+03   4.5510127e+03   4.5509894e+03   4.5511177e+03   4.5508575e+03   4.5510574e+03   4.5508560e+03   4.5508567e+03   4.5510129e+03   4.5510050e+03   4.5510270e+03   4.5510009e+03   4.5510805e+03   4.5511113e+03   4.5511132e+03
   4.5510940e+03   4.5510259e+03   4.5510191e+03   4.5508553e+03   4.5511519e+03   4.5511178e+03   4.5508674e+03   4.5509408e+03   4.5511255e+03   4.5508566e+03   4.5508583e+03   4.5510127e+03   4.5510742e+03   4.5511177e+03   4.5508575e+03   4.5510574e+03   4.5508560e+03   4.5508516e+03   4.5510129e+03   4.5510050e+03   4.5510270e+03   4.5510009e+03   4.5510805e+03   4.5511113e+03   4.5511132e+03
