  -3.7480376e-01  -3.8811994e-01  -3.8820958e-01  -3.7475911e-01  -3.7478394e-01  -3.8811071e-01  -3.8816860e-01  -3.8810591e-01  -3.8814386e-01  -3.7477714e-01  -3.8816554e-01  -3.7468673e-01  -3.7461116e-01  -3.7473826e-01  -3.8816088e-01  -3.8819274e-01  -3.8806701e-01  -3.8670794e-01  -3.7470986e-01  -3.7461301e-01  -3.8816935e-01  -3.8807925e-01  -3.7473235e-01  -3.7478274e-01  -3.7470351e-01
  -3.7484461e-01  -3.8822584e-01  -3.8822718e-01  -3.7484753e-01  -3.8507476e-01  -3.8822522e-01  -3.8822017e-01  -3.8820344e-01  -3.8822371e-01  -3.7484386e-01  -3.8822295e-01  -3.7589346e-01  -3.7482820e-01  -3.7484600e-01  -3.8822005e-01  -3.8823093e-01  -3.8818850e-01  -3.8670794e-01  -3.7484356e-01  -3.7483487e-01  -3.8823903e-01  -3.8820975e-01  -3.8489743e-01  -3.7484317e-01  -3.8789828e-01
  -3.8515973e-01  -3.8822584e-01  -3.8822718e-01  -3.7484753e-01  -3.8818961e-01  -3.8822522e-01  -3.8822017e-01  -3.8820344e-01  -3.8822371e-01  -3.7484386e-01  -3.8822295e-01  -3.7810507e-01  -3.8810532e-01  -3.7484600e-01  -3.8822005e-01  -3.8823093e-01  -3.8818850e-01  -3.8670794e-01  -3.8820062e-01  -3.8807489e-01  -3.8823903e-01  -3.8820975e-01  -3.8816775e-01  -3.7484317e-01  -3.8814386e-01
  -3.8515973e-01  -3.8822584e-01  -3.8822718e-01  -3.7484753e-01  -3.8822013e-01  -3.8822522e-01  -3.8822364e-01  -3.8820344e-01  -3.8822371e-01  -3.7485541e-01  -3.8822295e-01  -3.8814930e-01  -3.8823810e-01  -3.7484600e-01  -3.8822005e-01  -3.8823093e-01  -3.8818850e-01  -3.8670794e-01  -3.8822032e-01  -3.8820345e-01  -3.8823903e-01  -3.8822465e-01  -3.8823054e-01  -3.8796431e-01  -3.8822027e-01
  -3.8515973e-01  -3.8822851e-01  -3.8822718e-01  -3.7484753e-01  -3.8822013e-01  -3.8822522e-01  -3.8822364e-01  -3.8823192e-01  -3.8822371e-01  -3.7485541e-01  -3.8822295e-01  -3.8821811e-01  -3.8823810e-01  -3.7484600e-01  -3.8822174e-01  -3.8823093e-01  -3.8818850e-01  -3.8822208e-01  -3.8822852e-01  -3.8821038e-01  -3.8823903e-01  -3.8822465e-01  -3.8823054e-01  -3.8811767e-01  -3.8822027e-01
  -3.8806231e-01  -3.8822851e-01  -3.8822718e-01  -3.7485145e-01  -3.8822013e-01  -3.8822522e-01  -3.8822364e-01  -3.8823192e-01  -3.8822371e-01  -3.7485541e-01  -3.8822295e-01  -3.8821811e-01  -3.8823810e-01  -3.7485293e-01  -3.8823332e-01  -3.8823093e-01  -3.8823217e-01  -3.8823635e-01  -3.8822852e-01  -3.8822255e-01  -3.8823903e-01  -3.8822848e-01  -3.8823054e-01  -3.8816581e-01  -3.8822027e-01
  -3.8821467e-01  -3.8824167e-01  -3.8822718e-01  -3.7485145e-01  -3.8822013e-01  -3.8824434e-01  -3.8822364e-01  -3.8823192e-01  -3.8824197e-01  -3.7485541e-01  -3.8822295e-01  -3.8821811e-01  -3.8823810e-01  -3.7485977e-01  -3.8823332e-01  -3.8823093e-01  -3.8823217e-01  -3.8823635e-01  -3.8823140e-01  -3.8822631e-01  -3.8823903e-01  -3.8822848e-01  -3.8823054e-01  -3.8822824e-01  -3.8822027e-01
  -3.8822036e-01  -3.8824167e-01  -3.8822718e-01  -3.7485145e-01  -3.8822013e-01  -3.8824434e-01  -3.8822364e-01  -3.8823192e-01  -3.8824197e-01  -3.7485541e-01  -3.8822295e-01  -3.8821811e-01  -3.8823810e-01  -3.7485977e-01  -3.8823332e-01  -3.8823093e-01  -3.8823217e-01  -3.8823635e-01  -3.8823140e-01  -3.8823018e-01  -3.8823903e-01  -3.8822848e-01  -3.8823054e-01  -3.8822824e-01  -3.8822027e-01
  -3.8822036e-01  -3.8824167e-01  -3.8822718e-01  -3.7485663e-01  -3.8822013e-01  -3.8824434e-01  -3.8822364e-01  -3.8823192e-01  -3.8824197e-01  -3.7485541e-01  -3.8822295e-01  -3.8821811e-01  -3.8823810e-01  -3.7485977e-01  -3.8823332e-01  -3.8823093e-01  -3.8823217e-01  -3.8823635e-01  -3.8824090e-01  -3.8823018e-01  -3.8823903e-01  -3.8822848e-01  -3.8823054e-01  -3.8822824e-01  -3.8822027e-01
  -3.8822036e-01  -3.8824167e-01  -3.8823972e-01  -3.7485663e-01  -3.8822013e-01  -3.8824434e-01  -3.8822364e-01  -3.8823192e-01  -3.8824197e-01  -3.7485541e-01  -3.8822295e-01  -3.8821811e-01  -3.8824303e-01  -3.8808092e-01  -3.8823332e-01  -3.8823093e-01  -3.8823217e-01  -3.8823635e-01  -3.8824090e-01  -3.8823018e-01  -3.8823903e-01  -3.8822848e-01  -3.8823054e-01  -3.8822892e-01  -3.8822027e-01
