  -2.4120083e+03  -3.3037366e+03  -2.7525422e+03  -2.4488756e+03  -4.0083672e+03  -2.8649804e+03  -2.5704825e+03  -4.0377585e+03  -4.2183472e+03  -2.8879565e+03  -2.9975268e+03  -2.9970014e+03  -3.1818141e+03  -3.8125271e+03  -2.3344302e+03  -4.1919117e+03  -3.0991219e+03  -3.6540816e+03  -3.2330611e+03  -2.8354626e+03  -2.9887133e+03  -2.9435080e+03  -4.1723925e+03  -3.3403611e+03  -2.8808705e+03
  -2.6595798e+03  -2.7506674e+03  -2.5243089e+03  -2.9764307e+03  -2.6512550e+03  -2.9371269e+03  -3.4764755e+03  -4.0377585e+03  -4.2194263e+03  -2.4472314e+03  -3.8281033e+03  -3.0535425e+03  -3.0129673e+03  -3.6661220e+03  -2.3344302e+03  -4.1919117e+03  -3.0991219e+03  -3.6540816e+03  -3.2552909e+03  -2.8410920e+03  -2.8017812e+03  -4.0751291e+03  -4.1723925e+03  -2.8723174e+03  -3.1500007e+03
  -3.5648678e+03  -2.7506674e+03  -2.8406726e+03  -2.9764307e+03  -2.6512550e+03  -2.9371269e+03  -3.4764755e+03  -2.7474973e+03  -4.2194263e+03  -2.4472314e+03  -3.8281033e+03  -4.3095747e+03  -3.2340791e+03  -3.6661220e+03  -2.6586606e+03  -2.7461281e+03  -3.9685220e+03  -3.6540816e+03  -3.2552909e+03  -2.9252341e+03  -2.8017812e+03  -4.0751291e+03  -4.1723925e+03  -4.2686334e+03  -3.1500007e+03
  -3.5648678e+03  -2.7506674e+03  -2.9728904e+03  -2.9764307e+03  -2.6512550e+03  -2.9371269e+03  -3.7244146e+03  -2.7474973e+03  -4.2194263e+03  -2.4472314e+03  -3.8281033e+03  -4.3095747e+03  -3.2489957e+03  -3.6661220e+03  -2.6586606e+03  -2.7461281e+03  -3.9685220e+03  -3.6540816e+03  -3.2552909e+03  -2.9558215e+03  -2.8017812e+03  -2.5908897e+03  -4.1723925e+03  -4.2686334e+03  -3.1500007e+03
  -4.4842090e+03  -2.7506674e+03  -3.9557644e+03  -4.0876846e+03  -2.6512550e+03  -2.9371269e+03  -3.7244146e+03  -4.5141640e+03  -4.2194263e+03  -4.3772374e+03  -3.8281033e+03  -4.3095747e+03  -4.0117697e+03  -3.6661220e+03  -4.2102904e+03  -4.5118135e+03  -3.9685220e+03  -3.6540816e+03  -3.2552909e+03  -4.0619304e+03  -2.8017812e+03  -2.5908897e+03  -4.1723925e+03  -4.2686334e+03  -3.1500007e+03
  -4.4842090e+03  -4.5015870e+03  -3.9557644e+03  -4.4712452e+03  -3.9697868e+03  -3.5363552e+03  -3.7244146e+03  -4.5277659e+03  -4.2194263e+03  -4.3772374e+03  -3.8281033e+03  -4.3095747e+03  -4.0119085e+03  -3.6661220e+03  -4.5203987e+03  -4.5118135e+03  -4.2344053e+03  -3.6540816e+03  -4.5275778e+03  -4.0619304e+03  -3.6544324e+03  -4.3738194e+03  -4.1723925e+03  -4.2686334e+03  -3.1500007e+03
  -4.4842090e+03  -4.5015870e+03  -3.9557644e+03  -4.4712452e+03  -4.1806672e+03  -3.5363552e+03  -3.7244146e+03  -4.5277659e+03  -4.2194263e+03  -4.3772374e+03  -4.2329775e+03  -4.3095747e+03  -4.0119085e+03  -3.6661220e+03  -4.5203987e+03  -4.5118135e+03  -4.4058327e+03  -3.6540816e+03  -4.5277443e+03  -4.0619304e+03  -3.6561903e+03  -4.3738194e+03  -4.1723925e+03  -4.2686334e+03  -3.1500007e+03
  -4.4842090e+03  -4.5015870e+03  -3.9557644e+03  -4.4712452e+03  -4.3343285e+03  -3.5363552e+03  -3.7314720e+03  -4.5277659e+03  -4.2194263e+03  -4.3772374e+03  -4.2329775e+03  -4.3095747e+03  -4.0119085e+03  -3.6661220e+03  -4.5203987e+03  -4.5118135e+03  -4.5034323e+03  -3.6540816e+03  -4.5277443e+03  -4.0774649e+03  -3.6561903e+03  -4.3738194e+03  -4.1723925e+03  -4.2686334e+03  -3.6435805e+03
  -4.4842090e+03  -4.5015870e+03  -3.9557644e+03  -4.4712452e+03  -4.5053783e+03  -3.5363552e+03  -3.7415504e+03  -4.5277659e+03  -4.2194263e+03  -4.3772374e+03  -4.2329775e+03  -4.3095747e+03  -4.0119085e+03  -4.4375348e+03  -4.5203987e+03  -4.5118135e+03  -4.5241420e+03  -4.2930764e+03  -4.5277443e+03  -4.3787086e+03  -3.6561903e+03  -4.3738194e+03  -4.4272452e+03  -4.2686334e+03  -3.6460749e+03
  -4.4842090e+03  -4.5015870e+03  -3.9557644e+03  -4.4712452e+03  -4.5053783e+03  -3.5363552e+03  -4.4893788e+03  -4.5277659e+03  -4.2194263e+03  -4.3772374e+03  -4.2329775e+03  -4.3095747e+03  -4.0119085e+03  -4.4978555e+03  -4.5203987e+03  -4.5118135e+03  -4.5241420e+03  -4.3328319e+03  -4.5277443e+03  -4.3787086e+03  -4.2913315e+03  -4.3738194e+03  -4.4272452e+03  -4.4680018e+03  -3.6460749e+03
