   2.2013031e-06   1.1434459e-03   1.1434459e-03   1.1434459e-03   4.0646510e-04   8.8274607e-04   1.1434459e-03   2.2013031e-06   1.1434459e-03   1.1434459e-03   5.3459528e-04   2.2013030e-06   1.1434459e-03   2.2013030e-06   4.5670432e-04   1.1434459e-03   1.1434459e-03   1.1434459e-03   2.2013035e-06   2.2013030e-06   1.1434459e-03   1.1434459e-03   2.2013028e-06   8.0227824e-04   1.0490882e-06
   2.2013031e-06   0.0000000e+00   1.1434459e-03   1.1434459e-03   2.2013030e-06   2.2013029e-06   1.0586102e-03   2.2013031e-06   2.2013029e-06   1.1434459e-03   5.3459528e-04   3.7007434e-18   1.0490888e-06   2.2013030e-06   2.2013028e-06   2.2013029e-06   2.2013029e-06   2.2013030e-06   2.2013031e-06   2.2013030e-06   2.2013029e-06   2.2013031e-06   2.2013028e-06   2.2013031e-06   1.0490882e-06
   1.0490888e-06   0.0000000e+00   1.1434459e-03   1.0490882e-06   2.2013030e-06   2.2013029e-06   1.0586102e-03   1.0490888e-06   2.2013029e-06   0.0000000e+00   5.3459528e-04   3.7007434e-18   1.0490888e-06   1.0490884e-06   2.2013028e-06   2.2013029e-06   2.2013029e-06   2.2013030e-06   8.4885802e-17   1.0490884e-06   2.2013029e-06   2.2013031e-06   1.0490884e-06   2.2013031e-06   1.0490882e-06
   1.0490888e-06   0.0000000e+00   1.1434459e-03   4.6259293e-19   1.0490888e-06   2.2013029e-06   1.0490888e-06   1.0490888e-06   2.2013029e-06   0.0000000e+00   5.3459528e-04   3.7007434e-18   1.0490888e-06   1.0490884e-06   1.0490888e-06   1.0490884e-06   2.2013029e-06   2.2013030e-06   8.4885802e-17   1.0490884e-06   2.2013029e-06   2.2013031e-06   1.0490884e-06   2.2013031e-06   1.0490882e-06
   0.0000000e+00   0.0000000e+00   1.3762140e-17   0.0000000e+00   1.0490888e-06   2.2013029e-06   1.0490888e-06   3.7007434e-18   3.7007434e-18   0.0000000e+00   5.3459528e-04   3.7007434e-18   1.0490888e-06   7.4014868e-18   1.0490888e-06   1.0490884e-06   2.2013029e-06   2.2013030e-06   0.0000000e+00   1.1102230e-17   0.0000000e+00   3.7007434e-18   0.0000000e+00   3.7007434e-18   3.3306691e-17
   0.0000000e+00   0.0000000e+00   7.5171351e-18   0.0000000e+00   3.5157062e-17   1.1564823e-17   3.7007434e-18   3.7007434e-18   0.0000000e+00   0.0000000e+00   1.0490885e-06   3.7007434e-18   3.7007434e-18   7.4014868e-18   1.0490888e-06   2.9605947e-17   0.0000000e+00   2.5905204e-17   0.0000000e+00   1.1102230e-17   0.0000000e+00   0.0000000e+00   0.0000000e+00   3.7007434e-18   0.0000000e+00
   0.0000000e+00   0.0000000e+00   7.4014868e-18   0.0000000e+00   3.5157062e-17   3.7007434e-18   3.7007434e-18   0.0000000e+00   0.0000000e+00   0.0000000e+00   1.0490885e-06   3.7007434e-18   3.7007434e-18   0.0000000e+00   1.0490888e-06   2.9605947e-17   0.0000000e+00   2.5905204e-17   0.0000000e+00   0.0000000e+00   0.0000000e+00   0.0000000e+00   0.0000000e+00   0.0000000e+00   0.0000000e+00
   0.0000000e+00   0.0000000e+00   3.7007434e-18   0.0000000e+00   4.6259293e-19   0.0000000e+00   0.0000000e+00   0.0000000e+00   0.0000000e+00   0.0000000e+00   0.0000000e+00   0.0000000e+00   3.7007434e-18   0.0000000e+00   1.0490888e-06   3.7007434e-18   0.0000000e+00   0.0000000e+00   0.0000000e+00   0.0000000e+00   0.0000000e+00   0.0000000e+00   0.0000000e+00   0.0000000e+00   0.0000000e+00
   0.0000000e+00   0.0000000e+00   0.0000000e+00   0.0000000e+00   4.6259293e-19   0.0000000e+00   0.0000000e+00   0.0000000e+00   0.0000000e+00   0.0000000e+00   0.0000000e+00   0.0000000e+00   3.7007434e-18   0.0000000e+00   3.7007434e-18   0.0000000e+00   0.0000000e+00   0.0000000e+00   0.0000000e+00   0.0000000e+00   0.0000000e+00   0.0000000e+00   0.0000000e+00   0.0000000e+00   0.0000000e+00
   0.0000000e+00   0.0000000e+00   0.0000000e+00   0.0000000e+00   4.6259293e-19   0.0000000e+00   0.0000000e+00   0.0000000e+00   0.0000000e+00   0.0000000e+00   0.0000000e+00   0.0000000e+00   0.0000000e+00   0.0000000e+00   3.7007434e-18   0.0000000e+00   0.0000000e+00   0.0000000e+00   0.0000000e+00   0.0000000e+00   0.0000000e+00   0.0000000e+00   0.0000000e+00   0.0000000e+00   0.0000000e+00
