   3.7404523e-06   3.7469678e-06   3.7476163e-06   3.7484696e-06   3.7381669e-06   3.7384200e-06   3.7460587e-06   3.7477173e-06   3.7524088e-06   3.7494255e-06   3.7426109e-06   3.7484969e-06   3.7512140e-06   3.7381877e-06   3.7533970e-06   3.7439552e-06   3.7492419e-06   3.7504452e-06   3.7482101e-06   3.7489959e-06   3.7484002e-06   3.7495039e-06   3.7417456e-06   3.7388917e-06   3.7386161e-06
   3.7404523e-06   3.7469678e-06   3.7476163e-06   3.7484696e-06   3.7381669e-06   3.7384200e-06   3.7460587e-06   3.7477173e-06   3.7524088e-06   3.7494255e-06   3.7426109e-06   3.7484969e-06   3.7512140e-06   3.7381877e-06   3.7533970e-06   3.7439552e-06   3.7492419e-06   3.7504452e-06   3.7482101e-06   3.7489959e-06   3.7484002e-06   3.7495039e-06   3.7417456e-06   3.7388917e-06   3.7386161e-06
   3.7404523e-06   3.7469678e-06   3.7476163e-06   3.7484696e-06   3.7381669e-06   3.7384200e-06   3.7460587e-06   3.7477173e-06   3.7524088e-06   3.7494255e-06   3.7419242e-06   3.7484969e-06   3.7512140e-06   3.7381877e-06   3.7533970e-06   3.7439552e-06   3.7492419e-06   3.7504452e-06   3.7482101e-06   3.7489959e-06   3.7484002e-06   3.7495039e-06   3.7417456e-06   3.7388917e-06   3.7386161e-06
   3.7404523e-06   3.7469678e-06   3.7476163e-06   3.7386997e-06   3.7381669e-06   3.7384200e-06   3.7460587e-06   3.7477173e-06   3.7524088e-06   3.7494255e-06   3.7419242e-06   3.7484969e-06   3.7512140e-06   3.7381877e-06   3.7533970e-06   3.7439552e-06   3.7492419e-06   3.7504452e-06   3.7482101e-06   3.7489959e-06   3.7484002e-06   3.7495039e-06   3.7417456e-06   3.7388917e-06   3.7386161e-06
   3.7404523e-06   3.7469678e-06   3.7476163e-06   3.7386997e-06   3.7381669e-06   3.7384200e-06   3.7460587e-06   3.7477173e-06   3.7524088e-06   3.7494255e-06   3.7419242e-06   3.7484969e-06   3.7498578e-06   3.7381877e-06   3.7533970e-06   3.7439552e-06   3.7492419e-06   3.7504452e-06   3.7482101e-06   3.7489959e-06   3.7484002e-06   3.7495039e-06   3.7417456e-06   3.7388917e-06   3.7386161e-06
   3.7404523e-06   3.7469678e-06   3.7476163e-06   3.7386997e-06   3.7381669e-06   3.7384200e-06   3.7460587e-06   3.7477173e-06   3.7524088e-06   3.7494255e-06   3.7419242e-06   3.7484969e-06   3.7498578e-06   3.7381877e-06   3.7533970e-06   3.7439552e-06   3.7492419e-06   3.7504452e-06   3.7482101e-06   3.7489959e-06   3.7468653e-06   3.7495039e-06   3.7417456e-06   3.7388917e-06   3.7386161e-06
   3.7404523e-06   3.7469678e-06   3.7476163e-06   3.7386997e-06   3.7381669e-06   3.7384200e-06   3.7460587e-06   3.7477173e-06   3.7524088e-06   3.7494255e-06   3.7419242e-06   3.7484969e-06   3.7498578e-06   3.7381877e-06   3.7533970e-06   3.7439552e-06   3.7492419e-06   3.7504452e-06   3.7482101e-06   3.7489959e-06   3.7468653e-06   3.7495039e-06   3.7417456e-06   3.7388917e-06   3.7386161e-06
   3.7404523e-06   3.7469678e-06   3.7476163e-06   3.7386997e-06   3.7381669e-06   3.7384200e-06   3.7460587e-06   3.7374408e-06   3.7524088e-06   3.7494255e-06   3.7419242e-06   3.7484969e-06   3.7498578e-06   3.7381877e-06   3.7533970e-06   3.7439552e-06   3.7492419e-06   3.7504452e-06   3.7482101e-06   3.7489959e-06   3.7468653e-06   3.7495039e-06   3.7417456e-06   3.7388917e-06   3.7386161e-06
   3.7404523e-06   3.7469678e-06   3.7476163e-06   3.7386997e-06   3.7381669e-06   3.7384200e-06   3.7460587e-06   3.7374408e-06   3.7524088e-06   3.7494255e-06   3.7419242e-06   3.7484969e-06   3.7498578e-06   3.7381877e-06   3.7533970e-06   3.7439552e-06   3.7478804e-06   3.7504452e-06   3.7482101e-06   3.7489959e-06   3.7468653e-06   3.7495039e-06   3.7417456e-06   3.7388917e-06   3.7386161e-06
   3.7404523e-06   3.7469678e-06   3.7476163e-06   3.7386997e-06   3.7381669e-06   3.7384200e-06   3.7460587e-06   3.7374408e-06   3.7366183e-06   3.7494255e-06   3.7419242e-06   3.7484969e-06   3.7423504e-06   3.7381877e-06   3.7533970e-06   3.7439552e-06   3.7478804e-06   3.7477818e-06   3.7482101e-06   3.7489959e-06   3.7468653e-06   3.7495039e-06   3.7417456e-06   3.7388917e-06   3.7386161e-06
