   3.8775658e+00   4.5595538e+00   4.5456282e+00   4.7056310e+00   4.6441560e+00   5.1379617e+00   4.2746878e+00   4.4677420e+00   5.0208969e+00   3.9344137e+00   4.7748991e+00   4.3904365e+00   5.1881846e+00   4.8277151e+00   4.7086948e+00   4.3626768e+00   3.6768943e+00   4.1700531e+00   3.3346032e+00   4.3059615e+00   4.2350559e+00   4.4725836e+00   4.8902270e+00   5.1408852e+00   4.9145294e+00
   3.2960334e+00   4.4909056e+00   4.0043307e+00   4.7056310e+00   4.6441560e+00   3.6146598e+00   4.2746878e+00   3.9619202e+00   4.0750881e+00   3.9344137e+00   3.6455455e+00   3.4493617e+00   4.3496769e+00   2.9292703e+00   3.2817890e+00   4.0715470e+00   3.6768943e+00   4.1700531e+00   3.3346032e+00   3.8019197e+00   3.9644450e+00   4.4139332e+00   3.4551691e+00   4.5883114e+00   4.4284169e+00
   3.2960334e+00   4.4909056e+00   3.5136392e+00   4.7056310e+00   3.8151464e+00   3.6146598e+00   3.8158428e+00   3.4242798e+00   4.0418077e+00   3.7567279e+00   3.6455455e+00   3.4493617e+00   3.4999384e+00   2.7000078e+00   3.2817890e+00   4.0715470e+00   3.6768943e+00   4.0691478e+00   3.3346032e+00   3.8019197e+00   3.9644450e+00   4.1926244e+00   3.4551691e+00   4.3747964e+00   3.3248275e+00
   3.2960334e+00   3.3591814e+00   3.1524279e+00   3.4700718e+00   3.8151464e+00   3.6146598e+00   3.8158428e+00   3.4242798e+00   4.0418077e+00   3.1613974e+00   3.6455455e+00   3.2963452e+00   3.2196183e+00   2.7000078e+00   3.2817890e+00   3.0484028e+00   3.6768943e+00   4.0425817e+00   3.3346032e+00   3.8019197e+00   3.9644450e+00   4.1926244e+00   3.4551691e+00   4.3747964e+00   3.3248275e+00
   3.2960334e+00   3.3591814e+00   3.1524279e+00   3.4700718e+00   3.8151464e+00   3.3364800e+00   3.8158428e+00   3.3089213e+00   4.0418077e+00   3.1613974e+00   2.9914056e+00   3.2963452e+00   3.2196183e+00   2.7000078e+00   3.2817890e+00   3.0484028e+00   3.6768943e+00   4.0012628e+00   3.3346032e+00   3.8019197e+00   3.5028130e+00   3.6629516e+00   3.4551691e+00   3.1546723e+00   3.3248275e+00
   3.2960334e+00   3.1513447e+00   3.1524279e+00   3.4700718e+00   3.7492763e+00   3.3364800e+00   3.7983401e+00   3.2755541e+00   3.7488281e+00   3.1613974e+00   2.6799315e+00   3.0164769e+00   3.2196183e+00   2.7000078e+00   2.9006540e+00   3.0484028e+00   3.6768943e+00   4.0012628e+00   2.8208870e+00   3.4411687e+00   3.1319409e+00   3.1063025e+00   3.0473330e+00   2.8462010e+00   2.6966035e+00
   3.1345033e+00   2.8957110e+00   3.0088647e+00   3.0996276e+00   3.7492763e+00   3.3112076e+00   3.7983401e+00   3.2755541e+00   2.9177268e+00   3.1613974e+00   2.6130658e+00   3.0164769e+00   2.5917313e+00   2.7000078e+00   2.9006540e+00   3.0484028e+00   3.6441606e+00   3.8571598e+00   2.8208870e+00   3.2644867e+00   3.1319409e+00   3.0021657e+00   3.0473330e+00   2.8462010e+00   2.6966035e+00
   3.1345033e+00   2.8957110e+00   2.6829140e+00   3.0996276e+00   2.7639268e+00   3.3112076e+00   3.3856757e+00   2.9478061e+00   2.9177268e+00   3.1570312e+00   2.6130658e+00   3.0164769e+00   2.5801389e+00   2.7000078e+00   2.7877069e+00   3.0484028e+00   3.6441606e+00   3.0810183e+00   2.8208870e+00   3.2644867e+00   3.0419819e+00   3.0021657e+00   3.0473330e+00   2.8462010e+00   2.6966035e+00
   3.1095147e+00   2.8957110e+00   2.6829140e+00   3.0996276e+00   2.6438027e+00   3.1558084e+00   2.6661708e+00   2.6577565e+00   2.9177268e+00   2.7704326e+00   2.6130658e+00   3.0164769e+00   2.5801389e+00   2.7000078e+00   2.7877069e+00   3.0484028e+00   3.4936909e+00   2.7656430e+00   2.8208870e+00   3.2644867e+00   3.0419819e+00   3.0021657e+00   2.6431170e+00   2.8462010e+00   2.6966035e+00
   3.1095147e+00   2.8957110e+00   2.6829140e+00   3.0996276e+00   2.5862489e+00   3.1558084e+00   2.6654057e+00   2.6577565e+00   2.8402242e+00   2.6592095e+00   2.6130658e+00   2.8283426e+00   2.5801389e+00   2.7000078e+00   2.7877069e+00   2.7169363e+00   3.2945327e+00   2.6534278e+00   2.7854150e+00   3.2644867e+00   3.0419819e+00   3.0021657e+00   2.5811610e+00   2.8462010e+00   2.6966035e+00
