   2.7060588e-01   1.6763706e-01   2.6668456e-01   1.6499021e-01   1.0051417e-01   1.6168192e-01   1.3291618e-01   2.3555779e-01   1.7978999e-01   2.4819969e-01   8.3560092e-02   2.0755616e-01   2.3476007e-01   9.1156856e-02   2.6477046e-01   2.7555989e-01   2.3869062e-01   2.7666403e-01   1.6512206e-01   3.8972529e-02   2.4166421e-01   2.3814960e-01   2.0223719e-01   1.7277064e-01   1.9706415e-01
   2.7524659e-01   6.6358682e-02   1.5051141e-01   8.0464448e-02   1.0051417e-01   1.1069721e-01   1.0158193e-01   9.8087036e-02   2.0723691e-01   1.3891195e-01   8.3560092e-02   3.0009405e-02   1.7155028e-01   2.1819415e-01   1.0240372e-01   3.6336151e-02   2.0220973e-01   2.7666403e-01   1.5972107e-01   3.8972529e-02   2.4166421e-01   2.4021953e-01   2.0223719e-01   9.2858706e-02   1.9706415e-01
   2.7524659e-01   6.6358682e-02   1.5051141e-01   8.0464448e-02   1.0051417e-01   1.1069721e-01   1.0158193e-01   9.8087036e-02   2.0723691e-01   1.3891195e-01   7.0685366e-02   1.7985095e-02   1.3786016e-01   2.0053503e-01   8.7393396e-02   3.6336151e-02   9.1305238e-02   2.4863572e-01   1.7039264e-01   8.8372664e-02   2.1905191e-01   2.4021953e-01   8.4067489e-02   5.4199351e-02   1.9706415e-01
   6.4459503e-02   6.6358682e-02   1.5051141e-01   1.0445427e-01   1.0051417e-01   1.1069721e-01   1.0158193e-01   8.7349974e-02   1.0465611e-01   1.3891195e-01   1.5026343e-01   1.7985095e-02   9.2470799e-02   2.0053503e-01   8.7393396e-02   3.6336151e-02   8.5700030e-02   2.4863572e-01   1.7039264e-01   8.8372664e-02   6.2456887e-02   2.4021953e-01   5.1037383e-02   5.4199351e-02   1.9706415e-01
   6.4459503e-02   6.6358682e-02   1.5051141e-01   1.0445427e-01   1.0051417e-01   1.1069721e-01   1.0158193e-01   8.7349974e-02   1.0465611e-01   1.3891195e-01   1.5026343e-01   1.7985095e-02   9.2470799e-02   2.0053503e-01   8.7393396e-02   3.6336151e-02   8.5700030e-02   2.4863572e-01   1.7039264e-01   2.4256552e-01   6.1401446e-02   7.2755537e-02   5.1037383e-02   5.4199351e-02   1.9706415e-01
   6.4459503e-02   8.3500589e-02   7.3580889e-02   7.5522878e-02   1.1507895e-01   7.3168438e-02   8.2458578e-02   7.4120801e-02   7.5920834e-02   1.1506608e-01   1.5026343e-01   1.7985095e-02   9.2470799e-02   2.0053503e-01   8.7393396e-02   3.6336151e-02   8.5700030e-02   2.4863572e-01   2.4790631e-01   1.1450011e-01   6.1401446e-02   7.2755537e-02   9.0155646e-02   5.4199351e-02   1.4950911e-01
   6.4459503e-02   8.3500589e-02   6.0590095e-02   7.5522878e-02   9.2966573e-02   9.5195602e-02   9.8954141e-02   8.6837918e-02   7.5740518e-02   1.0953548e-01   1.5026343e-01   1.7985095e-02   8.5902952e-02   7.7975318e-02   8.7393396e-02   3.6336151e-02   5.4427237e-02   2.4863572e-01   1.7984227e-01   1.1450011e-01   6.1401446e-02   7.2581491e-02   9.0155646e-02   5.4199351e-02   8.1613812e-02
   6.4459503e-02   8.3500589e-02   1.0375729e-01   7.5522878e-02   1.2486901e-01   7.1714191e-02   8.0701831e-02   8.6837918e-02   7.6215626e-02   1.0953548e-01   1.5026343e-01   1.7985095e-02   8.5902952e-02   6.9923805e-02   8.7393396e-02   7.3217854e-02   5.4427237e-02   7.0155558e-02   1.7984227e-01   1.1450011e-01   6.1401446e-02   7.3428808e-02   9.0155646e-02   5.4199351e-02   8.1613812e-02
   6.4459503e-02   8.3500589e-02   1.0375729e-01   7.5522878e-02   1.2486901e-01   6.9991337e-02   8.0701831e-02   8.6837918e-02   7.6215626e-02   1.0953548e-01   1.5026343e-01   1.7985095e-02   8.5902952e-02   6.9923805e-02   8.7393396e-02   7.3217854e-02   5.4427237e-02   7.0155558e-02   8.6867089e-02   1.1450011e-01   6.1401446e-02   7.3428808e-02   9.0155646e-02   5.4199351e-02   1.1511025e-01
   6.4459503e-02   8.3500589e-02   1.0375729e-01   7.5522878e-02   1.2486901e-01   6.9991337e-02   8.0701831e-02   8.6837918e-02   7.6215626e-02   1.0953548e-01   1.5026343e-01   1.7985095e-02   8.5902952e-02   6.9923805e-02   8.7393396e-02   7.3217854e-02   5.4427237e-02   7.0155558e-02   1.0277800e-01   1.1450011e-01   6.1401446e-02   7.3428808e-02   9.0155646e-02   5.4199351e-02   1.1511025e-01
