   5.2812024e+03   5.4251121e+03   5.7482693e+03   5.7443575e+03   5.6675636e+03   5.2552517e+03   5.7554249e+03   5.4857505e+03   5.5578893e+03   6.2095176e+03   5.7050242e+03   5.3080442e+03   5.9227838e+03   6.1026692e+03   5.7170768e+03   5.5994893e+03   5.5135139e+03   6.3437407e+03   5.5289874e+03   5.8227743e+03   5.4673476e+03   5.7361828e+03   5.3439096e+03   4.8884830e+03   5.5921794e+03
   4.6546793e+03   5.3484910e+03   4.9892860e+03   4.7833197e+03   5.1318106e+03   5.2132695e+03   4.9793027e+03   4.9888587e+03   5.0427212e+03   4.9231023e+03   5.1223521e+03   4.8089740e+03   4.7264584e+03   4.7870440e+03   5.1209181e+03   4.5932803e+03   5.1050506e+03   5.0969950e+03   5.1533925e+03   4.8677155e+03   5.0413383e+03   5.1447170e+03   4.8779000e+03   4.8884830e+03   5.0014041e+03
   4.6546793e+03   5.1489771e+03   4.8884494e+03   4.7833197e+03   5.1318106e+03   5.2132695e+03   4.9793027e+03   4.9888587e+03   4.9787233e+03   4.9231023e+03   4.5910870e+03   4.8089740e+03   4.7264584e+03   4.7870440e+03   4.9418153e+03   4.5932803e+03   5.1050506e+03   5.0387051e+03   5.1183838e+03   4.8677155e+03   5.0413383e+03   5.1447170e+03   4.8779000e+03   4.8884830e+03   5.0014041e+03
   4.6546793e+03   4.7789906e+03   4.8475286e+03   4.7713044e+03   4.5729957e+03   4.9237155e+03   4.9793027e+03   4.6345276e+03   4.9787233e+03   4.7433094e+03   4.5910870e+03   4.6602890e+03   4.7264584e+03   4.7870440e+03   4.9418153e+03   4.5932803e+03   4.8461215e+03   5.0369085e+03   4.9185516e+03   4.8677155e+03   5.0413383e+03   4.6806737e+03   4.8779000e+03   4.6995893e+03   5.0014041e+03
   4.6546793e+03   4.7414007e+03   4.2882149e+03   4.7713044e+03   4.5729957e+03   4.7096918e+03   4.6605857e+03   4.6345276e+03   4.5790381e+03   4.7433094e+03   4.5910870e+03   4.6602890e+03   4.7264584e+03   4.7870440e+03   4.8655845e+03   4.4639619e+03   4.8201979e+03   4.9720973e+03   4.7147100e+03   4.8019368e+03   5.0413383e+03   4.6806737e+03   4.7301563e+03   4.6995893e+03   4.7706942e+03
   4.5761738e+03   3.8986563e+03   3.7427813e+03   3.9784400e+03   4.0245382e+03   4.0172322e+03   4.2500388e+03   4.0841487e+03   4.0901362e+03   4.0596825e+03   4.3087681e+03   4.2022989e+03   4.3199593e+03   4.1085997e+03   4.8655845e+03   4.4639619e+03   3.8859563e+03   4.2088133e+03   3.8239496e+03   4.1613595e+03   4.3042036e+03   4.1307503e+03   4.7301563e+03   3.9432811e+03   3.9666955e+03
   3.9487053e+03   3.6116032e+03   3.5892922e+03   3.7473001e+03   3.7174434e+03   3.6242070e+03   3.6432084e+03   3.8889838e+03   3.7788075e+03   3.6165914e+03   3.6547516e+03   3.6285018e+03   3.5956195e+03   3.5944501e+03   3.7510022e+03   3.6202294e+03   3.6197819e+03   3.8290036e+03   3.6018925e+03   3.6675228e+03   3.6176578e+03   3.5971438e+03   3.8010414e+03   3.6075001e+03   3.6417291e+03
   3.6511507e+03   3.6116032e+03   3.5892922e+03   3.7473001e+03   3.6079834e+03   3.6242070e+03   3.6432084e+03   3.8500771e+03   3.6314542e+03   3.6165914e+03   3.6041024e+03   3.6285018e+03   3.5956195e+03   3.5944501e+03   3.6001259e+03   3.6202294e+03   3.6197819e+03   3.6210433e+03   3.6018925e+03   3.6675228e+03   3.6176578e+03   3.5971438e+03   3.6749161e+03   3.6069212e+03   3.6256778e+03
   3.6511507e+03   3.6116032e+03   3.5892922e+03   3.7473001e+03   3.6079834e+03   3.6242070e+03   3.6432084e+03   3.8500771e+03   3.6314542e+03   3.6165914e+03   3.6041024e+03   3.6285018e+03   3.5956195e+03   3.5944501e+03   3.6001259e+03   3.6202294e+03   3.6197819e+03   3.6210433e+03   3.6018925e+03   3.6675228e+03   3.6176578e+03   3.5971438e+03   3.6749161e+03   3.6069212e+03   3.6256778e+03
   3.6511507e+03   3.6116032e+03   3.5892922e+03   3.7473001e+03   3.6079834e+03   3.6242070e+03   3.6432084e+03   3.8500771e+03   3.6314542e+03   3.6165914e+03   3.6041024e+03   3.6285018e+03   3.5956195e+03   3.5944501e+03   3.6001259e+03   3.6202294e+03   3.6197819e+03   3.6210433e+03   3.6018925e+03   3.6675228e+03   3.6176578e+03   3.5971438e+03   3.6749161e+03   3.6069212e+03   3.6256778e+03
