   1.0737580e+02   1.0737542e+02   9.9244491e+01   1.0588171e+02   1.0737779e+02   9.9239654e+01   9.9240909e+01   9.9240762e+01   1.0737669e+02   1.0737706e+02   9.9240384e+01   1.0737971e+02   1.0737659e+02   1.0737619e+02   1.0737662e+02   1.0737677e+02   9.9238892e+01   9.9239521e+01   1.0737578e+02   9.9238665e+01   1.0737536e+02   9.9238737e+01   9.9242492e+01   9.9239679e+01   9.9240199e+01
   9.9246486e+01   1.0737542e+02   9.9238786e+01   9.9267377e+01   9.9239829e+01   9.9239645e+01   9.9240483e+01   9.9240040e+01   9.9239635e+01   9.9248478e+01   9.9240240e+01   1.0737642e+02   1.0737594e+02   9.9240520e+01   1.0737662e+02   1.0737677e+02   9.9238863e+01   9.9239162e+01   9.9246291e+01   9.9238665e+01   1.0737525e+02   9.9238709e+01   9.9241890e+01   9.9239308e+01   9.9239847e+01
   9.9239014e+01   1.0546953e+02   9.9238642e+01   9.9267377e+01   9.9239829e+01   9.9239645e+01   9.9240483e+01   9.9238751e+01   9.9238735e+01   9.9239960e+01   9.9240240e+01   9.9242066e+01   1.0737543e+02   9.9240189e+01   9.9716798e+01   9.9636358e+01   9.9238863e+01   9.9239162e+01   9.9246291e+01   9.9238665e+01   1.0737525e+02   9.9238709e+01   9.9241533e+01   9.9238525e+01   9.9238618e+01
   9.9239014e+01   9.9239726e+01   9.9238642e+01   9.9267377e+01   9.9239829e+01   9.9238821e+01   9.9239701e+01   9.9238751e+01   9.9238735e+01   9.9239960e+01   9.9240240e+01   9.9238834e+01   1.0737539e+02   9.9239248e+01   9.9238901e+01   9.9636358e+01   9.9238821e+01   9.9239162e+01   9.9246291e+01   9.9238665e+01   9.9244184e+01   9.9238709e+01   9.9239657e+01   9.9238525e+01   9.9238618e+01
   9.9239014e+01   9.9239726e+01   9.9238642e+01   9.9267377e+01   9.9239653e+01   9.9238696e+01   9.9239701e+01   9.9238751e+01   9.9238735e+01   9.9239960e+01   9.9240240e+01   9.9238834e+01   1.0737539e+02   9.9239217e+01   9.9238578e+01   9.9243983e+01   9.9238591e+01   9.9239162e+01   9.9246291e+01   9.9238665e+01   9.9242344e+01   9.9238709e+01   9.9239657e+01   9.9238525e+01   9.9238618e+01
   9.9239014e+01   9.9239726e+01   9.9238642e+01   9.9242059e+01   9.9239054e+01   9.9238696e+01   9.9239701e+01   9.9238751e+01   9.9238735e+01   9.9239960e+01   9.9239232e+01   9.9238834e+01   1.0737539e+02   9.9239217e+01   9.9238578e+01   9.9238514e+01   9.9238591e+01   9.9238777e+01   9.9246291e+01   9.9238665e+01   9.9240035e+01   9.9238709e+01   9.9239657e+01   9.9238525e+01   9.9238618e+01
   9.9239014e+01   9.9239726e+01   9.9238642e+01   9.9240048e+01   9.9239054e+01   9.9238635e+01   9.9238761e+01   9.9238751e+01   9.9238735e+01   9.9239960e+01   9.9239232e+01   9.9238834e+01   9.9245149e+01   9.9239217e+01   9.9238578e+01   9.9238514e+01   9.9238477e+01   9.9238777e+01   9.9238631e+01   9.9238665e+01   9.9240035e+01   9.9238709e+01   9.9238759e+01   9.9238525e+01   9.9238618e+01
   9.9239014e+01   9.9239726e+01   9.9238642e+01   9.9240048e+01   9.9239054e+01   9.9238635e+01   9.9238761e+01   9.9238590e+01   9.9238735e+01   9.9239960e+01   9.9238555e+01   9.9238834e+01   9.9239743e+01   9.9239217e+01   9.9238578e+01   9.9238514e+01   9.9238477e+01   9.9238777e+01   9.9238496e+01   9.9238665e+01   9.9240035e+01   9.9238709e+01   9.9238726e+01   9.9238525e+01   9.9238618e+01
   9.9239014e+01   9.9239726e+01   9.9238642e+01   9.9240048e+01   9.9239054e+01   9.9238635e+01   9.9238761e+01   9.9238590e+01   9.9238735e+01   9.9239960e+01   9.9238555e+01   9.9238834e+01   9.9239703e+01   9.9239217e+01   9.9238578e+01   9.9238486e+01   9.9238477e+01   9.9238777e+01   9.9238496e+01   9.9238665e+01   9.9240035e+01   9.9238709e+01   9.9238726e+01   9.9238525e+01   9.9238618e+01
   9.9239014e+01   9.9239726e+01   9.9238642e+01   9.9238638e+01   9.9239054e+01   9.9238635e+01   9.9238563e+01   9.9238590e+01   9.9238735e+01   9.9239960e+01   9.9238555e+01   9.9238834e+01   9.9239703e+01   9.9239217e+01   9.9238578e+01   9.9238486e+01   9.9238477e+01   9.9238777e+01   9.9238496e+01   9.9238665e+01   9.9239636e+01   9.9238709e+01   9.9238726e+01   9.9238525e+01   9.9238618e+01
