   2.6393465e+00   2.6393465e+00   2.6393465e+00   2.6393465e+00   2.6393465e+00   2.6393465e+00   2.6393465e+00   2.6393465e+00   2.6393465e+00   2.6393465e+00   2.6393465e+00   2.6393465e+00   2.6393465e+00   2.6393465e+00   2.6393465e+00   2.6393465e+00   2.6393465e+00   2.6393465e+00   2.6393465e+00   2.6393465e+00   2.6393465e+00   2.6393465e+00   2.6393465e+00   2.6393465e+00   2.6393465e+00
   2.6393465e+00   2.6393465e+00   2.6393465e+00   2.6393465e+00   2.6393465e+00   2.6393465e+00   2.6393465e+00   2.6393465e+00   2.6393465e+00   2.6393465e+00   2.6393465e+00   2.6393465e+00   2.6393465e+00   2.6393465e+00   2.6393465e+00   2.6393465e+00   2.6393465e+00   2.6393465e+00   2.6393465e+00   2.6393465e+00   2.6393465e+00   2.6393465e+00   2.6393465e+00   2.6393465e+00   2.6393465e+00
   2.6393465e+00   2.6393465e+00   2.6393465e+00   2.6393465e+00   2.6393465e+00   2.6393465e+00   2.6393465e+00   2.6393465e+00   2.6393465e+00   2.6393465e+00   2.6393465e+00   2.6393465e+00   2.6393465e+00   2.6393465e+00   2.6393465e+00   2.6393465e+00   2.6393465e+00   2.6393465e+00   2.6393465e+00   2.6393465e+00   2.6393465e+00   2.6393465e+00   2.6393465e+00   2.6393465e+00   2.6393465e+00
   2.6393465e+00   2.6393465e+00   2.6393465e+00   2.6393465e+00   2.6393465e+00   2.6393465e+00   2.6393465e+00   2.6393465e+00   2.6393465e+00   2.6393465e+00   2.6393465e+00   2.6393465e+00   2.6393465e+00   2.6393465e+00   2.6393465e+00   2.6393465e+00   2.6393465e+00   2.6393465e+00   2.6393465e+00   2.6393465e+00   2.6393465e+00   2.6393465e+00   2.6393465e+00   2.6393465e+00   2.6393465e+00
   2.6393465e+00   2.6393465e+00   2.6393465e+00   2.6393465e+00   2.6393465e+00   2.6393465e+00   2.6393465e+00   2.6393465e+00   2.6393465e+00   2.6393465e+00   2.6393465e+00   2.6393465e+00   2.6393465e+00   2.6393465e+00   2.6393465e+00   2.6393465e+00   2.6393465e+00   2.6393465e+00   2.6393465e+00   2.6393465e+00   2.6393465e+00   2.6393465e+00   2.6393465e+00   2.6393465e+00   2.6393465e+00
   2.6393465e+00   2.6393465e+00   2.6393465e+00   2.6393465e+00   2.6393465e+00   2.6393465e+00   2.6393465e+00   2.6393465e+00   2.6393465e+00   2.6393465e+00   2.6393465e+00   2.6393465e+00   2.6393465e+00   2.6393465e+00   2.6393465e+00   2.6393465e+00   2.6393465e+00   2.6393465e+00   2.6393465e+00   2.6393465e+00   2.6393465e+00   2.6393465e+00   2.6393465e+00   2.6393465e+00   2.6393465e+00
   2.6393465e+00   2.6393465e+00   2.6393465e+00   2.6393465e+00   2.6393465e+00   2.6393465e+00   2.6393465e+00   2.6393465e+00   2.6393465e+00   2.6393465e+00   2.6393465e+00   2.6393465e+00   2.6393465e+00   2.6393465e+00   2.6393465e+00   2.6393465e+00   2.6393465e+00   2.6393465e+00   2.6393465e+00   2.6393465e+00   2.6393465e+00   2.6393465e+00   2.6393465e+00   2.6393465e+00   2.6393465e+00
   2.6393465e+00   2.6393465e+00   2.6393465e+00   2.6393465e+00   2.6393465e+00   2.6393465e+00   2.6393465e+00   2.6393465e+00   2.6393465e+00   2.6393465e+00   2.6393465e+00   2.6393465e+00   2.6393465e+00   2.6393465e+00   2.6393465e+00   2.6393465e+00   2.6393465e+00   2.6393465e+00   2.6393465e+00   2.6393465e+00   2.6393465e+00   2.6393465e+00   2.6393465e+00   2.6393465e+00   2.6393465e+00
   2.6393465e+00   2.6393465e+00   2.6393465e+00   2.6393465e+00   2.6393465e+00   2.6393465e+00   2.6393465e+00   2.6393465e+00   2.6393465e+00   2.6393465e+00   2.6393465e+00   2.6393465e+00   2.6393465e+00   2.6393465e+00   2.6393465e+00   2.6393465e+00   2.6393465e+00   2.6393465e+00   2.6393465e+00   2.6393465e+00   2.6393465e+00   2.6393465e+00   2.6393465e+00   2.6393465e+00   2.6393465e+00
   2.6393465e+00   2.6393465e+00   2.6393465e+00   2.6393465e+00   2.6393465e+00   2.6393465e+00   2.6393465e+00   2.6393465e+00   2.6393465e+00   2.6393465e+00   2.6393465e+00   2.6393465e+00   2.6393465e+00   2.6393465e+00   2.6393465e+00   2.6393465e+00   2.6393465e+00   2.6393465e+00   2.6393465e+00   2.6393465e+00   2.6393465e+00   2.6393465e+00   2.6393465e+00   2.6393465e+00   2.6393465e+00
