   2.6817084e+00   2.7613402e+00   2.5505490e+00   1.7109373e+00   2.6543530e+00   1.3060806e+00   2.4491228e+00   1.6282221e+00   2.5411724e+00   2.5707712e+00   2.5380318e+00   3.2049860e+00   2.1075070e+00   3.7092794e+00   2.4961721e+00   2.1006892e+00   2.4952664e+00   1.9066153e+00   2.1857979e+00   1.8417411e+00   2.6786878e+00   2.5357440e+00   2.3237781e+00   2.1392838e+00   2.7623604e+00
   2.6817084e+00   2.7613402e+00   2.5505490e+00   1.7109373e+00   2.6543530e+00   1.3060806e+00   2.4491228e+00   1.6282221e+00   2.5411724e+00   2.5707712e+00   2.5380318e+00   3.2049860e+00   2.1075070e+00   3.7092794e+00   2.4961721e+00   2.1006892e+00   2.4952664e+00   1.9066153e+00   2.1857979e+00   1.8417411e+00   2.6786878e+00   2.5357440e+00   2.3237781e+00   2.1392838e+00   2.7623604e+00
   2.6817084e+00   2.7613402e+00   2.5505490e+00   1.7109373e+00   2.6543530e+00   1.3060806e+00   2.4491228e+00   1.6282221e+00   2.5411724e+00   2.5707712e+00   2.5380318e+00   3.2049860e+00   2.1075070e+00   3.7092794e+00   2.4961721e+00   2.1006892e+00   2.4952664e+00   1.9066153e+00   2.1857979e+00   1.8417411e+00   2.6786878e+00   2.5357440e+00   2.3237781e+00   2.1392838e+00   2.7623604e+00
   2.6817084e+00   2.7613402e+00   2.5505490e+00   1.7109373e+00   2.6543530e+00   1.3060806e+00   2.4491228e+00   1.6282221e+00   2.5411724e+00   2.5707712e+00   2.5380318e+00   3.2049860e+00   2.1075070e+00   3.7092794e+00   2.4961721e+00   2.1006892e+00   2.4952664e+00   1.9066153e+00   2.1857979e+00   1.8417411e+00   2.6786878e+00   2.5357440e+00   2.3237781e+00   2.1392838e+00   2.7623604e+00
   2.6817084e+00   2.7613402e+00   2.5505490e+00   1.7109373e+00   2.6543530e+00   1.3060806e+00   2.4491228e+00   1.6282221e+00   2.5411724e+00   2.5707712e+00   2.5380318e+00   3.2049860e+00   2.1075070e+00   3.7092794e+00   2.4961721e+00   2.1006892e+00   2.4952664e+00   1.9066153e+00   2.1857979e+00   1.8417411e+00   2.6786878e+00   2.5357440e+00   2.3237781e+00   2.1392838e+00   2.7623604e+00
   2.6817084e+00   1.0550656e+00   2.5505490e+00   1.7109373e+00   2.6543530e+00   1.3060806e+00   2.4491228e+00   1.6282221e+00   2.5411724e+00   3.2636521e-01   1.6853172e+00   3.2049860e+00   2.1075070e+00   6.6039961e-01   2.3949121e+00   2.1006892e+00   2.4952664e+00   1.9066153e+00   2.1857979e+00   1.8417411e+00   1.8934622e+00   1.7774267e+00   2.3237781e+00   2.1392838e+00   2.7623604e+00
   7.7522089e-01   1.0550656e+00   2.5505490e+00   1.1420811e+00   1.4902416e+00   1.3060806e+00   2.4491228e+00   1.6282221e+00   8.7109933e-01   3.2636521e-01   1.6853172e+00   4.6674581e-01   2.1075070e+00   6.6039961e-01   2.3949121e+00   2.1006892e+00   9.3518450e-01   1.9066153e+00   9.6970881e-01   1.8417411e+00   1.8934622e+00   1.7774267e+00   2.3237781e+00   6.7688660e-01   7.6859153e-01
   7.7522089e-01   1.0550656e+00   2.5505490e+00   1.1420811e+00   1.4902416e+00   1.3060806e+00   1.8447229e+00   1.6282221e+00   8.7109933e-01   3.2636521e-01   1.6853172e+00   4.6674581e-01   1.8616833e+00   6.6039961e-01   2.3949121e+00   2.1006892e+00   9.3518450e-01   1.9066153e+00   9.6970881e-01   1.8417411e+00   1.8934622e+00   1.7774267e+00   6.9678052e-01   6.7688660e-01   7.6859153e-01
   7.7522089e-01   1.0550656e+00   8.1722709e-01   1.1420811e+00   1.4902416e+00   1.3060806e+00   1.8447229e+00   1.6282221e+00   8.7109933e-01   3.2636521e-01   1.6853172e+00   4.6674581e-01   1.8616833e+00   6.6039961e-01   2.3949121e+00   2.1006892e+00   9.3518450e-01   7.4683115e-01   9.6970881e-01   1.8417411e+00   1.8934622e+00   1.7774267e+00   6.9678052e-01   6.7688660e-01   7.6859153e-01
   7.7522089e-01   1.0550656e+00   8.1722709e-01   1.1420811e+00   1.4902416e+00   1.3060806e+00   1.8447229e+00   1.6282221e+00   8.7109933e-01   3.2636521e-01   1.6853172e+00   4.6674581e-01   1.8616833e+00   6.6039961e-01   2.3949121e+00   2.1006892e+00   9.3518450e-01   7.4683115e-01   9.6970881e-01   1.8417411e+00   1.8934622e+00   1.7774267e+00   6.9678052e-01   6.7688660e-01   7.6859153e-01
