   6.3501149e+00   3.8117328e+00   5.2982051e+00   4.4169668e+00   4.1376668e+00   4.1975500e+00   6.9765714e+00   6.0350882e+00   5.8088119e+00   5.0953436e+00   5.4264229e+00   3.9664038e+00   4.2168981e+00   7.2784093e+00   6.5738308e+00   4.2262257e+00   3.4553127e+00   4.8795426e+00   2.8221269e+00   3.8490722e+00   7.1742370e+00   4.7694342e+00   4.1116470e+00   6.5682431e+00   4.5272810e+00
   6.3501149e+00   3.8117328e+00   5.2982051e+00   4.4169668e+00   4.1376668e+00   4.1975500e+00   6.9765714e+00   6.0350882e+00   5.8088119e+00   5.0953436e+00   5.4264229e+00   3.9664038e+00   4.2168981e+00   7.2784093e+00   6.5738308e+00   4.2262257e+00   3.4553127e+00   4.8795426e+00   2.8221269e+00   3.8490722e+00   7.1742370e+00   4.7694342e+00   4.1116470e+00   6.5682431e+00   4.5272810e+00
   6.3501149e+00   3.8117328e+00   5.2982051e+00   4.4169668e+00   4.1376668e+00   4.1975500e+00   6.9765714e+00   6.0350882e+00   5.8088119e+00   5.0953436e+00   5.4264229e+00   3.9664038e+00   4.2168981e+00   7.2784093e+00   6.5738308e+00   4.2262257e+00   3.4553127e+00   4.8795426e+00   2.8221269e+00   3.8490722e+00   7.1742370e+00   4.7694342e+00   4.1116470e+00   6.5682431e+00   4.5272810e+00
   6.3501149e+00   3.8117328e+00   5.2982051e+00   4.4169668e+00   4.1376668e+00   4.1975500e+00   6.9765714e+00   6.0350882e+00   5.8088119e+00   5.0953436e+00   5.4264229e+00   3.9664038e+00   4.2168981e+00   7.2784093e+00   6.5738308e+00   4.2262257e+00   3.4553127e+00   4.8795426e+00   2.8221269e+00   3.8490722e+00   7.1742370e+00   4.7694342e+00   4.1116470e+00   6.5682431e+00   4.5272810e+00
   6.3501149e+00   3.8117328e+00   5.2982051e+00   4.4169668e+00   4.1376668e+00   4.1975500e+00   5.8512476e+00   5.2373383e+00   5.8088119e+00   5.0953436e+00   5.4264229e+00   3.9664038e+00   4.2168981e+00   7.2784093e+00   3.8499828e+00   4.2262257e+00   3.4553127e+00   4.6458555e+00   2.8221269e+00   3.8490722e+00   7.1742370e+00   4.7694342e+00   4.1116470e+00   6.0041907e+00   4.5272810e+00
   5.2281850e+00   3.8117328e+00   5.2982051e+00   4.4169668e+00   4.1376668e+00   4.1975500e+00   5.8512476e+00   5.2373383e+00   5.8088119e+00   5.0953436e+00   5.4264229e+00   3.9664038e+00   4.2168981e+00   7.0993398e+00   3.8499828e+00   4.2262257e+00   3.4553127e+00   4.6458555e+00   2.8221269e+00   3.8490722e+00   4.1688429e+00   4.7694342e+00   4.1116470e+00   6.0041907e+00   4.5272810e+00
   5.2281850e+00   3.8117328e+00   4.2163145e+00   4.4169668e+00   4.1376668e+00   4.1975500e+00   5.8512476e+00   5.2373383e+00   5.8088119e+00   5.0953436e+00   3.9847858e+00   3.9664038e+00   4.2168981e+00   7.0993398e+00   3.8499828e+00   4.2262257e+00   3.4553127e+00   4.6458555e+00   2.8221269e+00   3.8490722e+00   4.1688429e+00   4.7694342e+00   4.1116470e+00   6.0041907e+00   4.5272810e+00
   4.0946723e+00   3.8117328e+00   4.2163145e+00   4.4169668e+00   4.1376668e+00   4.1975500e+00   5.8512476e+00   5.2373383e+00   5.8088119e+00   5.0953436e+00   3.9847858e+00   3.9664038e+00   4.2168981e+00   7.0993398e+00   3.8499828e+00   4.2262257e+00   3.4553127e+00   4.6458555e+00   2.8221269e+00   3.8490722e+00   4.1688429e+00   4.7694342e+00   4.1116470e+00   6.0041907e+00   4.5272810e+00
   4.0946723e+00   3.8117328e+00   4.2163145e+00   4.4169668e+00   4.1376668e+00   4.1975500e+00   5.8512476e+00   5.2373383e+00   5.8088119e+00   5.0953436e+00   3.9847858e+00   3.9664038e+00   4.2168981e+00   5.0742179e+00   3.8499828e+00   4.2262257e+00   3.4553127e+00   4.6458555e+00   2.8221269e+00   3.8490722e+00   4.1688429e+00   4.7694342e+00   4.1116470e+00   6.0041907e+00   4.5272810e+00
   4.0946723e+00   3.8117328e+00   4.2163145e+00   4.4169668e+00   4.1376668e+00   4.1975500e+00   5.8512476e+00   5.2373383e+00   5.8088119e+00   5.0953436e+00   3.9847858e+00   3.9664038e+00   4.2168981e+00   5.0742179e+00   3.8499828e+00   4.2262257e+00   3.4553127e+00   4.6458555e+00   2.8221269e+00   3.8490722e+00   4.1688429e+00   4.7694342e+00   4.1116470e+00   6.0041907e+00   4.5272810e+00
