   2.5013298e+04   9.7990556e-02   6.9805229e-02   9.0329528e-02   1.2800925e-01   5.4894144e-02   9.0124953e-02   3.0240998e+04   5.0604707e-02   6.6008339e-02   1.0877784e-01   8.9296003e+05   1.7049441e+04   7.8224306e-02   7.1801093e-02   7.4418835e-02   8.5459989e-02   7.6620533e-02   9.4772956e-02   7.0011983e-02   6.3346586e-02   5.1150926e-02   8.3736576e-02   8.6513504e-02   3.1670238e+04
   4.0703804e-02   4.3245383e-02   4.2855747e-02   9.0329528e-02   5.5061449e-02   3.5582559e-02   3.9384836e-02   2.4755628e+04   3.5986551e-02   5.3354869e-02   3.4296750e-02   3.8669335e-02   4.5870132e-02   4.6510237e-02   5.8739830e-02   4.0925180e-02   3.9909500e-02   3.9029996e-02   9.4772956e-02   3.7396396e-02   6.3346586e-02   3.9019598e-02   4.3394599e-02   3.7867814e-02   3.4819224e-02
   3.7602870e-02   3.3576515e-02   3.4617611e-02   4.1851064e-02   3.5954481e-02   3.5581781e-02   3.7278865e-02   4.0655848e-02   3.5986525e-02   3.8479823e-02   3.3926235e-02   3.8342456e-02   3.5598470e-02   4.1214105e-02   5.8739830e-02   3.6709160e-02   3.3719881e-02   3.7083528e-02   4.1254086e-02   3.5688513e-02   4.1595431e-02   3.7716549e-02   3.7374425e-02   3.4728750e-02   3.4761434e-02
   3.7602847e-02   3.3550380e-02   3.4613451e-02   4.1102001e-02   3.5952924e-02   3.5581781e-02   3.7276828e-02   3.7777876e-02   3.5986525e-02   3.8389100e-02   3.3926229e-02   3.8305755e-02   3.5598402e-02   4.1085316e-02   4.4816890e-02   3.6709114e-02   3.3719879e-02   3.7083528e-02   3.9993434e-02   3.5687744e-02   4.0307527e-02   3.7714213e-02   3.7374296e-02   3.4583403e-02   3.4761432e-02
   3.7602834e-02   3.3550380e-02   3.4613451e-02   4.1101992e-02   3.5952924e-02   3.5581781e-02   3.7276625e-02   3.7777700e-02   3.5986525e-02   3.8387381e-02   3.3926229e-02   3.8303746e-02   3.5598402e-02   4.1078897e-02   3.7957376e-02   3.6709114e-02   3.3719879e-02   3.7083528e-02   3.9993221e-02   3.5687744e-02   4.0307109e-02   3.7714189e-02   3.7374295e-02   3.4583394e-02   3.4761432e-02
   3.7602834e-02   3.3550380e-02   3.4613451e-02   4.1101992e-02   3.5952924e-02   3.5581781e-02   3.7276625e-02   3.7777700e-02   3.5986525e-02   3.8387329e-02   3.3926229e-02   3.8303729e-02   3.5598402e-02   4.1077307e-02   3.7957074e-02   3.6709114e-02   3.3719879e-02   3.7083528e-02   3.9993216e-02   3.5687744e-02   4.0307102e-02   3.7714189e-02   3.7374295e-02   3.4583394e-02   3.4761432e-02
   3.7602834e-02   3.3550380e-02   3.4613451e-02   3.9662344e-02   3.5952924e-02   3.5581781e-02   3.7276625e-02   3.7777700e-02   3.5986525e-02   3.8387329e-02   3.3926229e-02   3.8303729e-02   3.5598402e-02   4.1077307e-02   3.7957074e-02   3.6709114e-02   3.3719879e-02   3.7083528e-02   3.9993216e-02   3.5687744e-02   4.0307102e-02   3.6870896e-02   3.7374295e-02   3.4583394e-02   3.4761432e-02
   3.7602834e-02   3.3550380e-02   3.4613451e-02   3.9026419e-02   3.5952924e-02   3.5581781e-02   3.7276625e-02   3.7777700e-02   3.5986525e-02   3.8387329e-02   3.3926229e-02   3.8303729e-02   3.5598402e-02   3.9941640e-02   3.7957074e-02   3.6709114e-02   3.3719879e-02   3.7083528e-02   3.6266325e-02   3.5687744e-02   4.0307102e-02   3.6870253e-02   3.7374295e-02   3.4583394e-02   3.4761432e-02
   3.7602834e-02   3.3550380e-02   3.4613451e-02   3.9026418e-02   3.5952924e-02   3.5581781e-02   3.7276625e-02   3.7777700e-02   3.5986525e-02   3.8387329e-02   3.3926229e-02   3.5002176e-02   3.5598402e-02   3.9930649e-02   3.7957074e-02   3.6709114e-02   3.3719879e-02   3.7083528e-02   3.6266316e-02   3.5687744e-02   4.0307102e-02   3.6870253e-02   3.7374295e-02   3.4583394e-02   3.4761432e-02
   3.7602834e-02   3.3550380e-02   3.4613451e-02   3.9026418e-02   3.5952924e-02   3.5581781e-02   3.7276625e-02   3.7777700e-02   3.5986525e-02   3.8387329e-02   3.3926229e-02   3.4986997e-02   3.5598402e-02   3.9930649e-02   3.7957074e-02   3.6709114e-02   3.3719879e-02   3.7083528e-02   3.6266316e-02   3.5687744e-02   3.9257741e-02   3.6870253e-02   3.7374295e-02   3.4583394e-02   3.4761432e-02
