   1.8931163e+02   1.8931163e+02   1.8931163e+02   1.8931163e+02   1.8931163e+02   1.8931163e+02   1.8931164e+02   1.8931163e+02   1.8931164e+02   1.8931165e+02   1.8931164e+02   1.8931163e+02   1.8931163e+02   3.2864914e+02   1.8931164e+02   1.8931163e+02   1.8931163e+02   1.8931163e+02   1.8931163e+02   1.8931163e+02   1.8931164e+02   1.8931163e+02   1.8931163e+02   1.8931163e+02   1.8931165e+02
   1.8931163e+02   1.8931163e+02   1.8931163e+02   1.8931163e+02   1.8931163e+02   1.8931163e+02   1.8931163e+02   1.8931163e+02   1.8931163e+02   1.8931163e+02   1.8931163e+02   1.8931163e+02   1.8931163e+02   1.8931163e+02   1.8931163e+02   1.8931163e+02   1.8931163e+02   1.8931163e+02   1.8931163e+02   1.8931163e+02   1.8931163e+02   1.8931163e+02   1.8931163e+02   1.8931163e+02   1.8931163e+02
   1.8931163e+02   1.8931163e+02   1.8931163e+02   1.8931163e+02   1.8931163e+02   1.8931163e+02   1.8931163e+02   1.8931163e+02   1.8931163e+02   1.8931163e+02   1.8931163e+02   1.8931163e+02   1.8931163e+02   1.8931163e+02   1.8931163e+02   1.8931163e+02   1.8931163e+02   1.8931163e+02   1.8931163e+02   1.8931163e+02   1.8931163e+02   1.8931163e+02   1.8931163e+02   1.8931163e+02   1.8931163e+02
   1.8931163e+02   1.8931163e+02   1.8931163e+02   1.8931163e+02   1.8931163e+02   1.8931163e+02   1.8931163e+02   1.8931163e+02   1.8931163e+02   1.8931163e+02   1.8931163e+02   1.8931163e+02   1.8931163e+02   1.8931163e+02   1.8931163e+02   1.8931163e+02   1.8931163e+02   1.8931163e+02   1.8931163e+02   1.8931163e+02   1.8931163e+02   1.8931163e+02   1.8931163e+02   1.8931163e+02   1.8931163e+02
   1.8931163e+02   1.8931163e+02   1.8931163e+02   1.8931163e+02   1.8931163e+02   1.8931163e+02   1.8931163e+02   1.8931163e+02   1.8931163e+02   1.8931163e+02   1.8931163e+02   1.8931163e+02   1.8931163e+02   1.8931163e+02   1.8931163e+02   1.8931163e+02   1.8931163e+02   1.8931163e+02   1.8931163e+02   1.8931163e+02   1.8931163e+02   1.8931163e+02   1.8931163e+02   1.8931163e+02   1.8931163e+02
   1.8931163e+02   1.8931163e+02   1.8931163e+02   1.8931163e+02   1.8931163e+02   1.8931163e+02   1.8931163e+02   1.8931163e+02   1.8931163e+02   1.8931163e+02   1.8931163e+02   1.8931163e+02   1.8931163e+02   1.8931163e+02   1.8931163e+02   1.8931163e+02   1.8931163e+02   1.8931163e+02   1.8931163e+02   1.8931163e+02   1.8931163e+02   1.8931163e+02   1.8931163e+02   1.8931163e+02   1.8931163e+02
   1.8931163e+02   1.8931163e+02   1.8931163e+02   1.8931163e+02   1.8931163e+02   1.8931163e+02   1.8931163e+02   1.8931163e+02   1.8931163e+02   1.8931163e+02   1.8931163e+02   1.8931163e+02   1.8931163e+02   1.8931163e+02   1.8931163e+02   1.8931163e+02   1.8931163e+02   1.8931163e+02   1.8931163e+02   1.8931163e+02   1.8931163e+02   1.8931163e+02   1.8931163e+02   1.8931163e+02   1.8931163e+02
   1.8931163e+02   1.8931163e+02   1.8931163e+02   1.8931163e+02   1.8931163e+02   1.8931163e+02   1.8931163e+02   1.8931163e+02   1.8931163e+02   1.8931163e+02   1.8931163e+02   1.8931163e+02   1.8931163e+02   1.8931163e+02   1.8931163e+02   1.8931163e+02   1.8931163e+02   1.8931163e+02   1.8931163e+02   1.8931163e+02   1.8931163e+02   1.8931163e+02   1.8931163e+02   1.8931163e+02   1.8931163e+02
   1.8931163e+02   1.8931163e+02   1.8931163e+02   1.8931163e+02   1.8931163e+02   1.8931163e+02   1.8931163e+02   1.8931163e+02   1.8931163e+02   1.8931163e+02   1.8931163e+02   1.8931163e+02   1.8931163e+02   1.8931163e+02   1.8931163e+02   1.8931163e+02   1.8931163e+02   1.8931163e+02   1.8931163e+02   1.8931163e+02   1.8931163e+02   1.8931163e+02   1.8931163e+02   1.8931163e+02   1.8931163e+02
   1.8931163e+02   1.8931163e+02   1.8931163e+02   1.8931163e+02   1.8931163e+02   1.8931163e+02   1.8931163e+02   1.8931163e+02   1.8931163e+02   1.8931163e+02   1.8931163e+02   1.8931163e+02   1.8931163e+02   1.8931163e+02   1.8931163e+02   1.8931163e+02   1.8931163e+02   1.8931163e+02   1.8931163e+02   1.8931163e+02   1.8931163e+02   1.8931163e+02   1.8931163e+02   1.8931163e+02   1.8931163e+02
