   2.9374914e+00   2.9476022e+00   2.9469615e+00   2.9265185e+00   2.9794927e+00   3.0026163e+00   2.9965316e+00   3.0074504e+00   2.9470018e+00   3.0266299e+00   3.0389148e+00   2.9469874e+00   2.9258955e+00   2.9255694e+00   2.9969483e+00   2.9480266e+00   2.9248428e+00   2.9474639e+00   3.0817589e+00   2.9487550e+00   2.9471413e+00   3.0174004e+00   2.9470892e+00   2.9252208e+00   2.9342102e+00
   2.9374914e+00   2.9469611e+00   2.9469611e+00   2.9248543e+00   2.9794927e+00   2.9469622e+00   2.9475134e+00   2.9536595e+00   2.9469611e+00   3.0214357e+00   2.9298592e+00   2.9469611e+00   2.9248671e+00   2.9249049e+00   2.9528299e+00   2.9470625e+00   2.9248428e+00   2.9469611e+00   3.0817321e+00   2.9477881e+00   2.9469611e+00   2.9250035e+00   2.9469611e+00   2.9248316e+00   2.9342102e+00
   2.9374914e+00   2.9469611e+00   2.9469611e+00   2.9248543e+00   2.9794927e+00   2.9469611e+00   2.9469611e+00   2.9536595e+00   2.9469611e+00   3.0214357e+00   2.9298592e+00   2.9469611e+00   2.9248671e+00   2.9249049e+00   2.9469611e+00   2.9249567e+00   2.9248428e+00   2.9469611e+00   2.9249247e+00   2.9469611e+00   2.9469611e+00   2.9248823e+00   2.9469611e+00   2.9248316e+00   2.9342102e+00
   2.9374914e+00   2.9469611e+00   2.9469611e+00   2.9248543e+00   2.9601986e+00   2.9469611e+00   2.9469611e+00   2.9469611e+00   2.9469611e+00   2.9469611e+00   2.9248483e+00   2.9469611e+00   2.9248671e+00   2.9249049e+00   2.9469611e+00   2.9249567e+00   2.9248428e+00   2.9469611e+00   2.9249247e+00   2.9469611e+00   2.9469611e+00   2.9248823e+00   2.9469611e+00   2.9248316e+00   2.9342102e+00
   2.9374914e+00   2.9469611e+00   2.9469611e+00   2.9248543e+00   2.9601986e+00   2.9469611e+00   2.9469611e+00   2.9469611e+00   2.9469611e+00   2.9469611e+00   2.9248483e+00   2.9469611e+00   2.9248671e+00   2.9249049e+00   2.9469611e+00   2.9249567e+00   2.9248428e+00   2.9469611e+00   2.9249247e+00   2.9469611e+00   2.9469611e+00   2.9248823e+00   2.9469611e+00   2.9248316e+00   2.9342102e+00
   2.9374914e+00   2.9469611e+00   2.9469611e+00   2.9248543e+00   2.9520920e+00   2.9469611e+00   2.9469611e+00   2.9469611e+00   2.9469611e+00   2.9469611e+00   2.9248483e+00   2.9469611e+00   2.9248671e+00   2.9249049e+00   2.9469611e+00   2.9249567e+00   2.9248428e+00   2.9469611e+00   2.9249247e+00   2.9469611e+00   2.9469611e+00   2.9248823e+00   2.9469611e+00   2.9248316e+00   2.9342102e+00
   2.9374914e+00   2.9469611e+00   2.9469611e+00   2.9248543e+00   2.9520920e+00   2.9469611e+00   2.9469611e+00   2.9469611e+00   2.9469611e+00   2.9469611e+00   2.9248483e+00   2.9469611e+00   2.9248671e+00   2.9249049e+00   2.9248313e+00   2.9249567e+00   2.9248428e+00   2.9469611e+00   2.9249247e+00   2.9469611e+00   2.9469611e+00   2.9248823e+00   2.9469611e+00   2.9248316e+00   2.9342102e+00
   2.9374914e+00   2.9469611e+00   2.9469611e+00   2.9248543e+00   2.9520920e+00   2.9469611e+00   2.9469611e+00   2.9469611e+00   2.9469611e+00   2.9469611e+00   2.9248483e+00   2.9469611e+00   2.9248671e+00   2.9249049e+00   2.9248313e+00   2.9249567e+00   2.9248428e+00   2.9469611e+00   2.9249247e+00   2.9469611e+00   2.9469611e+00   2.9248823e+00   2.9469611e+00   2.9248316e+00   2.9256247e+00
   2.9374914e+00   2.9469611e+00   2.9248309e+00   2.9248543e+00   2.9520920e+00   2.9469611e+00   2.9469611e+00   2.9469611e+00   2.9469611e+00   2.9469611e+00   2.9248483e+00   2.9469611e+00   2.9248671e+00   2.9249049e+00   2.9248313e+00   2.9249567e+00   2.9248428e+00   2.9469611e+00   2.9249247e+00   2.9469611e+00   2.9469611e+00   2.9248823e+00   2.9469611e+00   2.9248316e+00   2.9256247e+00
   2.9374914e+00   2.9469611e+00   2.9248306e+00   2.9248543e+00   2.9520920e+00   2.9469611e+00   2.9469611e+00   2.9469611e+00   2.9469611e+00   2.9469611e+00   2.9248483e+00   2.9469611e+00   2.9248671e+00   2.9249049e+00   2.9248313e+00   2.9249567e+00   2.9248428e+00   2.9469611e+00   2.9249247e+00   2.9469611e+00   2.9469611e+00   2.9248823e+00   2.9469611e+00   2.9248316e+00   2.9256247e+00
