   6.0597314e+03   6.0598517e+03   6.0615610e+03   6.0649176e+03   6.4104240e+03   6.8204107e+03   6.0665789e+03   6.2863019e+03   6.0907093e+03   6.6239153e+03   6.0905294e+03   6.8759357e+03   6.7867220e+03   6.4109314e+03   6.0911267e+03   6.2140037e+03   6.0906208e+03   6.1301964e+03   6.0905302e+03   6.1266931e+03   6.0653460e+03   6.0905334e+03   6.0813138e+03   6.0905263e+03   6.1028602e+03
   6.0597314e+03   6.0597387e+03   6.0597143e+03   6.0597214e+03   6.4100869e+03   6.0765469e+03   6.0665789e+03   6.0905683e+03   6.0907017e+03   6.4100869e+03   6.0905294e+03   6.8204122e+03   6.7867220e+03   6.4100868e+03   6.0911267e+03   6.0905278e+03   6.0906208e+03   6.1301964e+03   6.0905302e+03   6.0600683e+03   6.0653460e+03   6.0905278e+03   6.0813138e+03   6.0905263e+03   6.0598124e+03
   6.0597314e+03   6.0597387e+03   6.0597143e+03   6.0597147e+03   6.4100869e+03   6.0765469e+03   6.0597973e+03   6.0905683e+03   6.0597539e+03   6.4100869e+03   6.0905294e+03   6.7716019e+03   6.4100868e+03   6.0788817e+03   6.0905262e+03   6.0617730e+03   6.0906208e+03   6.0719798e+03   6.0905302e+03   6.0600683e+03   6.0653460e+03   6.0905278e+03   6.0813138e+03   6.0905263e+03   6.0598124e+03
   6.0597314e+03   6.0597387e+03   6.0597143e+03   6.0597147e+03   6.3707824e+03   6.0765469e+03   6.0597143e+03   6.0905683e+03   6.0597168e+03   6.4100869e+03   6.0905294e+03   6.1022719e+03   6.4100868e+03   6.0788817e+03   6.0905262e+03   6.0597162e+03   6.0637632e+03   6.0719798e+03   6.0597144e+03   6.0600683e+03   6.0653460e+03   6.0905278e+03   6.0813138e+03   6.0905263e+03   6.0598124e+03
   6.0597314e+03   6.0597387e+03   6.0597143e+03   6.0597147e+03   6.3707797e+03   6.0765469e+03   6.0597143e+03   6.0905683e+03   6.0597168e+03   6.4100869e+03   6.0905294e+03   6.0905262e+03   6.3859711e+03   6.0788817e+03   6.0905262e+03   6.0597162e+03   6.0637632e+03   6.0719798e+03   6.0597143e+03   6.0600683e+03   6.0653460e+03   6.0905278e+03   6.0813138e+03   6.0905263e+03   6.0598124e+03
   6.0597314e+03   6.0597387e+03   6.0597143e+03   6.0597147e+03   6.3707797e+03   6.0765469e+03   6.0597143e+03   6.0905262e+03   6.0597168e+03   6.4100868e+03   6.0905294e+03   6.0905262e+03   6.3707797e+03   6.0597965e+03   6.0905262e+03   6.0597162e+03   6.0637632e+03   6.0719798e+03   6.0597143e+03   6.0600683e+03   6.0653460e+03   6.0905278e+03   6.0813138e+03   6.0905262e+03   6.0598124e+03
   6.0597314e+03   6.0597387e+03   6.0597143e+03   6.0597147e+03   6.1084576e+03   6.0765469e+03   6.0597143e+03   6.0905262e+03   6.0597143e+03   6.4100868e+03   6.0905264e+03   6.0905262e+03   6.3707797e+03   6.0597143e+03   6.0905262e+03   6.0597162e+03   6.0637632e+03   6.0719798e+03   6.0597143e+03   6.0600683e+03   6.0653460e+03   6.0905278e+03   6.0813138e+03   6.0905262e+03   6.0598124e+03
   6.0597314e+03   6.0597387e+03   6.0597143e+03   6.0597147e+03   6.1084576e+03   6.0765469e+03   6.0597143e+03   6.0905262e+03   6.0597143e+03   6.2836130e+03   6.0905262e+03   6.0905262e+03   6.3707797e+03   6.0597143e+03   6.0597143e+03   6.0597143e+03   6.0637632e+03   6.0719798e+03   6.0597143e+03   6.0600683e+03   6.0653460e+03   6.0905278e+03   6.0813138e+03   6.0905262e+03   6.0598124e+03
   6.0597314e+03   6.0597387e+03   6.0597143e+03   6.0597147e+03   6.1084576e+03   6.0765469e+03   6.0597143e+03   6.0905262e+03   6.0597143e+03   6.2836130e+03   6.0905262e+03   6.0905262e+03   6.3707797e+03   6.0597143e+03   6.0597143e+03   6.0597143e+03   6.0637632e+03   6.0719798e+03   6.0597143e+03   6.0600683e+03   6.0653460e+03   6.0905278e+03   6.0813138e+03   6.0905262e+03   6.0598124e+03
   6.0597314e+03   6.0597387e+03   6.0597143e+03   6.0597147e+03   6.1084576e+03   6.0765469e+03   6.0597143e+03   6.0905262e+03   6.0597143e+03   6.2071320e+03   6.0905262e+03   6.0905262e+03   6.3707797e+03   6.0597143e+03   6.0597143e+03   6.0597143e+03   6.0637632e+03   6.0719798e+03   6.0597143e+03   6.0600683e+03   6.0653460e+03   6.0905278e+03   6.0813138e+03   6.0905262e+03   6.0598124e+03
