   3.8400469e-13   3.4785597e-15   4.8422069e-16   2.8166838e-14   4.9763350e-18   1.3248326e-17   2.1434601e-12   1.2890417e-13   5.2477600e-15   1.3017797e-13   1.2596755e-15   4.7426451e-16   4.0671619e-17   1.0526606e-12   2.7484690e-13   2.5752369e-17   1.0301831e-16   2.9442818e-16   1.6128742e-13   3.4743712e-14   8.4846979e-16   4.3301670e-16   1.5564902e-13   1.0498785e-18   5.1214974e-16
   8.3298589e-18   3.4785597e-15   2.1497463e-20   2.8166838e-14   3.5822393e-20   1.3248326e-17   2.3593105e-16   7.1108596e-19   4.1787621e-15   7.1278321e-16   1.7148593e-20   3.2163454e-17   4.1730628e-22   1.4214272e-13   2.2819026e-18   7.3520406e-18   9.7865530e-19   1.1282343e-16   1.6128742e-13   3.4743712e-14   2.3929661e-16   4.3301670e-16   1.7022592e-14   1.0498785e-18   3.2510061e-20
   3.5724634e-20   6.7347844e-28   2.1497463e-20   2.1168732e-14   1.6657368e-28   2.2181294e-18   8.7140697e-18   7.1108596e-19   4.1787621e-15   9.7524193e-25   1.7751866e-25   1.1003126e-20   6.0397163e-31   1.7427655e-22   2.2819026e-18   1.5537817e-19   9.7865530e-19   1.8604934e-18   3.7898634e-27   3.4743712e-14   5.0034522e-23   9.8313574e-17   5.7774509e-28   1.3220354e-29   4.5202038e-28
   3.5724634e-20   6.7347844e-28   1.9502976e-21   6.9333478e-33   1.6657368e-28   1.2327685e-27   1.7466943e-18   9.8717314e-26   3.6020409e-20   2.6881545e-27   4.1966445e-27   7.6742274e-22   6.0397163e-31   1.7427655e-22   2.2819026e-18   1.2989971e-22   1.8459024e-23   4.8567023e-28   3.7898634e-27   4.6412349e-18   5.0034522e-23   1.7086018e-20   5.7774509e-28   1.3220354e-29   4.5202038e-28
   5.7507960e-28   1.5753337e-29   1.8083731e-26   6.9333478e-33   1.6657368e-28   1.2327685e-27   4.0752678e-31   9.8717314e-26   3.9273255e-28   2.6881545e-27   4.1966445e-27   7.0098088e-26   6.0397163e-31   2.9143365e-27   3.0814879e-31   3.2258434e-26   9.9286311e-29   1.9259299e-32   3.7898634e-27   1.7053744e-26   5.6988637e-24   4.6619831e-27   4.9303807e-32   1.3220354e-29   4.5202038e-28
   7.7037198e-34   0.0000000e+00   1.0170459e-27   0.0000000e+00   1.3589362e-30   0.0000000e+00   0.0000000e+00   4.2074397e-27   7.7037198e-34   2.0273802e-28   3.7727958e-27   5.9319124e-26   6.0397163e-31   4.1464501e-29   3.0814879e-31   9.4370567e-31   9.9286311e-29   1.9259299e-32   0.0000000e+00   3.2533001e-27   3.7425364e-28   0.0000000e+00   4.9303807e-32   7.7037198e-34   7.7037198e-34
   0.0000000e+00   0.0000000e+00   0.0000000e+00   0.0000000e+00   0.0000000e+00   0.0000000e+00   0.0000000e+00   1.8647932e-28   0.0000000e+00   2.0273802e-28   6.2400130e-32   2.6110071e-27   7.7037198e-34   4.1464501e-29   0.0000000e+00   0.0000000e+00   0.0000000e+00   0.0000000e+00   0.0000000e+00   2.7733391e-32   0.0000000e+00   0.0000000e+00   0.0000000e+00   0.0000000e+00   0.0000000e+00
   0.0000000e+00   0.0000000e+00   0.0000000e+00   0.0000000e+00   0.0000000e+00   0.0000000e+00   0.0000000e+00   9.4370567e-31   0.0000000e+00   0.0000000e+00   6.2400130e-32   0.0000000e+00   0.0000000e+00   0.0000000e+00   0.0000000e+00   0.0000000e+00   0.0000000e+00   0.0000000e+00   0.0000000e+00   0.0000000e+00   0.0000000e+00   0.0000000e+00   0.0000000e+00   0.0000000e+00   0.0000000e+00
   0.0000000e+00   0.0000000e+00   0.0000000e+00   0.0000000e+00   0.0000000e+00   0.0000000e+00   0.0000000e+00   0.0000000e+00   0.0000000e+00   0.0000000e+00   0.0000000e+00   0.0000000e+00   0.0000000e+00   0.0000000e+00   0.0000000e+00   0.0000000e+00   0.0000000e+00   0.0000000e+00   0.0000000e+00   0.0000000e+00   0.0000000e+00   0.0000000e+00   0.0000000e+00   0.0000000e+00   0.0000000e+00
   0.0000000e+00   0.0000000e+00   0.0000000e+00   0.0000000e+00   0.0000000e+00   0.0000000e+00   0.0000000e+00   0.0000000e+00   0.0000000e+00   0.0000000e+00   0.0000000e+00   0.0000000e+00   0.0000000e+00   0.0000000e+00   0.0000000e+00   0.0000000e+00   0.0000000e+00   0.0000000e+00   0.0000000e+00   0.0000000e+00   0.0000000e+00   0.0000000e+00   0.0000000e+00   0.0000000e+00   0.0000000e+00
