   2.6389615e+02   2.6389585e+02   2.6389584e+02   2.6389584e+02   2.6389584e+02   2.6389584e+02   2.6389584e+02   2.6389594e+02   2.6389586e+02   2.6389584e+02   2.6389584e+02   2.6401802e+02   2.6389584e+02   2.6389584e+02   2.6389584e+02   2.6389584e+02   2.6390094e+02   2.6389585e+02   2.6389584e+02   2.6389584e+02   2.6397492e+02   2.6389584e+02   2.6390328e+02   2.6541065e+02   2.6389591e+02
   2.6389615e+02   2.6389585e+02   2.6389584e+02   2.6389584e+02   2.6389584e+02   2.6389584e+02   2.6389584e+02   2.6389584e+02   2.6389584e+02   2.6389584e+02   2.6389584e+02   2.6389584e+02   2.6389584e+02   2.6389584e+02   2.6389584e+02   2.6389584e+02   2.6389584e+02   2.6389584e+02   2.6389584e+02   2.6389584e+02   2.6389584e+02   2.6389584e+02   2.6389584e+02   2.6541065e+02   2.6389584e+02
   2.6389584e+02   2.6389585e+02   2.6389584e+02   2.6389584e+02   2.6389584e+02   2.6389584e+02   2.6389584e+02   2.6389584e+02   2.6389584e+02   2.6389584e+02   2.6389584e+02   2.6389584e+02   2.6389584e+02   2.6389584e+02   2.6389584e+02   2.6389584e+02   2.6389584e+02   2.6389584e+02   2.6389584e+02   2.6389584e+02   2.6389584e+02   2.6389584e+02   2.6389584e+02   2.6389584e+02   2.6389584e+02
   2.6389584e+02   2.6389584e+02   2.6389584e+02   2.6389584e+02   2.6389584e+02   2.6389584e+02   2.6389584e+02   2.6389584e+02   2.6389584e+02   2.6389584e+02   2.6389584e+02   2.6389584e+02   2.6389584e+02   2.6389584e+02   2.6389584e+02   2.6389584e+02   2.6389584e+02   2.6389584e+02   2.6389584e+02   2.6389584e+02   2.6389584e+02   2.6389584e+02   2.6389584e+02   2.6389584e+02   2.6389584e+02
   2.6389584e+02   2.6389584e+02   2.6389584e+02   2.6389584e+02   2.6389584e+02   2.6389584e+02   2.6389584e+02   2.6389584e+02   2.6389584e+02   2.6389584e+02   2.6389584e+02   2.6389584e+02   2.6389584e+02   2.6389584e+02   2.6389584e+02   2.6389584e+02   2.6389584e+02   2.6389584e+02   2.6389584e+02   2.6389584e+02   2.6389584e+02   2.6389584e+02   2.6389584e+02   2.6389584e+02   2.6389584e+02
   2.6389584e+02   2.6389584e+02   2.6389584e+02   2.6389584e+02   2.6389584e+02   2.6389584e+02   2.6389584e+02   2.6389584e+02   2.6389584e+02   2.6389584e+02   2.6389584e+02   2.6389584e+02   2.6389584e+02   2.6389584e+02   2.6389584e+02   2.6389584e+02   2.6389584e+02   2.6389584e+02   2.6389584e+02   2.6389584e+02   2.6389584e+02   2.6389584e+02   2.6389584e+02   2.6389584e+02   2.6389584e+02
   2.6389584e+02   2.6389584e+02   2.6389584e+02   2.6389584e+02   2.6389584e+02   2.6389584e+02   2.6389584e+02   2.6389584e+02   2.6389584e+02   2.6389584e+02   2.6389584e+02   2.6389584e+02   2.6389584e+02   2.6389584e+02   2.6389584e+02   2.6389584e+02   2.6389584e+02   2.6389584e+02   2.6389584e+02   2.6389584e+02   2.6389584e+02   2.6389584e+02   2.6389584e+02   2.6389584e+02   2.6389584e+02
   2.6389584e+02   2.6389584e+02   2.6389584e+02   2.6389584e+02   2.6389584e+02   2.6389584e+02   2.6389584e+02   2.6389584e+02   2.6389584e+02   2.6389584e+02   2.6389584e+02   2.6389584e+02   2.6389584e+02   2.6389584e+02   2.6389584e+02   2.6389584e+02   2.6389584e+02   2.6389584e+02   2.6389584e+02   2.6389584e+02   2.6389584e+02   2.6389584e+02   2.6389584e+02   2.6389584e+02   2.6389584e+02
   2.6389584e+02   2.6389584e+02   2.6389584e+02   2.6389584e+02   2.6389584e+02   2.6389584e+02   2.6389584e+02   2.6389584e+02   2.6389584e+02   2.6389584e+02   2.6389584e+02   2.6389584e+02   2.6389584e+02   2.6389584e+02   2.6389584e+02   2.6389584e+02   2.6389584e+02   2.6389584e+02   2.6389584e+02   2.6389584e+02   2.6389584e+02   2.6389584e+02   2.6389584e+02   2.6389584e+02   2.6389584e+02
   2.6389584e+02   2.6389584e+02   2.6389584e+02   2.6389584e+02   2.6389584e+02   2.6389584e+02   2.6389584e+02   2.6389584e+02   2.6389584e+02   2.6389584e+02   2.6389584e+02   2.6389584e+02   2.6389584e+02   2.6389584e+02   2.6389584e+02   2.6389584e+02   2.6389584e+02   2.6389584e+02   2.6389584e+02   2.6389584e+02   2.6389584e+02   2.6389584e+02   2.6389584e+02   2.6389584e+02   2.6389584e+02
