   7.0505882e+03   7.0591734e+03   7.0517570e+03   7.0490370e+03   7.0490370e+03   7.0529345e+03   7.0490370e+03   7.0490370e+03   7.0519696e+03   7.0490370e+03   7.0490370e+03   7.0556519e+03   7.0490370e+03   7.0534928e+03   7.0490370e+03   7.0490370e+03   7.0490370e+03   7.0539586e+03   7.0509883e+03   7.0490370e+03   7.0490370e+03   7.0501376e+03   7.0490370e+03   7.0490370e+03   7.0490370e+03
   7.0505882e+03   7.0490370e+03   7.0490370e+03   7.0490370e+03   7.0490370e+03   7.0490370e+03   7.0490370e+03   7.0490370e+03   7.0490370e+03   7.0490370e+03   7.0490370e+03   7.0490370e+03   7.0490370e+03   7.0490370e+03   7.0490370e+03   7.0490370e+03   7.0490370e+03   7.0490370e+03   7.0490370e+03   7.0490370e+03   7.0490370e+03   7.0490370e+03   7.0490370e+03   7.0490370e+03   7.0490370e+03
   7.0490370e+03   7.0490370e+03   7.0490370e+03   7.0490370e+03   7.0490370e+03   7.0490370e+03   7.0490370e+03   7.0490370e+03   7.0490370e+03   7.0490370e+03   7.0490370e+03   7.0490370e+03   7.0490370e+03   7.0490370e+03   7.0490370e+03   7.0490370e+03   7.0490370e+03   7.0490370e+03   7.0490370e+03   7.0490370e+03   7.0490370e+03   7.0490370e+03   7.0490370e+03   7.0490370e+03   7.0490370e+03
   7.0490370e+03   7.0490370e+03   7.0490370e+03   7.0490370e+03   7.0490370e+03   7.0490370e+03   7.0490370e+03   7.0490370e+03   7.0490370e+03   7.0490370e+03   7.0490370e+03   7.0490370e+03   7.0490370e+03   7.0490370e+03   7.0490370e+03   7.0490370e+03   7.0490370e+03   7.0490370e+03   7.0490370e+03   7.0490370e+03   7.0490370e+03   7.0490370e+03   7.0490370e+03   7.0490370e+03   7.0490370e+03
   7.0490370e+03   7.0490370e+03   7.0490370e+03   7.0490370e+03   7.0490370e+03   7.0490370e+03   7.0490370e+03   7.0490370e+03   7.0490370e+03   7.0490370e+03   7.0490370e+03   7.0490370e+03   7.0490370e+03   7.0490370e+03   7.0490370e+03   7.0490370e+03   7.0490370e+03   7.0490370e+03   7.0490370e+03   7.0490370e+03   7.0490370e+03   7.0490370e+03   7.0490370e+03   7.0490370e+03   7.0490370e+03
   7.0490370e+03   7.0490370e+03   7.0490370e+03   7.0490370e+03   7.0490370e+03   7.0490370e+03   7.0490370e+03   7.0490370e+03   7.0490370e+03   7.0490370e+03   7.0490370e+03   7.0490370e+03   7.0490370e+03   7.0490370e+03   7.0490370e+03   7.0490370e+03   7.0490370e+03   7.0490370e+03   7.0490370e+03   7.0490370e+03   7.0490370e+03   7.0490370e+03   7.0490370e+03   7.0490370e+03   7.0490370e+03
   7.0490370e+03   7.0490370e+03   7.0490370e+03   7.0490370e+03   7.0490370e+03   7.0490370e+03   7.0490370e+03   7.0490370e+03   7.0490370e+03   7.0490370e+03   7.0490370e+03   7.0490370e+03   7.0490370e+03   7.0490370e+03   7.0490370e+03   7.0490370e+03   7.0490370e+03   7.0490370e+03   7.0490370e+03   7.0490370e+03   7.0490370e+03   7.0490370e+03   7.0490370e+03   7.0490370e+03   7.0490370e+03
   7.0490370e+03   7.0490370e+03   7.0490370e+03   7.0490370e+03   7.0490370e+03   7.0490370e+03   7.0490370e+03   7.0490370e+03   7.0490370e+03   7.0490370e+03   7.0490370e+03   7.0490370e+03   7.0490370e+03   7.0490370e+03   7.0490370e+03   7.0490370e+03   7.0490370e+03   7.0490370e+03   7.0490370e+03   7.0490370e+03   7.0490370e+03   7.0490370e+03   7.0490370e+03   7.0490370e+03   7.0490370e+03
   7.0490370e+03   7.0490370e+03   7.0490370e+03   7.0490370e+03   7.0490370e+03   7.0490370e+03   7.0490370e+03   7.0490370e+03   7.0490370e+03   7.0490370e+03   7.0490370e+03   7.0490370e+03   7.0490370e+03   7.0490370e+03   7.0490370e+03   7.0490370e+03   7.0490370e+03   7.0490370e+03   7.0490370e+03   7.0490370e+03   7.0490370e+03   7.0490370e+03   7.0490370e+03   7.0490370e+03   7.0490370e+03
   7.0490370e+03   7.0490370e+03   7.0490370e+03   7.0490370e+03   7.0490370e+03   7.0490370e+03   7.0490370e+03   7.0490370e+03   7.0490370e+03   7.0490370e+03   7.0490370e+03   7.0490370e+03   7.0490370e+03   7.0490370e+03   7.0490370e+03   7.0490370e+03   7.0490370e+03   7.0490370e+03   7.0490370e+03   7.0490370e+03   7.0490370e+03   7.0490370e+03   7.0490370e+03   7.0490370e+03   7.0490370e+03
