   2.3884532e+00   2.0956705e+00   2.2574388e+00   2.2790360e+00   2.3416631e+00   2.2414800e+00   2.0788783e+00   2.0794138e+00   2.0931502e+00   2.0079297e+00   2.2682848e+00   2.1034264e+00   2.0355838e+00   2.3522750e+00   2.1882193e+00   2.2869865e+00   2.2867789e+00   2.2384545e+00   2.0608949e+00   2.3947491e+00   2.2575138e+00   2.1571329e+00   2.2776490e+00   2.3477936e+00   2.2651333e+00
   2.3884532e+00   2.0956705e+00   2.2574388e+00   2.2790360e+00   2.3416631e+00   2.2414800e+00   2.0788783e+00   2.0794138e+00   2.0931502e+00   2.0079297e+00   2.2013266e+00   2.1034264e+00   2.0355838e+00   2.3522750e+00   2.1882193e+00   2.2869865e+00   2.2710235e+00   2.2384545e+00   2.0608949e+00   2.3947491e+00   2.2575138e+00   2.1571329e+00   2.2776490e+00   2.3477936e+00   2.2651333e+00
   2.3884532e+00   2.0956705e+00   2.2574388e+00   2.3127800e+00   2.2949713e+00   2.2414800e+00   2.0319118e+00   1.9590152e+00   2.0931502e+00   2.0079297e+00   1.9401936e+00   2.1034264e+00   2.0355838e+00   1.9534661e+00   2.1882193e+00   1.9896535e+00   2.2710235e+00   2.2456464e+00   2.0608949e+00   2.3947491e+00   2.2031614e+00   2.1571329e+00   2.1065625e+00   2.3477936e+00   2.2651333e+00
   2.3884532e+00   2.0956705e+00   2.0560734e+00   2.3127800e+00   2.2949713e+00   2.2414800e+00   2.0319118e+00   1.9590152e+00   2.0931502e+00   2.0079297e+00   1.9401936e+00   2.1034264e+00   2.0355838e+00   1.9534661e+00   1.9392039e+00   1.9896535e+00   2.1515342e+00   1.9823069e+00   1.9371049e+00   2.2773978e+00   2.2031614e+00   2.1571329e+00   2.1065625e+00   2.3477936e+00   2.2125300e+00
   2.3884532e+00   2.0956705e+00   2.0560734e+00   2.2306844e+00   2.2949713e+00   2.0710248e+00   2.0319118e+00   1.9590152e+00   2.1822871e+00   2.0079297e+00   1.9401936e+00   1.9997790e+00   2.0355838e+00   1.9534661e+00   1.9392039e+00   1.9896535e+00   2.1515342e+00   1.9823069e+00   1.9371049e+00   2.2773978e+00   2.2031614e+00   2.1571329e+00   2.1065625e+00   2.3477936e+00   2.2125300e+00
   2.2237985e+00   2.0956705e+00   2.0560734e+00   2.2306844e+00   2.2949713e+00   2.0710248e+00   2.0319118e+00   1.9590152e+00   2.1822871e+00   2.3829343e+00   1.9401936e+00   1.9997790e+00   2.0355838e+00   1.8806160e+00   1.9392039e+00   1.9896535e+00   2.0853862e+00   1.9823069e+00   1.9371049e+00   2.2773978e+00   1.9604907e+00   2.1571329e+00   2.0412715e+00   2.2196323e+00   2.2125300e+00
   2.2237985e+00   2.0956705e+00   2.0560734e+00   2.2306844e+00   2.2949713e+00   2.0710248e+00   2.0319118e+00   1.9590152e+00   2.1822871e+00   1.9789038e+00   1.9401936e+00   1.9997790e+00   2.0320900e+00   1.8806160e+00   1.9392039e+00   1.9896535e+00   2.0853862e+00   1.9823069e+00   1.9371049e+00   2.2533077e+00   1.9604907e+00   2.1571329e+00   2.0412715e+00   2.2196323e+00   2.2125300e+00
   2.2237985e+00   2.0956705e+00   2.0560734e+00   2.2306844e+00   2.2949713e+00   2.0710248e+00   2.0319118e+00   1.9590152e+00   2.1822871e+00   1.9789038e+00   1.9401936e+00   1.9997790e+00   2.0320900e+00   1.8806160e+00   1.9392039e+00   1.9698685e+00   2.0607052e+00   1.9823069e+00   1.9371049e+00   2.0597546e+00   1.9604907e+00   2.1571329e+00   2.0412715e+00   2.2196323e+00   2.2125300e+00
   2.2237985e+00   2.0956705e+00   2.0560734e+00   2.0346725e+00   2.2949713e+00   2.0710248e+00   2.0319118e+00   1.9590152e+00   2.1822871e+00   1.9789038e+00   1.9401936e+00   1.9997790e+00   2.0320900e+00   1.8806160e+00   1.9392039e+00   1.9698685e+00   2.0607052e+00   1.9823069e+00   1.9371049e+00   2.0597546e+00   1.9604907e+00   2.1571329e+00   1.7524105e+00   2.2196323e+00   2.2125300e+00
   1.9801921e+00   2.0956705e+00   2.0560734e+00   2.0346725e+00   2.2949713e+00   2.0710248e+00   2.0170956e+00   1.9590152e+00   2.1822871e+00   1.9789038e+00   1.9401936e+00   1.9997790e+00   2.0320900e+00   1.8806160e+00   1.9392039e+00   1.9698685e+00   2.0607052e+00   1.9823069e+00   1.9371049e+00   2.0597546e+00   1.9196323e+00   2.1571329e+00   1.7524105e+00   2.0212443e+00   2.2125300e+00
