   2.9707274e-01   1.1466143e-01   2.0219623e-01   1.3583698e-01   1.3548306e-01   3.2058627e-01   1.4427726e-01   3.1823849e-01   2.2603017e-01   2.3811177e-01   1.3619216e-01   3.2002454e-01   2.1452716e-01   1.6689731e-01   2.1582101e-01   3.7436429e-01   1.3480639e-01   1.4874964e-01   1.0244590e-01   1.4244591e-01   1.4244545e-01   1.4221790e-01   1.3579592e-01   1.0348036e-01   1.0540776e-01
   2.9707274e-01   1.1466143e-01   2.0219623e-01   1.3583698e-01   1.3548306e-01   3.2058627e-01   1.4427726e-01   3.1823849e-01   2.2603017e-01   2.3811177e-01   1.3619216e-01   3.2002454e-01   2.1452716e-01   1.6689731e-01   2.1582101e-01   3.7436429e-01   1.3480639e-01   1.4874964e-01   1.0244590e-01   1.4244591e-01   1.4244545e-01   1.4221790e-01   1.3579592e-01   1.0348036e-01   1.0540776e-01
   2.9707274e-01   1.1466143e-01   2.0219623e-01   1.3583698e-01   1.3548306e-01   3.2058627e-01   1.4427726e-01   3.1823849e-01   2.2603017e-01   2.3811177e-01   1.3619216e-01   3.2002454e-01   2.1452716e-01   1.6689731e-01   2.1582101e-01   3.7436429e-01   1.3480639e-01   1.4874964e-01   1.0244590e-01   1.4244591e-01   1.4244545e-01   1.4221790e-01   1.3579592e-01   1.0348036e-01   1.0540776e-01
   2.9707274e-01   1.1466143e-01   2.0219623e-01   1.3583698e-01   1.3548306e-01   3.2058627e-01   1.4427726e-01   3.1823849e-01   2.2603017e-01   2.3811177e-01   1.3619216e-01   3.2002454e-01   2.1452716e-01   1.6689731e-01   2.1582101e-01   3.7436429e-01   1.3480639e-01   1.4874964e-01   1.0244590e-01   1.4244591e-01   1.4244545e-01   1.4221790e-01   1.3579592e-01   1.0348036e-01   1.0540776e-01
   9.4925544e-02   1.1466143e-01   9.8797313e-02   1.3583698e-01   1.3548306e-01   3.2058627e-01   1.4427726e-01   9.5334705e-02   2.2603017e-01   2.3811177e-01   9.5452368e-02   3.2002454e-01   2.1452716e-01   1.6689731e-01   2.1582101e-01   3.7436429e-01   1.3480639e-01   1.4874964e-01   9.7072231e-02   1.4244591e-01   1.4244545e-01   1.4221790e-01   1.3579592e-01   1.0348036e-01   1.0540776e-01
   9.4925544e-02   8.8010482e-02   9.8797313e-02   9.2106227e-02   9.5498414e-02   9.7466525e-02   9.5554179e-02   9.5334705e-02   9.4708692e-02   2.3811177e-01   9.5452368e-02   9.6893353e-02   9.5841547e-02   8.5463373e-02   9.3086010e-02   3.7436429e-01   8.3609311e-02   9.6696948e-02   9.7072231e-02   9.4979008e-02   9.7064243e-02   9.3469962e-02   8.5343401e-02   1.0348036e-01   9.2520533e-02
   9.4925544e-02   8.8010482e-02   9.8797313e-02   9.2106227e-02   9.5498414e-02   9.7466525e-02   9.5554179e-02   9.5334705e-02   9.4708692e-02   9.6400137e-02   9.5452368e-02   9.6893353e-02   9.5841547e-02   8.5463373e-02   9.3086010e-02   9.7129685e-02   8.3609311e-02   9.6696948e-02   9.7072231e-02   9.4979008e-02   9.7064243e-02   9.3469962e-02   8.5343401e-02   8.9390323e-02   9.2520533e-02
   9.0520638e-02   8.8010482e-02   9.8797313e-02   9.2106227e-02   8.8869957e-02   9.7033670e-02   9.5554179e-02   9.0787274e-02   9.4708692e-02   9.6400137e-02   9.5452368e-02   9.6893353e-02   9.5841547e-02   8.5463373e-02   9.3086010e-02   9.7129685e-02   8.3609311e-02   9.4038373e-02   9.7072231e-02   9.4979008e-02   9.7064243e-02   9.3469962e-02   8.5343401e-02   8.9390323e-02   9.2520533e-02
   9.0520638e-02   8.8010482e-02   9.5400362e-02   9.2106227e-02   8.8869957e-02   9.7033670e-02   9.5554179e-02   9.0787274e-02   9.4708692e-02   9.6400137e-02   9.5452368e-02   9.0853723e-02   9.5841547e-02   8.5463373e-02   9.3086010e-02   9.7129685e-02   8.3609311e-02   9.4038373e-02   9.5027543e-02   9.4979008e-02   9.7064243e-02   9.3469962e-02   8.5343401e-02   8.9390323e-02   8.6914794e-02
   9.0520638e-02   8.8010482e-02   9.5400362e-02   9.2106227e-02   8.8869957e-02   9.7033670e-02   9.5554179e-02   9.0787274e-02   9.4708692e-02   9.6400137e-02   9.5452368e-02   9.0853723e-02   9.5841547e-02   8.5463373e-02   9.3086010e-02   9.7129685e-02   8.3609311e-02   9.4038373e-02   9.5027543e-02   9.4979008e-02   9.7064243e-02   9.3469962e-02   8.5343401e-02   8.9390323e-02   8.6914794e-02
