   5.0493587e-01   2.2010584e-01   7.9637525e-01   5.6097828e-01   1.8033147e-01   4.3858366e-01   9.3911175e-01   7.8411097e-01   8.7660647e-02   5.7384619e-02   9.0688966e-02   5.1606691e-01   3.8478369e-01   5.7684564e-01   3.8111674e-01   1.3351521e+00   1.8966173e-01   5.0649298e-02   5.2130831e-01   5.2606113e-01   1.8181075e-01   3.4880956e-01   3.8062044e-01   1.7294742e-01   2.3488718e-01
   1.5882785e-02   3.1180806e-02   3.4288890e-02   0.0000000e+00   8.8517045e-03   1.3593555e-01   2.1726985e-02   4.3393011e-02   8.7660647e-02   5.7384619e-02   1.5728487e-02   1.1156685e-01   1.7659754e-02   1.9520658e-02   1.4701231e-02   5.4080116e-04   4.6956118e-02   0.0000000e+00   1.5873729e-01   1.9311127e-02   2.2971576e-02   1.5164840e-02   3.6089874e-01   5.0479542e-02   1.0434851e-01
   1.5882785e-02   3.1180806e-02   3.4288890e-02   0.0000000e+00   0.0000000e+00   1.2412882e-01   2.1726985e-02   0.0000000e+00   0.0000000e+00   5.7384619e-02   1.5728487e-02   3.4711183e-02   1.7659754e-02   1.9520658e-02   0.0000000e+00   5.4080116e-04   4.6585303e-02   0.0000000e+00   8.0305383e-03   3.4816404e-03   2.2971576e-02   0.0000000e+00   4.0350439e-02   5.0479542e-02   1.0434851e-01
   1.5882785e-02   0.0000000e+00   3.4288890e-02   0.0000000e+00   0.0000000e+00   1.0376422e-01   2.1726985e-02   0.0000000e+00   0.0000000e+00   5.7384619e-02   1.5728487e-02   0.0000000e+00   2.3074128e-03   1.9520658e-02   0.0000000e+00   5.4080116e-04   4.6585303e-02   0.0000000e+00   8.0305383e-03   0.0000000e+00   2.2971576e-02   0.0000000e+00   4.0350439e-02   5.0479542e-02   1.0434851e-01
   1.5882785e-02   0.0000000e+00   3.4288890e-02   0.0000000e+00   0.0000000e+00   1.0376422e-01   2.1726985e-02   0.0000000e+00   0.0000000e+00   5.7384619e-02   1.5728487e-02   0.0000000e+00   2.3074128e-03   5.9691808e-03   0.0000000e+00   5.4080116e-04   3.2816537e-02   0.0000000e+00   8.0305383e-03   0.0000000e+00   2.2971576e-02   0.0000000e+00   4.0350439e-02   5.0479542e-02   1.0434851e-01
   1.5882785e-02   0.0000000e+00   3.4288890e-02   0.0000000e+00   0.0000000e+00   1.2841254e-02   2.1726985e-02   0.0000000e+00   0.0000000e+00   5.7384619e-02   0.0000000e+00   0.0000000e+00   2.3074128e-03   5.9691808e-03   0.0000000e+00   5.4080116e-04   3.2816537e-02   0.0000000e+00   8.0305383e-03   0.0000000e+00   2.2971576e-02   0.0000000e+00   0.0000000e+00   0.0000000e+00   1.0434851e-01
   1.5882785e-02   0.0000000e+00   2.6763367e-02   0.0000000e+00   0.0000000e+00   1.2841254e-02   2.1726985e-02   0.0000000e+00   0.0000000e+00   5.7384619e-02   0.0000000e+00   0.0000000e+00   2.3074128e-03   5.9691808e-03   0.0000000e+00   0.0000000e+00   3.2816537e-02   0.0000000e+00   8.0305383e-03   0.0000000e+00   0.0000000e+00   0.0000000e+00   0.0000000e+00   0.0000000e+00   0.0000000e+00
   1.5882785e-02   0.0000000e+00   2.6763367e-02   0.0000000e+00   0.0000000e+00   1.2841254e-02   2.1726985e-02   0.0000000e+00   0.0000000e+00   5.7384619e-02   0.0000000e+00   0.0000000e+00   2.3074128e-03   5.9691808e-03   0.0000000e+00   0.0000000e+00   0.0000000e+00   0.0000000e+00   8.0305383e-03   0.0000000e+00   0.0000000e+00   0.0000000e+00   0.0000000e+00   0.0000000e+00   0.0000000e+00
   1.5882785e-02   0.0000000e+00   0.0000000e+00   0.0000000e+00   0.0000000e+00   1.2841254e-02   2.1726985e-02   0.0000000e+00   0.0000000e+00   5.7384619e-02   0.0000000e+00   0.0000000e+00   2.3074128e-03   5.9691808e-03   0.0000000e+00   0.0000000e+00   0.0000000e+00   0.0000000e+00   8.0305383e-03   0.0000000e+00   0.0000000e+00   0.0000000e+00   0.0000000e+00   0.0000000e+00   0.0000000e+00
   1.5882785e-02   0.0000000e+00   0.0000000e+00   0.0000000e+00   0.0000000e+00   0.0000000e+00   1.6399406e-02   0.0000000e+00   0.0000000e+00   1.2655839e-02   0.0000000e+00   0.0000000e+00   2.3074128e-03   5.9691808e-03   0.0000000e+00   0.0000000e+00   0.0000000e+00   0.0000000e+00   0.0000000e+00   0.0000000e+00   0.0000000e+00   0.0000000e+00   0.0000000e+00   0.0000000e+00   0.0000000e+00
