   6.5108145e-01   9.3676154e-01   3.9063245e-01   9.5637937e-01   7.4508662e-01   8.9137768e-01   4.9199003e-01   5.4601474e-01   7.7043170e-01   3.0510162e-01   7.9686268e-01   9.0714001e-01   8.9151478e-01   7.4273560e-01   7.7167976e-01   3.7602362e-01   4.7610899e-01   4.6655800e-01   9.3670791e-01   6.8483873e-01   4.6378366e-01   7.4751791e-01   4.1919923e-01   4.4680555e-01   4.5206812e-01
   6.5108145e-01   9.3676154e-01   3.9063245e-01   7.7634959e-01   1.0596529e+00   8.9137768e-01   4.9199003e-01   5.4601474e-01   7.7043170e-01   4.3200384e-01   7.9686268e-01   9.0714001e-01   1.5720975e-01   5.6907670e-01   7.7167976e-01   3.7602362e-01   4.8297016e-01   3.8954785e-01   5.4595721e-01   1.0059868e+00   4.6378366e-01   7.4751791e-01   1.1343711e+00   7.1774797e-01   4.5206812e-01
   3.4370883e-01   9.3676154e-01   9.4691168e-02   1.1296599e+00   3.0308260e-01   4.1722775e-01   7.5253517e-01   5.4601474e-01   7.1688294e-01   4.0005038e-01   1.2361355e-01   1.3616991e+00   7.1725005e-02   5.2448035e-01   7.7167976e-01   1.3704686e-01   1.1010224e-01   8.7594840e-01   3.4395011e-01   6.6229772e-01   4.9185178e-01   6.7632876e-01   5.8519076e-01   2.5953985e-01   8.7504716e-02
   3.8626398e-02   1.0780206e+00   3.3970192e-02   1.2982342e-01   3.6359033e-01   8.0666040e-01   2.1737982e-01   4.2559315e-02   1.4328237e-01   4.5060666e-02   2.5097480e-02   1.0047082e+00   6.7209313e-01   4.6122835e-01   1.1332346e-01   3.0848463e-02   1.1010224e-01   5.5786134e-02   5.7012707e-02   8.1360046e-02   1.1114259e-01   2.1605320e-01   4.8479038e-02   5.1204755e-02   3.2233387e-02
   3.8591065e-02   9.5396059e-01   3.3970192e-02   1.2982342e-01   3.6359033e-01   2.5551589e-01   2.1737982e-01   3.6670281e-02   5.7551606e-02   4.5044477e-02   2.5097480e-02   1.0047082e+00   4.4882264e-01   7.4557857e-01   3.7664367e-02   3.0711968e-02   1.1010224e-01   5.5662180e-02   7.7866716e-01   8.1360046e-02   1.1114259e-01   2.1605320e-01   4.8479038e-02   5.1204755e-02   3.2233387e-02
   3.8591065e-02   8.2153437e-01   3.3970192e-02   1.2982342e-01   3.6359033e-01   2.5551589e-01   2.1737982e-01   3.6670281e-02   5.7551606e-02   4.5044477e-02   2.5097480e-02   1.0047082e+00   3.9669448e-01   7.4557857e-01   3.7664367e-02   3.0711968e-02   1.1010224e-01   5.5662180e-02   6.0071069e-01   8.1360046e-02   1.1114259e-01   2.1605320e-01   4.8479038e-02   5.1204755e-02   3.2233387e-02
   3.8591065e-02   8.2153437e-01   3.3970192e-02   1.2982342e-01   3.6359033e-01   2.5551589e-01   2.1737982e-01   3.6670281e-02   5.7551606e-02   4.5044477e-02   2.5097480e-02   1.0047082e+00   3.9669448e-01   7.4557857e-01   3.7664367e-02   3.0711968e-02   1.1010224e-01   5.5662180e-02   6.0071069e-01   8.1360046e-02   1.1114259e-01   2.1605320e-01   4.8479038e-02   5.1204755e-02   3.2233387e-02
   3.8591065e-02   8.2153437e-01   3.3970192e-02   1.2982342e-01   3.6359033e-01   2.5551589e-01   2.1737982e-01   3.6670281e-02   5.7551606e-02   4.5044477e-02   2.5097480e-02   1.0047082e+00   3.9669448e-01   7.4557857e-01   3.7664367e-02   3.0711968e-02   1.1010224e-01   5.5662180e-02   6.0071069e-01   8.1360046e-02   1.1114259e-01   2.1605320e-01   4.8479038e-02   5.1204755e-02   3.2233387e-02
   3.8591065e-02   8.2153437e-01   3.3970192e-02   1.2982342e-01   3.6359033e-01   2.5551589e-01   2.1737982e-01   3.6670281e-02   5.7551606e-02   4.5044477e-02   2.5097480e-02   5.6064389e-02   3.9669448e-01   7.4557857e-01   3.7664367e-02   3.0711968e-02   1.1010224e-01   5.5662180e-02   6.0071069e-01   8.1360046e-02   1.1114259e-01   2.1605320e-01   4.8479038e-02   5.1204755e-02   3.2233387e-02
   3.8591065e-02   8.2153437e-01   3.3970192e-02   1.2083653e-01   5.4634132e-02   9.0340805e-02   9.7057436e-02   3.6670281e-02   5.7551606e-02   4.5044477e-02   2.5097480e-02   3.5275226e-02   3.9669448e-01   3.1259909e-01   3.7664367e-02   3.0711968e-02   1.1010224e-01   5.5662180e-02   6.0071069e-01   8.1360046e-02   5.8734121e-02   5.7711683e-02   4.8479038e-02   5.1204755e-02   3.2233387e-02
