10805.31593306 4397.81033806 4084.07627212 4232.66444075 4557.35534971 4831.41321485 4150.98532194 3999.00641569 8415.60885469 4096.61483069 7227.77121002 3657.40551746 5277.51541290 6572.65363833 11359.40914591 4272.93240253 9493.78725633 4846.30107370 4763.11564509 4135.01576123 5167.30378782 3956.28821986 7191.17267720 5909.35695398 7133.80165215
7684.98826644 4302.07803943 4076.91761748 4286.72883091 4530.01338563 4224.61691370 4132.46398522 4221.61273276 7366.10761102 4172.44830598 6197.70290716 4511.48954341 4276.91705418 4274.50398364 10927.00681376 4364.78016098 3882.12586965 7348.82119792 4764.22526787 4135.54709317 4154.40304070 3940.14563841 5902.89800708 5909.35695398 6442.82838044
4241.33260341 4290.78252137 4147.12957395 4299.88281709 4530.01338563 4055.18658262 4154.82355660 4245.89239066 4461.06294978 4149.36602951 4428.35604068 4479.53511793 4293.93740345 4196.37441565 4651.45181674 4353.67242418 4064.38962192 4086.11680025 5138.63603118 4135.12137562 4244.84347783 4526.48481058 5723.52602389 5909.35695398 6147.59078709
4297.36821443 4290.40046352 4149.59119371 4266.59790673 4219.92510242 4145.62330383 4155.69398813 4245.89239066 4461.06294978 4206.42858767 4243.14939040 4518.43238036 4321.12126517 4450.09110665 4138.24392174 4275.21380204 4079.22900169 4327.80662554 4252.30151586 4135.12137562 4244.84347783 4238.01679668 5723.52602389 5909.35695398 4147.40816523
4297.23127736 4290.40046352 4149.59119371 4280.52071543 4284.19237945 4145.62330383 3976.99843294 4245.89239066 4220.17313279 4215.03228131 4290.10480999 4531.34268999 4324.00426067 4405.20469074 4262.91320213 4285.05443425 4388.03892117 4267.35785976 4231.72847282 4135.12137562 4244.84347783 4285.76137231 4236.24550115 5909.35695398 4120.45071037
4287.74485656 4128.76573322 4371.87881122 4280.52071543 4284.19237945 4145.62330383 4256.15743958 4245.89239066 4353.92542972 4288.86160631 4468.43007288 4533.21693884 4186.26734406 4405.20469074 4265.64147487 4285.05443425 4395.57015445 4249.44637650 4248.13127614 4285.23078176 4251.18281168 4285.76137231 4258.99851310 5909.35695398 4125.69826850
4168.10190532 4128.76573322 4502.36382262 4280.52071543 4303.27506924 4230.23180377 4262.94660976 4245.89239066 4361.52704444 4455.81590795 4460.12322193 4540.39602704 4243.78284660 4405.20469074 4265.74345345 4285.05443425 4419.44539167 4250.28397353 4251.93652983 4286.42390240 4254.92920647 4300.31899605 4264.18570040 4335.52478831 4125.63713467
4549.51154766 4128.76573322 4548.61364598 4432.67658467 4331.34240325 4252.14563203 4262.94660976 4245.89239066 4361.59214793 4512.72257261 4460.12322193 4542.07149326 4247.11316723 4405.20469074 4265.74345345 4285.05443425 4419.44539167 4250.28397353 4252.77118095 4286.88837336 4254.92920647 4300.31899605 4264.18570040 3967.07358685 4125.63720726
4549.72710080 4128.76573322 4548.62314385 4455.39184564 4331.34950943 4333.23646380 4262.94660976 4245.89239066 4493.55787722 4517.96263842 4460.12322193 4542.07149326 4247.11316723 4405.20469074 4265.74345345 4331.56918697 4419.44539167 4250.28397353 4252.77118095 4286.91634670 4254.92920647 4300.31899605 4264.18570040 3993.56747776 4125.63720726
4550.61345930 4128.76573322 4548.62314385 4461.16608686 4331.35151221 4333.23646380 4240.43820066 4376.64566638 4505.29747104 4517.96263842 4311.77916679 4542.07149326 4247.11316723 4405.20469074 4265.74345345 4371.51606860 4419.44539167 4250.28397353 4252.77118095 4285.97909913 4254.92920647 4300.31899605 4264.18570040 4029.48308088 4350.64487948
