  6.68791879   8.88647316   6.76780694   8.25466320   7.52598813   5.97069343   7.79830511   7.46045014   6.31589011   7.11467383   6.84295132   5.34324412   7.96429696   6.14622014   8.52344940   7.07449851   6.14151984   7.31056246   6.81616223   9.43967897   6.68003893   5.86264705   7.30925798   6.55289404   5.36138176
  3.98967856   5.03895795   5.18762301   7.32693399   5.35817455   3.40970068   4.87122493   6.12852741   3.67654753   4.74738720   5.20503616   7.06562441   7.45439704   5.87786006   5.82115035   5.05136692   6.17910215   4.17854634   5.81145913   6.12243760   7.90252810   4.38504066   6.40616698   5.50734702   4.80388582
  3.65736750   5.03895795   5.18762301   6.09626044   5.32661331   3.40970068   4.42958129   5.24311112   3.67654753   6.56659345   5.20503616   4.45723983   5.26241193   5.87786006   4.14673003   6.11043586   6.17910215   4.22716995   5.16978803   4.77425860   5.95775994   4.01365010   4.97857593   4.17659628   5.17781071
  3.58125128   5.03895795   5.18762301   6.09626044   5.32661331   3.40970068   4.42958129   4.98851070   3.67654753   5.84144382   5.20503616   3.69241837   5.25926866   5.87786006   3.73459450   3.93553022   6.17910215   4.18110817   5.16978803   4.77425860   4.96251807   4.01365010   4.97857593   4.17659628   4.64843705
  3.58125128   5.03895795   5.18762301   6.09626044   5.32661331   3.40970068   4.42958129   4.98851070   3.67654753   4.68466107   5.20503616   3.69241837   5.25926866   5.87786006   3.73459450   3.93553022   6.17910215   4.18110817   5.16978803   4.77425860   4.63371408   4.01365010   4.97857593   4.17659628   4.64403191
  3.58125128   5.03895795   5.18762301   6.09626044   5.32661331   3.40970068   4.42958129   4.98851070   3.67654753   3.61124227   5.20503616   3.69241837   5.25926866   5.87786006   3.73459450   3.93553022   6.17910215   4.18110817   5.16978803   4.77425860   3.63820363   4.01365010   4.97857593   4.17659628   4.64403191
  3.58125128   4.66705780   5.18762301   6.09626044   5.32661331   3.40970068   4.42958129   4.98851070   3.67654753   3.61124227   5.20503616   3.69241837   4.45634326   5.42102230   3.73459450   3.93553022   6.17910215   4.18110817   5.16978803   4.77425860   3.31697382   4.01365010   4.97857593   4.17659628   4.64403191
  3.58125128   4.66705780   5.18762301   6.09626044   5.32661331   3.40970068   4.42958129   4.98851070   3.67654753   3.61124227   5.20503616   3.69241837   4.45634326   5.42102230   3.73459450   3.93553022   6.17910215   4.18110817   5.16978803   4.77425860   3.31697382   4.01365010   4.97857593   4.17659628   4.64403191
  3.58125128   4.66705780   5.18762301   6.09626044   5.32661331   3.40970068   4.42958129   4.98851070   3.67654753   3.61124227   3.95909031   3.69241837   4.45634326   5.42102230   3.73459450   3.93553022   6.17910215   4.18110817   5.16978803   4.77425860   3.31697382   4.01365010   4.79368508   4.17659628   4.64403191
  3.58125128   4.66705780   5.18762301   6.09626044   5.32661331   3.40970068   4.42958129   4.98851070   3.67654753   3.61124227   3.95909031   3.69241837   4.45634326   5.42102230   3.73459450   3.93553022   6.17910215   4.18110817   5.16978803   4.77425860   3.31697382   4.01365010   4.79368508   4.17659628   4.64403191
