  0.20952766   0.36090883   0.28016771   0.28513605   0.22822558   0.20107856   0.16863696   0.22666546   0.25294614   0.18393717   0.19537199   0.10555523   0.45940691   0.20599575   0.14167719   0.18877203   0.18818312   0.14881110   0.45667527   0.14925427   0.19549081   0.27498005   0.41776398   0.18384764   0.80747454
  0.18512149   0.19919233   0.28016771   0.14683919   0.09767337   0.13789835   0.14587680   0.18727309   0.09403602   0.11342247   0.11800661   0.10555523   0.20719409   0.12499517   0.08051625   0.16337692   0.18033420   0.14881110   0.33628341   0.14925427   0.14429519   0.12819929   0.17725940   0.18384764   0.29298038
  0.18512149   0.09690047   0.28016771   0.14683919   0.08427680   0.13789835   0.14587680   0.18727309   0.09403602   0.11342247   0.11800661   0.10555523   0.20719409   0.12499517   0.07269079   0.13730145   0.14837483   0.14881110   0.08377033   0.14925427   0.14429519   0.09512107   0.17725940   0.18189499   0.23288549
  0.14872431   0.07368950   0.28016771   0.14683919   0.08427680   0.13789835   0.11528257   0.17523931   0.09403602   0.11342247   0.11800661   0.10555523   0.13132462   0.10748131   0.07269079   0.13730145   0.12254039   0.14881110   0.08100905   0.14925427   0.14429519   0.09512107   0.17725940   0.13030391   0.20483553
  0.14872431   0.07368950   0.28016771   0.14683919   0.08427680   0.13789835   0.11528257   0.10300232   0.09403602   0.11342247   0.11800661   0.07257986   0.13132462   0.10748131   0.07269079   0.12603689   0.12254039   0.12664944   0.08100905   0.14925427   0.11322105   0.09512107   0.17725940   0.07644279   0.20483553
  0.14872431   0.07368950   0.23220444   0.13473734   0.08427680   0.13789835   0.11528257   0.10300232   0.09403602   0.11342247   0.11800661   0.07257986   0.13132462   0.10748131   0.07269079   0.12046032   0.12254039   0.12664944   0.08100905   0.14925427   0.11322105   0.09512107   0.17725940   0.07644279   0.20483553
  0.14872431   0.07368950   0.13085726   0.13473734   0.08427680   0.07663482   0.11528257   0.10300232   0.09292600   0.11342247   0.11800661   0.07257986   0.13132462   0.10748131   0.07269079   0.12046032   0.12254039   0.12664944   0.08100905   0.14925427   0.11322105   0.09512107   0.11260786   0.07644279   0.18733866
  0.14048484   0.07368950   0.13085726   0.13473734   0.08427680   0.07663482   0.11528257   0.10300232   0.09292600   0.11342247   0.07681994   0.07257986   0.13132462   0.10748131   0.07269079   0.12046032   0.12254039   0.12664944   0.08100905   0.13274461   0.11322105   0.09512107   0.08439648   0.07644279   0.18733866
  0.09756757   0.07368950   0.13085726   0.08351289   0.08427680   0.07663482   0.11528257   0.10300232   0.09292600   0.11342247   0.07681994   0.07257986   0.12218060   0.10748131   0.07269079   0.12046032   0.12254039   0.12664944   0.08100905   0.08754024   0.11322105   0.09512107   0.08439648   0.07644279   0.13894119
  0.07255519   0.07368950   0.09516816   0.08351289   0.08427680   0.07663482   0.11528257   0.10300232   0.09292600   0.11342247   0.07681994   0.07257986   0.06042175   0.10748131   0.07269079   0.12046032   0.12254039   0.11997208   0.08100905   0.08754024   0.11322105   0.09512107   0.08439648   0.07644279   0.13894119
