  0.01604413   0.02756286   0.00791412   0.00470454   0.00000000   0.00000000   0.01998214   0.16860881   0.11741484   0.19768644   0.00000000   0.00000000   0.00000000   0.03069208   0.01626758   0.00000000   0.01251957   0.02195173   0.01748503   0.01391320   0.03307410   0.01172025   0.01100331   0.03823243   0.00000000
  0.01084787   0.02556553   0.00000000   0.00000000   0.00000000   0.00000000   0.01039113   0.09542769   0.10954279   0.18588487   0.00000000   0.00000000   0.00000000   0.00000000   0.00516660   0.00000000   0.00941353   0.00000000   0.01508817   0.00744426   0.02880862   0.00000000   0.01037048   0.02287460   0.00000000
  0.00000000   0.02214429   0.00000000   0.00000000   0.00000000   0.00000000   0.00000000   0.01832146   0.10846982   0.06271473   0.00000000   0.00000000   0.00000000   0.00000000   0.00293723   0.00000000   0.00772530   0.00000000   0.01403344   0.00000000   0.02767819   0.00000000   0.00765400   0.00198966   0.00000000
  0.00000000   0.00470239   0.00000000   0.00000000   0.00000000   0.00000000   0.00000000   0.00000000   0.01229556   0.00000000   0.00000000   0.00000000   0.00000000   0.00000000   0.00000000   0.00000000   0.00000000   0.00000000   0.01003925   0.00000000   0.02729619   0.00000000   0.00121987   0.00000000   0.00000000
  0.00000000   0.00000000   0.00000000   0.00000000   0.00000000   0.00000000   0.00000000   0.00000000   0.00000000   0.00000000   0.00000000   0.00000000   0.00000000   0.00000000   0.00000000   0.00000000   0.00000000   0.00000000   0.00225972   0.00000000   0.02669301   0.00000000   0.00000000   0.00000000   0.00000000
  0.00000000   0.00000000   0.00000000   0.00000000   0.00000000   0.00000000   0.00000000   0.00000000   0.00000000   0.00000000   0.00000000   0.00000000   0.00000000   0.00000000   0.00000000   0.00000000   0.00000000   0.00000000   0.00040898   0.00000000   0.02603471   0.00000000   0.00000000   0.00000000   0.00000000
  0.00000000   0.00000000   0.00000000   0.00000000   0.00000000   0.00000000   0.00000000   0.00000000   0.00000000   0.00000000   0.00000000   0.00000000   0.00000000   0.00000000   0.00000000   0.00000000   0.00000000   0.00000000   0.00000000   0.00000000   0.00314911   0.00000000   0.00000000   0.00000000   0.00000000
  0.00000000   0.00000000   0.00000000   0.00000000   0.00000000   0.00000000   0.00000000   0.00000000   0.00000000   0.00000000   0.00000000   0.00000000   0.00000000   0.00000000   0.00000000   0.00000000   0.00000000   0.00000000   0.00000000   0.00000000   0.00314911   0.00000000   0.00000000   0.00000000   0.00000000
  0.00000000   0.00000000   0.00000000   0.00000000   0.00000000   0.00000000   0.00000000   0.00000000   0.00000000   0.00000000   0.00000000   0.00000000   0.00000000   0.00000000   0.00000000   0.00000000   0.00000000   0.00000000   0.00000000   0.00000000   0.00314911   0.00000000   0.00000000   0.00000000   0.00000000
  0.00000000   0.00000000   0.00000000   0.00000000   0.00000000   0.00000000   0.00000000   0.00000000   0.00000000   0.00000000   0.00000000   0.00000000   0.00000000   0.00000000   0.00000000   0.00000000   0.00000000   0.00000000   0.00000000   0.00000000   0.00000000   0.00000000   0.00000000   0.00000000   0.00000000
