  1.50553031   0.96236876   0.67415470   0.90027398   1.01695854   1.00444049   0.84344724   1.44378284   1.27701793   0.64699183   0.46677552   0.91810896   1.39446410   0.71466010   0.64502753   0.73179614   0.66566222   0.49831197   1.14994124   1.18147333   0.66174117   0.48813790   0.86440497   0.82296418   0.35595848
  1.05716272   0.59304290   0.62435672   0.47763751   1.01695854   1.00444049   0.60788321   1.42131293   0.70705856   0.64699183   0.46677552   0.91810896   1.39446410   0.71466010   0.59507421   0.73179614   0.66566222   0.49831197   1.14994124   1.12894570   0.66174117   0.48813790   0.56111199   0.77235621   0.35595848
  0.88336651   0.40174356   0.62435672   0.47763751   0.95687350   0.85908355   0.60788321   0.58176695   0.70705856   0.64699183   0.46677552   0.31615423   0.95538089   0.43393521   0.48382134   0.38752838   0.39777065   0.49831197   0.38587589   1.12894570   0.66174117   0.48813790   0.56111199   0.54273847   0.35595848
  0.77896691   0.40174356   0.55259707   0.47763751   0.95687350   0.85908355   0.53254484   0.58176695   0.70705856   0.64699183   0.46677552   0.31615423   0.95538089   0.43393521   0.48382134   0.38752838   0.39777065   0.49831197   0.38587589   0.89128395   0.66174117   0.48813790   0.56111199   0.54273847   0.35595848
  0.77896691   0.23031270   0.55259707   0.47763751   0.95687350   0.85908355   0.53254484   0.58176695   0.70705856   0.64699183   0.46677552   0.31615423   0.95538089   0.43393521   0.48382134   0.38752838   0.39777065   0.49831197   0.38587589   0.41234566   0.66174117   0.48813790   0.56111199   0.54273847   0.35595848
  0.77896691   0.23031270   0.55259707   0.47763751   0.79290301   0.85908355   0.53254484   0.58176695   0.70705856   0.64699183   0.46677552   0.31615423   0.95538089   0.43393521   0.48382134   0.38752838   0.39777065   0.49831197   0.38587589   0.41234566   0.66174117   0.48813790   0.56111199   0.54273847   0.35595848
  0.77896691   0.23031270   0.42959257   0.47763751   0.77911030   0.85908355   0.53254484   0.58176695   0.70705856   0.64699183   0.46677552   0.31615423   0.95538089   0.43393521   0.48382134   0.38752838   0.39777065   0.49831197   0.38587589   0.41234566   0.56145983   0.48813790   0.56111199   0.54273847   0.35595848
  0.77896691   0.23031270   0.42959257   0.47763751   0.77321830   0.85908355   0.53254484   0.31121182   0.70705856   0.64699183   0.46677552   0.31615423   0.95538089   0.43393521   0.48382134   0.38752838   0.39777065   0.48577702   0.38587589   0.41234566   0.56145983   0.48813790   0.56111199   0.54273847   0.35595848
  0.74039559   0.23031270   0.25003729   0.47763751   0.77321830   0.72092426   0.53254484   0.31121182   0.70705856   0.54851103   0.46677552   0.31615423   0.91660946   0.43393521   0.48382134   0.20507370   0.18711223   0.48577702   0.38587589   0.41234566   0.56145983   0.48813790   0.56111199   0.41054090   0.35595848
  0.74039559   0.23031270   0.25003729   0.47763751   0.59585952   0.72092426   0.53254484   0.31121182   0.70705856   0.39245857   0.46677552   0.31615423   0.91660946   0.43393521   0.48382134   0.20507370   0.18711223   0.48577702   0.38587589   0.40428166   0.56145983   0.48813790   0.56111199   0.41054090   0.35595848
