3255.55689893 2787.51356964 2427.70448953 2311.21051242 1733.64603529 2236.14836477 4648.79151696 2645.10085780 2412.73484728 5149.25432805 5521.63992724 3686.88434682 2645.49244222 2151.03211206 1691.04313783 3078.83094325 1928.41807787 1856.19543362 2655.31138776 3159.34704754 4228.54076505 3261.17855100 2174.88268880 2318.62087151 2320.61448839
2088.87174844 1889.84923284 1882.58017644 2311.21051242 1733.64603529 2236.14836477 2349.69653494 2374.38342612 2412.73484728 2968.76534733 2485.73727405 1811.95392145 2242.52458244 2151.03211206 1691.04313783 1944.15878906 1928.41807787 1851.11765962 2655.31138776 2114.99714292 1754.16394756 3261.17855100 2067.15875706 1890.26336311 2320.61448839
1945.81932117 1889.84923284 1882.58017644 1831.33507568 1733.64603529 1803.58102248 2349.23088817 2374.38342612 1949.09771590 2056.81725260 2485.73727405 1811.95392145 2242.52458244 2151.03211206 1691.04313783 1944.15878906 1784.05101662 1851.11765962 1934.85058171 1944.35223575 1754.16394756 1845.64851259 1659.57413643 1863.44097546 1900.71378853
1688.66977067 1889.84923284 1810.40600237 1798.38149968 1733.64603529 1734.56481541 1843.37471355 1914.68800664 1829.26794313 2056.81725260 2485.73727405 1811.95392145 1616.53662411 1860.24402539 1691.04313783 1944.15878906 1784.05101662 1851.11765962 1802.45057833 1944.35223575 1754.16394756 1845.64851259 1645.10918765 1863.44097546 1739.77926383
1678.44833764 1735.61192866 1787.32165751 1798.38149968 1733.64603529 1734.50572659 1675.73226837 1789.19000602 1812.22597865 2056.81725260 2375.75675985 1811.95392145 1616.11976505 1698.55260017 1691.04313783 1944.15878906 1784.05101662 1851.11765962 1802.45057833 1944.35223575 1754.16394756 1845.64851259 1645.10918765 1863.44097546 1732.28111964
1678.44833764 1735.61192866 1787.31648422 1757.26181455 1733.64603529 1734.50572659 1655.17733792 1789.19000602 1812.22597865 2056.81725260 2130.01687380 1811.95392145 1616.11976505 1698.55260017 1691.04313783 1944.15878906 1784.05101662 1851.11765962 1802.45057833 1944.35223575 1754.16394756 1845.64851259 1645.10918765 1695.50264238 1732.28111964
1678.44833764 1616.12021522 1787.31648422 1748.67299791 1733.64603529 1734.50572659 1655.17733792 1789.19000602 1812.22597865 1834.81399193 2129.27761648 1616.19320925 1616.11976505 1698.55260017 1691.04313783 1944.15878906 1784.05101662 1851.11765962 1802.45057833 1851.66854896 1754.16394756 1782.09146218 1645.10918765 1674.44888002 1620.09321736
1678.44833764 1616.11976505 1787.31648422 1748.67299791 1733.64603529 1734.50572659 1655.17733792 1768.96933862 1725.31457624 1792.15328301 1749.01715260 1616.19320925 1616.11976505 1698.55260017 1691.04313783 1802.04434145 1784.05101662 1851.11765962 1736.33654457 1843.56076021 1754.16394756 1754.76818332 1645.10918765 1674.44888002 1616.11976505
1678.44833764 1616.11976505 1787.31648422 1748.67299791 1733.64603529 1652.28398293 1655.17733792 1768.96933862 1633.09847644 1771.84401269 1680.54616405 1616.19320925 1616.11976505 1698.55260017 1691.04313783 1802.04434145 1784.05101662 1851.11765962 1685.11486910 1843.56076021 1754.16394756 1754.76818332 1616.11976505 1674.44888002 1616.11976505
1678.44833764 1616.11976505 1787.31648422 1748.67299791 1733.64603529 1652.28398293 1655.17733792 1768.96933862 1633.09847644 1771.84401269 1680.54616405 1616.19320925 1616.11976505 1698.55260017 1691.04313783 1802.04434145 1784.05101662 1702.42861078 1685.11486910 1843.56076021 1754.16394756 1754.76818332 1616.11976505 1674.44888002 1616.11976505
