3011.17164567 3004.13542517 2999.36099039 3029.12151998 2997.71253162 3004.30814801 3006.81007626 3006.48386443 2999.49270644 2994.98754010 3032.67185651 3004.35397926 2998.88361257 2997.17582413 2994.52731728 2997.46582372 2994.56060739 2994.48130540 2994.42447923 2994.81208783 3001.97307103 3004.88996913 3008.54320392 3046.53203520 3006.88120865
3003.75029315 3000.75743012 2999.36099039 2994.42458910 2994.68626523 3001.65625155 2999.17812705 3001.53238531 2999.49270644 2994.43788922 3000.71878089 2996.02696294 2994.43193526 2997.17582413 2994.42781015 2994.50387306 2994.56060739 2994.46519089 2994.42447094 2994.42472934 2994.42446593 3004.88996913 2994.58841516 2995.94986722 3002.99022878
2997.67217323 2998.10525942 2999.36099039 2994.42453685 2994.42457588 2994.51947989 2994.45702483 2994.42448465 2994.42529232 2994.43788922 2994.42447094 2994.42494121 2994.42446576 2994.42448129 2994.42781015 2994.42446627 2994.42447127 2994.46519089 2994.42447094 2994.42472934 2994.42446581 2994.42446644 2994.58841516 2994.42446809 2994.42723661
2996.66012591 2994.42679667 2994.70050221 2994.42453685 2994.42446576 2994.42446576 2994.45702483 2994.42446576 2994.42529232 2994.43788922 2994.42447094 2994.42452782 2994.42446576 2994.42446576 2994.42781015 2994.42446627 2994.42446576 2994.42446576 2994.42447094 2994.42472934 2994.42446576 2994.42446576 2994.58841516 2994.42446585 2994.42446576
2996.66012591 2994.42446576 2994.42446576 2994.42453685 2994.42446576 2994.42446576 2994.42473552 2994.42446576 2994.42446576 2994.42446576 2994.42447094 2994.42452782 2994.42446576 2994.42446576 2994.42577159 2994.42446576 2994.42446576 2994.42446576 2994.42447094 2994.42446576 2994.42446576 2994.42446576 2994.58841516 2994.42446583 2994.42446576
2996.52887577 2994.42446576 2994.42446576 2994.42446576 2994.42446576 2994.42446576 2994.42446576 2994.42446576 2994.42446576 2994.42446576 2994.42446576 2994.42452782 2994.42446576 2994.42446576 2994.42446576 2994.42446576 2994.42446576 2994.42446576 2994.42447094 2994.42446576 2994.42446576 2994.42446576 2994.58841516 2994.42446576 2994.42446576
2994.42446576 2994.42446576 2994.42446576 2994.42446576 2994.42446576 2994.42446576 2994.42446576 2994.42446576 2994.42446576 2994.42446576 2994.42446576 2994.42452782 2994.42446576 2994.42446576 2994.42446576 2994.42446576 2994.42446576 2994.42446576 2994.42446579 2994.42446576 2994.42446576 2994.42446576 2994.42446576 2994.42446576 2994.42446576
2994.42446576 2994.42446576 2994.42446576 2994.42446576 2994.42446576 2994.42446576 2994.42446576 2994.42446576 2994.42446576 2994.42446576 2994.42446576 2994.42446583 2994.42446576 2994.42446576 2994.42446576 2994.42446576 2994.42446576 2994.42446576 2994.42446576 2994.42446576 2994.42446576 2994.42446576 2994.42446576 2994.42446576 2994.42446576
2994.42446576 2994.42446576 2994.42446576 2994.42446576 2994.42446576 2994.42446576 2994.42446576 2994.42446576 2994.42446576 2994.42446576 2994.42446576 2994.42446576 2994.42446576 2994.42446576 2994.42446576 2994.42446576 2994.42446576 2994.42446576 2994.42446576 2994.42446576 2994.42446576 2994.42446576 2994.42446576 2994.42446576 2994.42446576
2994.42446576 2994.42446576 2994.42446576 2994.42446576 2994.42446576 2994.42446576 2994.42446576 2994.42446576 2994.42446576 2994.42446576 2994.42446576 2994.42446576 2994.42446576 2994.42446576 2994.42446576 2994.42446576 2994.42446576 2994.42446576 2994.42446576 2994.42446576 2994.42446576 2994.42446576 2994.42446576 2994.42446576 2994.42446576
