14700.23154482 14672.42205687 14624.12329866 15315.51116510 16609.11081401 14683.82720379 14645.79600095 14700.32814174 14697.05855317 14683.63841450 14659.27099248 14696.17823056 15382.64945259 14687.59548738 14907.95538869 14700.47529832 14699.43167091 14672.99364590 14641.50134278 14686.60960287 14700.79968895 14700.76790158 14698.96747596 17994.85667612 14643.36521667
14674.35159650 14657.95775124 14624.12329866 14661.91119384 14618.19095375 14642.65727291 14642.30278858 14699.42926860 14695.87219920 14630.33986518 14659.27099248 14696.17823056 14614.13571503 14614.13571503 14658.42628158 14700.47529832 14699.43167091 14614.13571503 14619.69959006 14686.40425532 14639.12446680 14700.76609550 14698.96747596 14675.19701532 14643.36521667
14645.86171224 14657.95775124 14616.82574693 14661.36088386 14616.37159527 14642.65727291 14614.21718473 14682.13769853 14695.83148014 14630.33986518 14659.27099248 14644.09570294 14614.13571503 14614.13571503 14651.91080047 14658.59010198 14672.03399621 14614.13571503 14614.13571503 14672.32438238 14638.98533000 14614.13571503 14657.21541692 14664.90395356 14628.39140110
14632.13213353 14657.95775124 14616.82574693 14624.34339263 14616.37159527 14642.65727291 14614.21718473 14682.13769853 14614.39715395 14630.33986518 14659.27099248 14614.13618072 14614.13571503 14614.13571503 14651.91080047 14658.59010198 14672.03399621 14614.13571503 14614.13571503 14672.32438238 14638.98533000 14614.13571503 14657.21541692 14664.90395356 14616.91940318
14614.13571503 14614.14389346 14614.15095967 14614.13571507 14616.37159527 14642.65727291 14614.21718473 14682.13769853 14614.13571503 14614.13571641 14659.27099248 14614.13571503 14614.13571503 14614.13571503 14614.14575143 14619.67679514 14630.56269319 14614.13571503 14614.13571503 14614.13643850 14614.13572532 14614.13571503 14614.13587986 14664.90395356 14616.91940318
14614.13571503 14614.13571503 14614.13571503 14614.13571503 14616.37159527 14614.13572446 14614.21718473 14615.01311869 14614.13571503 14614.13571503 14659.27099248 14614.13571503 14614.13571503 14614.13571503 14614.13571503 14614.13571503 14614.13571521 14614.13571503 14614.13571503 14614.13571503 14614.13571503 14614.13571503 14614.13571503 14614.13571503 14616.91940318
14614.13571503 14614.13571503 14614.13571503 14614.13571503 14616.37159527 14614.13571503 14614.18176686 14614.13571503 14614.13571503 14614.13571503 14659.27099248 14614.13571503 14614.13571503 14614.13571503 14614.13571503 14614.13571503 14614.13571503 14614.13571503 14614.13571503 14614.13571503 14614.13571503 14614.13571503 14614.13571503 14614.13571503 14616.91940318
14614.13571503 14614.13571503 14614.13571503 14614.13571503 14616.37159527 14614.13571503 14614.13571503 14614.13571503 14614.13571503 14614.13571503 14659.27099248 14614.13571503 14614.13571503 14614.13571503 14614.13571503 14614.13571503 14614.13571503 14614.13571503 14614.13571503 14614.13571503 14614.13571503 14614.13571503 14614.13571503 14614.13571503 14616.91940318
14614.13571503 14614.13571503 14614.13571503 14614.13571503 14616.37159527 14614.13571503 14614.13571503 14614.13571503 14614.13571503 14614.13571503 14659.27099248 14614.13571503 14614.13571503 14614.13571503 14614.13571503 14614.13571503 14614.13571503 14614.13571503 14614.13571503 14614.13571503 14614.13571503 14614.13571503 14614.13571503 14614.13571503 14615.76678923
14614.13571503 14614.13571503 14614.13571503 14614.13571503 14616.37159527 14614.13571503 14614.13571503 14614.13571503 14614.13571503 14614.13571503 14614.13571503 14614.13571503 14614.13571503 14614.13571503 14614.13571503 14614.13571503 14614.13571503 14614.13571503 14614.13571503 14614.13571503 14614.13571503 14614.13571503 14614.13571503 14614.13571503 14614.13571543
