26887.42221075 26887.42221075 26887.42221075 26887.42221075 26887.42221075 26887.42221075 26887.42221075 26887.42221075 26887.42221075 26887.42221075 26887.42221075 26887.42221075 26887.42221075 26887.42221075 26887.42221075 26887.42221075 26887.42221075 26887.42221075 26887.42221075 26887.42221075 26887.42221075 26887.42221075 26887.42221075 26887.42221075 26887.42221075
26887.42221075 26887.42221075 26887.42221075 26887.42221075 26887.42221075 26887.42221075 26887.42221075 26887.42221075 26887.42221075 26887.42221075 26887.42221075 26887.42221075 26887.42221075 26887.42221075 26887.42221075 26887.42221075 26887.42221075 26887.42221075 26887.42221075 26887.42221075 26887.42221075 26887.42221075 26887.42221075 26887.42221075 26887.42221075
26887.42221075 26887.42221075 26887.42221075 26887.42221075 26887.42221075 26887.42221075 26887.42221075 26887.42221075 26887.42221075 26887.42221075 26887.42221075 26887.42221075 26887.42221075 26887.42221075 26887.42221075 26887.42221075 26887.42221075 26887.42221075 26887.42221075 26887.42221075 26887.42221075 26887.42221075 26887.42221075 26887.42221075 26887.42221075
26887.42221075 26887.42221075 26887.42221075 26887.42221075 26887.42221075 26887.42221075 26887.42221075 26887.42221075 26887.42221075 26887.42221075 26887.42221075 26887.42221075 26887.42221075 26887.42221075 26887.42221075 26887.42221075 26887.42221075 26887.42221075 26887.42221075 26887.42221075 26887.42221075 26887.42221075 26887.42221075 26887.42221075 26887.42221075
26887.42221075 26887.42221075 26887.42221075 26887.42221075 26887.42221075 26887.42221075 26887.42221075 26887.42221075 26887.42221075 26887.42221075 26887.42221075 26887.42221075 26887.42221075 26887.42221075 26887.42221075 26887.42221075 26887.42221075 26887.42221075 26887.42221075 26887.42221075 26887.42221075 26887.42221075 26887.42221075 26887.42221075 26887.42221075
26887.42221075 26887.42221075 26887.42221075 26887.42221075 26887.42221075 26887.42221075 26887.42221075 26887.42221075 26887.42221075 26887.42221075 26887.42221075 26887.42221075 26887.42221075 26887.42221075 26887.42221075 26887.42221075 26887.42221075 26887.42221075 26887.42221075 26887.42221075 26887.42221075 26887.42221075 26887.42221075 26887.42221075 26887.42221075
26887.42221075 26887.42221075 26887.42221075 26887.42221075 26887.42221075 26887.42221075 26887.42221075 26887.42221075 26887.42221075 26887.42221075 26887.42221075 26887.42221075 26887.42221075 26887.42221075 26887.42221075 26887.42221075 26887.42221075 26887.42221075 26887.42221075 26887.42221075 26887.42221075 26887.42221075 26887.42221075 26887.42221075 26887.42221075
26887.42221075 26887.42221075 26887.42221075 26887.42221075 26887.42221075 26887.42221075 26887.42221075 26887.42221075 26887.42221075 26887.42221075 26887.42221075 26887.42221075 26887.42221075 26887.42221075 26887.42221075 26887.42221075 26887.42221075 26887.42221075 26887.42221075 26887.42221075 26887.42221075 26887.42221075 26887.42221075 26887.42221075 26887.42221075
26887.42221075 26887.42221075 26887.42221075 26887.42221075 26887.42221075 26887.42221075 26887.42221075 26887.42221075 26887.42221075 26887.42221075 26887.42221075 26887.42221075 26887.42221075 26887.42221075 26887.42221075 26887.42221075 26887.42221075 26887.42221075 26887.42221075 26887.42221075 26887.42221075 26887.42221075 26887.42221075 26887.42221075 26887.42221075
26887.42221075 26887.42221075 26887.42221075 26887.42221075 26887.42221075 26887.42221075 26887.42221075 26887.42221075 26887.42221075 26887.42221075 26887.42221075 26887.42221075 26887.42221075 26887.42221075 26887.42221075 26887.42221075 26887.42221075 26887.42221075 26887.42221075 26887.42221075 26887.42221075 26887.42221075 26887.42221075 26887.42221075 26887.42221075
