65191.91700940 65423.88057589 99498.33716514 65534.61371695 67512.72582058 82127.64472857 92091.15304472 63915.85728297 82897.23633499 73566.74803338 69255.35988818 65841.55909545 84213.02282785 70964.13801077 61166.13174498 93730.39336880 69825.69348217 81300.62886091 81773.04865293 62577.06813649 64956.69926819 58555.59678450 58600.99596296 86657.22808051 96833.84012119
62470.50438314 61277.99357358 68703.57779238 58512.72786449 67367.94414266 61745.30485442 60224.71739845 61902.15727225 71128.68277059 69713.37225912 58505.81561529 58938.09227387 70429.42188525 70047.05347846 60792.35421696 91011.09998106 65774.50556547 81300.62886091 65269.64942879 58512.75975176 58554.19685914 58508.28835223 58505.61792447 64789.50591231 58987.89755472
58615.73246001 59273.78380501 59728.81467795 58512.72786449 58667.61152810 61745.30485442 60224.71739845 61877.33171646 58505.54736087 58506.21958252 58505.68873895 58919.09989327 59128.25354305 70047.05347846 60792.35421696 91009.82777059 58520.53843127 62903.72091985 61877.35504849 58512.75975176 58517.49181846 58506.79885499 58505.61792447 61951.96891296 58610.67838921
58615.73246001 58946.96871166 59728.81467795 58512.72786449 58667.61152810 61745.30485442 58511.03205675 61877.33171646 58505.45054524 58506.08670788 58505.68873895 58919.09989327 58686.17901468 58527.42195238 58506.23928456 73331.89415569 58505.46964422 58506.25582471 61877.33899593 58506.72831396 58517.49181846 58506.79885499 58505.61792447 61951.96891296 58610.67838921
58537.77951421 58946.96871166 58507.53243094 58507.36449410 58506.24315771 58506.71054320 58505.45057052 61877.33171646 58505.44989092 58506.08670788 58505.68873895 58518.19420280 58686.17901468 58505.45091518 58505.44989465 70745.69717056 58505.46002497 58505.45014238 61877.33899593 58505.44994581 58505.45362047 58506.79885499 58505.61792447 61951.96891296 58506.81382142
58505.47967761 58505.58588339 58506.73366782 58506.99806656 58505.45095263 58505.44989928 58505.45057052 61877.33171646 58505.44989060 58506.08670788 58505.68873895 58505.61304680 58505.49901935 58505.44989025 58505.44989025 58505.47364373 58505.46002497 58505.44989025 58505.45953412 58505.44992218 58505.44989207 58505.45049544 58505.61792447 61951.96891296 58505.44989300
58505.47967761 58505.44990406 58506.73366782 58506.99806656 58505.44989025 58505.44989092 58505.45057052 58524.18307292 58505.44989060 58505.52007758 58505.68873895 58505.61304680 58505.47928780 58505.44989025 58505.44989025 58505.44989875 58505.46002497 58505.44989025 58505.44999584 58505.44992218 58505.44989025 58505.44989028 58505.61792447 58505.68989050 58505.44989025
58505.47967761 58505.44989025 58505.45597291 58506.99806656 58505.44989025 58505.44989092 58505.45057052 58505.45158306 58505.44989060 58505.44993698 58505.68873895 58505.61304680 58505.47928780 58505.44989025 58505.44989025 58505.44989025 58505.46002497 58505.44989025 58505.44999584 58505.44992218 58505.44989025 58505.44989025 58505.44990848 58505.45003241 58505.44989025
58505.47967761 58505.44989025 58505.44989060 58505.45008053 58505.44989025 58505.44989092 58505.45057052 58505.44989030 58505.44989060 58505.44993698 58505.53259904 58505.44997609 58505.47928780 58505.44989025 58505.44989025 58505.44989025 58505.46002497 58505.44989025 58505.44999584 58505.44992218 58505.44989025 58505.44989025 58505.44989025 58505.44989025 58505.44989025
58505.45029217 58505.44989025 58505.44989043 58505.44989027 58505.44989025 58505.44989092 58505.44989202 58505.44989025 58505.44989060 58505.44993698 58505.44989777 58505.44989025 58505.45064753 58505.44989025 58505.44989025 58505.44989025 58505.46002497 58505.44989025 58505.44998897 58505.44992218 58505.44989025 58505.44989025 58505.44989025 58505.44989025 58505.44989025
