  2.61420024   2.61418744   2.62144598   2.61761362   2.61399529   2.72920879   2.61388716   2.66788974   2.65405324   2.61734563   2.61389384   2.61556846   2.61388645   2.61814892   2.61394673   2.61400006   2.61388418   2.61388406   2.61399777   2.61389918   2.62372191   2.61388885   2.61442693   2.61398058   2.61481114
  2.61406712   2.61388435   2.61413235   2.61417248   2.61396841   2.61600997   2.61388716   2.62166034   2.61388433   2.61734563   2.61389384   2.61556846   2.61388604   2.61531568   2.61388597   2.61400006   2.61388418   2.61388406   2.61391653   2.61389917   2.61398403   2.61388416   2.61388572   2.61393775   2.61407163
  2.61406712   2.61388406   2.61388406   2.61415590   2.61389083   2.61406771   2.61388406   2.62022012   2.61388406   2.61388482   2.61389384   2.61388406   2.61388604   2.61409770   2.61388492   2.61388406   2.61388409   2.61388406   2.61390516   2.61388647   2.61388407   2.61388415   2.61388572   2.61393775   2.61388410
  2.61388409   2.61388406   2.61388406   2.61388422   2.61388406   2.61406771   2.61388406   2.61662955   2.61388406   2.61388406   2.61388406   2.61388406   2.61388406   2.61409770   2.61388492   2.61388406   2.61388406   2.61388406   2.61388410   2.61388406   2.61388406   2.61388415   2.61388406   2.61393775   2.61388410
  2.61388406   2.61388406   2.61388406   2.61388406   2.61388406   2.61406771   2.61388406   2.61403982   2.61388406   2.61388406   2.61388406   2.61388406   2.61388406   2.61388422   2.61388492   2.61388406   2.61388406   2.61388406   2.61388407   2.61388406   2.61388406   2.61388406   2.61388406   2.61388430   2.61388410
  2.61388406   2.61388406   2.61388406   2.61388406   2.61388406   2.61406771   2.61388406   2.61388415   2.61388406   2.61388406   2.61388406   2.61388406   2.61388406   2.61388406   2.61388492   2.61388406   2.61388406   2.61388406   2.61388407   2.61388406   2.61388406   2.61388406   2.61388406   2.61388406   2.61388410
  2.61388406   2.61388406   2.61388406   2.61388406   2.61388406   2.61388409   2.61388406   2.61388406   2.61388406   2.61388406   2.61388406   2.61388406   2.61388406   2.61388406   2.61388406   2.61388406   2.61388406   2.61388406   2.61388407   2.61388406   2.61388406   2.61388406   2.61388406   2.61388406   2.61388410
  2.61388406   2.61388406   2.61388406   2.61388406   2.61388406   2.61388406   2.61388406   2.61388406   2.61388406   2.61388406   2.61388406   2.61388406   2.61388406   2.61388406   2.61388406   2.61388406   2.61388406   2.61388406   2.61388407   2.61388406   2.61388406   2.61388406   2.61388406   2.61388406   2.61388410
  2.61388406   2.61388406   2.61388406   2.61388406   2.61388406   2.61388406   2.61388406   2.61388406   2.61388406   2.61388406   2.61388406   2.61388406   2.61388406   2.61388406   2.61388406   2.61388406   2.61388406   2.61388406   2.61388407   2.61388406   2.61388406   2.61388406   2.61388406   2.61388406   2.61388406
  2.61388406   2.61388406   2.61388406   2.61388406   2.61388406   2.61388406   2.61388406   2.61388406   2.61388406   2.61388406   2.61388406   2.61388406   2.61388406   2.61388406   2.61388406   2.61388406   2.61388406   2.61388406   2.61388407   2.61388406   2.61388406   2.61388406   2.61388406   2.61388406   2.61388406
