  0.38297490   0.14191152   0.23421634   0.24265773   0.21401293   0.12273782   0.13582685   0.19131207   0.13335718   0.08191062   0.25944575   0.10768024   0.09376594   0.29097052   0.31742863   0.19421442   0.21504406   0.16129569   0.21084844   0.25158684   0.22368043   0.22035815   0.22291956   0.19335387   0.11066307
  0.31156751   0.16695218   0.21507011   0.13480479   0.29218577   0.25966280   0.26031465   0.12768073   0.05835889   0.06710035   0.19835900   0.05732644   0.02670032   0.13144588   0.12799845   0.09424277   0.17816869   0.14642751   0.14827628   0.27687658   0.13271785   0.24019331   0.13831856   0.35008917   0.03536490
  0.28525242   0.10771976   0.15162326   0.10188963   0.19335841   0.23093300   0.07398281   0.10358630   0.02204524   0.03515248   0.10441543   0.02217147   0.01606029   0.18197753   0.07484297   0.04701925   0.17816869   0.02128596   0.09167572   0.15080004   0.11233175   0.17366933   0.13831856   0.19359723   0.01951997
  0.08124787   0.02665237   0.05101844   0.07632604   0.13395954   0.09026536   0.07398281   0.08188749   0.01811009   0.01995699   0.06285353   0.02113503   0.01570149   0.12963437   0.06438407   0.01914147   0.17022517   0.01782127   0.09167572   0.04335826   0.11233175   0.06339490   0.13831856   0.10893945   0.01672715
  0.03177991   0.02219566   0.02634304   0.07111031   0.06723646   0.02580377   0.07398281   0.08188749   0.01729502   0.01772053   0.06218848   0.02098013   0.01506541   0.07285638   0.06416754   0.01719890   0.13091336   0.01729993   0.09167572   0.02162618   0.11233175   0.04160611   0.13831856   0.07031830   0.01656298
  0.02340882   0.01730047   0.02121996   0.07111031   0.05942260   0.01927525   0.07398281   0.08188749   0.01725280   0.01714140   0.06093795   0.02098013   0.01505269   0.05902473   0.06416754   0.01662543   0.03653681   0.01729784   0.09167572   0.01979572   0.10424936   0.02116535   0.13831856   0.07031830   0.01620089
  0.01863743   0.01651847   0.02116905   0.07111031   0.04704609   0.01677954   0.07398281   0.08188749   0.01725280   0.01705529   0.05822103   0.02098013   0.01505147   0.04723091   0.06416754   0.01645903   0.01616338   0.01729784   0.06839261   0.01731088   0.04439779   0.01557496   0.07873136   0.07031830   0.01574968
  0.01863743   0.01649090   0.02116905   0.07111031   0.03722637   0.01600576   0.05195186   0.08188749   0.01725280   0.01705529   0.05295400   0.02098013   0.01505147   0.04641995   0.06416754   0.01622988   0.01505850   0.01729784   0.02557362   0.01663131   0.01613126   0.01516980   0.05213337   0.07031830   0.01574942
  0.01863743   0.01649090   0.02116905   0.07111031   0.03208811   0.01597431   0.01663911   0.08188749   0.01725280   0.01705529   0.05215297   0.01988169   0.01505147   0.04235488   0.02422892   0.01619582   0.01505265   0.01729784   0.01567076   0.01618591   0.01606624   0.01514043   0.01597793   0.07031830   0.01574877
  0.01863743   0.01649090   0.02116905   0.03814102   0.03208811   0.01597431   0.01565867   0.08188749   0.01725280   0.01705529   0.05215297   0.01690010   0.01505147   0.03988409   0.01515440   0.01619582   0.01505248   0.01729784   0.01565486   0.01572687   0.01593465   0.01513855   0.01564864   0.07031830   0.01574877
