12987.85176057 13279.97092925 13456.44748565 11075.84903103 11654.50688951 12438.80074062 12814.06259137 11078.57359441 11249.76225185 13335.61505346 15224.27256672 17136.88265315 10823.87173393 12850.84467606 17519.49490358 13797.99801558 13467.51350353 12435.22637210 13632.48118352 13972.38479340 13404.10197966 13253.11185988 14957.11640250 15254.92775865 13380.61983874
12962.81074321 13182.62051184 13438.60913540 11027.74351505 12056.08368209 13068.80261648 12833.56697402 11149.95538220 11352.51681692 13286.98313728 15240.40550036 17245.96951539 11146.42464181 14942.06317730 17191.44339936 13809.50699134 13506.07208302 12806.96209727 13808.08373990 13695.00727267 13018.29961552 13322.54250474 15179.71893735 15153.87480972 13377.22877087
12995.43705453 13116.89802145 13651.71128866 11026.93900077 12161.72839745 13141.03280337 12823.04645256 11237.05764075 11369.08643805 13639.65624647 15320.80369372 17204.14202783 11009.20389258 15541.69585651 16800.06224792 13857.07681757 13395.96893311 12797.08897742 13980.23729602 13709.04157092 13036.35476672 13592.11662148 15217.96759772 15288.43115830 14693.10036190
12996.19541858 13140.25227824 13718.77373319 11020.43687320 12254.42224239 13197.28358326 12654.66282296 11423.62477667 11362.07660752 13661.52806764 15390.58260655 17171.47715794 10971.86247631 15645.29469911 16897.64524075 13841.73711377 13343.39159285 12780.67731566 14011.53039712 13709.04157092 13038.82560707 13764.43844703 15274.35538104 15386.97155873 14952.72519232
12996.19541858 13282.66470897 13735.87362937 11100.66872302 12305.63598432 13231.85943003 12699.67234696 11596.97109140 11373.36356395 13670.83618599 15390.31345901 17161.67995167 11007.20078609 15613.87510756 16905.33032250 13780.98548806 13371.05291744 12844.69691890 14136.92354898 16721.41195677 13147.43103300 13829.11044412 15312.49081310 15477.25386060 14942.82794485
19195.54028937 13418.20901286 13763.49435688 11125.58275697 12324.75765447 13260.29064748 12699.67234696 11692.65030754 11419.55160309 13749.50602530 15384.65425428 17161.67995167 11020.90485992 15613.87510756 16902.88212458 13756.74727682 13401.06332801 12854.42657588 14155.20917361 16944.74546669 13147.43103300 13836.64735459 15314.39365945 15542.97212339 14921.71942769
19652.96909072 13544.47794404 13797.36493377 11300.56167131 12338.90224725 13496.82501052 12699.67234696 11725.78257173 11665.84786717 13763.05074129 15362.48985857 16557.88766636 11031.78064257 15613.87510756 16835.90609957 13756.74727682 13385.76854072 12920.14711499 14158.57407136 17487.97871086 16073.68950369 13831.67064082 15353.91767061 15542.97212339 14908.61471979
20159.84657774 13588.18203871 13808.87415757 11479.68172992 12331.75864651 13448.15900266 18643.34417165 11921.42117067 11679.48576765 13762.48443013 15363.33544678 16572.96466044 11051.62745434 15613.87510756 16811.77866060 13756.74727682 13381.71611831 12902.31663341 14167.38989354 17486.66120563 16151.45937696 13833.06662031 15364.30894652 15542.97212339 14908.60497084
19997.42134019 13599.11950841 13848.43342830 11557.64519128 12331.75864651 13405.23264118 18779.00538830 11985.60842180 11676.44110640 16527.65462288 15423.67735388 16869.19877223 11092.56900437 15613.87510756 16786.34185864 19296.73505546 13355.75333479 12910.31946067 14169.12793511 17199.73789824 16287.46546211 13873.68479005 15393.80418062 19850.44724863 14908.60497084
19999.59740575 13675.12130241 13852.31292915 11787.52357789 12331.75864651 13461.58006573 19149.19647878 12064.83541541 11668.70499675 16440.31383745 15405.06082218 16831.01580721 11095.01748697 15613.87510756 16811.55240778 19530.88260826 13349.80309818 12854.65924082 14171.16144059 17206.06813503 16706.07315626 13880.56331809 15393.95182572 20039.81714411 14908.60497084
