  0.00743848   0.00502675   0.00767541   0.00787812   0.00661473   0.00853021   0.00664923   0.00553777   0.00925995   0.01144984   0.00873408   0.00577163   0.00419971   0.00932723   0.00510435   0.00830342   0.00292395   0.00520172   0.00517709   0.01062955   0.00365867   0.00775366   0.00607010   0.00322740   0.00669644
  0.00270785   0.00421438   0.00487915   0.00331930   0.00514494   0.00282283   0.00399587   0.00192111   0.00331677   0.00984019   0.00381627   0.00324042   0.00398052   0.00735009   0.00394190   0.00402382   0.00214904   0.00229744   0.00502542   0.00533542   0.00233250   0.00592449   0.00257399   0.00245962   0.00372870
  0.00132859   0.00381194   0.00353381   0.00191150   0.00372789   0.00199201   0.00155422   0.00167394   0.00166212   0.00450891   0.00197369   0.00203957   0.00395362   0.00653804   0.00244191   0.00197123   0.00037108   0.00199936   0.00429006   0.00468764   0.00202147   0.00371828   0.00228077   0.00220758   0.00151653
  0.00122406   0.00348637   0.00327796   0.00135077   0.00331084   0.00072809   0.00088859   0.00148750   0.00103483   0.00320827   0.00160673   0.00190592   0.00378700   0.00583255   0.00241689   0.00144989   0.00037108   0.00188632   0.00417827   0.00341190   0.00180076   0.00343696   0.00217187   0.00193708   0.00128223
  0.00108225   0.00278719   0.00317006   0.00128568   0.00310019   0.00049073   0.00074362   0.00128759   0.00088034   0.00298460   0.00141410   0.00184935   0.00350795   0.00515138   0.00241689   0.00128772   0.00037108   0.00187032   0.00397878   0.00283023   0.00129849   0.00312962   0.00209164   0.00162434   0.00101000
  0.00087875   0.00249685   0.00301296   0.00127675   0.00281487   0.00043558   0.00073042   0.00122913   0.00055776   0.00290006   0.00130201   0.00174195   0.00283574   0.00488718   0.00000000   0.00113632   0.00037108   0.00182202   0.00390552   0.00227391   0.00102502   0.00291589   0.00207992   0.00138575   0.00067311
  0.00074511   0.00227279   0.00301296   0.00127388   0.00279365   0.00042646   0.00000000   0.00122913   0.00043735   0.00283644   0.00118768   0.00153224   0.00224503   0.00488718   0.00000000   0.00097942   0.00037108   0.00150690   0.00385161   0.00200139   0.00072085   0.00274933   0.00199577   0.00138575   0.00053640
  0.00056447   0.00227279   0.00301296   0.00127388   0.00000000   0.00000000   0.00000000   0.00122913   0.00042660   0.00280376   0.00110075   0.00153221   0.00204218   0.00250163   0.00000000   0.00077273   0.00037108   0.00131347   0.00377020   0.00172309   0.00064435   0.00274933   0.00182345   0.00000000   0.00048655
  0.00053003   0.00000000   0.00145443   0.00000000   0.00000000   0.00000000   0.00000000   0.00122913   0.00000000   0.00276352   0.00099728   0.00000000   0.00192968   0.00014702   0.00000000   0.00072429   0.00037108   0.00129463   0.00000000   0.00000000   0.00061377   0.00274933   0.00181582   0.00000000   0.00041253
  0.00050720   0.00000000   0.00000000   0.00000000   0.00000000   0.00000000   0.00000000   0.00122913   0.00000000   0.00273542   0.00092580   0.00000000   0.00187376   0.00000000   0.00000000   0.00071401   0.00037108   0.00000000   0.00000000   0.00000000   0.00057266   0.00274933   0.00180408   0.00000000   0.00037700
