 -0.38043061  -0.38194421  -0.38153384  -0.38340661  -0.38279692  -0.38536612  -0.38625813  -0.38468892  -0.38650322  -0.38281987  -0.37571189  -0.38628246  -0.38339406  -0.38548251  -0.38527089  -0.37954404  -0.38533503  -0.38089213  -0.38547393  -0.38698074  -0.38050406  -0.38389159  -0.38312703  -0.38469682  -0.38491990
 -0.38392689  -0.38194421  -0.38590991  -0.38578254  -0.38453596  -0.38565915  -0.38625813  -0.38483781  -0.38650322  -0.38281987  -0.38692404  -0.38692088  -0.38668054  -0.38548251  -0.38645866  -0.38498264  -0.38533503  -0.38587417  -0.38547393  -0.38698074  -0.38050406  -0.38389159  -0.38608590  -0.38469682  -0.38491990
 -0.38707184  -0.38194421  -0.38590991  -0.38578254  -0.38453596  -0.38813050  -0.38625813  -0.38483781  -0.38650322  -0.38281987  -0.38692404  -0.38692088  -0.38668054  -0.38548251  -0.38645866  -0.38498264  -0.38533503  -0.38669518  -0.38547393  -0.38698074  -0.38346791  -0.38389159  -0.38608590  -0.38469682  -0.38617338
 -0.38707184  -0.38590372  -0.38590991  -0.38578254  -0.38453596  -0.38813050  -0.38625813  -0.38672120  -0.38650322  -0.38532206  -0.38692404  -0.38692088  -0.38668054  -0.38548251  -0.38645866  -0.38498264  -0.38533503  -0.38669518  -0.38547393  -0.38698074  -0.38346791  -0.38389159  -0.38608590  -0.38469682  -0.38617338
 -0.38707184  -0.38702900  -0.38590991  -0.38630986  -0.38453596  -0.38813050  -0.38625813  -0.38672120  -0.38650322  -0.38532206  -0.38692404  -0.38692088  -0.38668054  -0.38548251  -0.38645866  -0.38498264  -0.38770027  -0.38669518  -0.38547393  -0.38698074  -0.38649850  -0.38389159  -0.38608590  -0.38720444  -0.38617338
 -0.38707184  -0.38702900  -0.38590991  -0.38684344  -0.38471013  -0.38813050  -0.38625813  -0.38672120  -0.38650322  -0.38614342  -0.38692404  -0.38692088  -0.38668054  -0.38548251  -0.38645866  -0.38535281  -0.38770027  -0.38669518  -0.38547393  -0.38698074  -0.38649850  -0.38389159  -0.38608590  -0.38720444  -0.38617338
 -0.38707184  -0.38702900  -0.38590991  -0.38684344  -0.38471013  -0.38813050  -0.38625813  -0.38672120  -0.38650322  -0.38614342  -0.38692404  -0.38692088  -0.38668054  -0.38576181  -0.38645866  -0.38715819  -0.38770027  -0.38669518  -0.38547393  -0.38698074  -0.38649850  -0.38389159  -0.38608590  -0.38720444  -0.38617338
 -0.38734656  -0.38702900  -0.38590991  -0.38783442  -0.38471013  -0.38813050  -0.38625813  -0.38672120  -0.38650322  -0.38614342  -0.38692404  -0.38692088  -0.38668054  -0.38652483  -0.38645866  -0.38715819  -0.38770027  -0.38669518  -0.38547393  -0.38704744  -0.38649850  -0.38534351  -0.38608590  -0.38720444  -0.38617338
 -0.38734656  -0.38702900  -0.38590991  -0.38783442  -0.38471013  -0.38813050  -0.38625813  -0.38672120  -0.38650322  -0.38778168  -0.38692404  -0.38692088  -0.38668054  -0.38652483  -0.38645866  -0.38715819  -0.38770027  -0.38669518  -0.38547393  -0.38704744  -0.38649850  -0.38565067  -0.38618594  -0.38720444  -0.38617338
 -0.38734656  -0.38702900  -0.38590991  -0.38783442  -0.38471013  -0.38813050  -0.38625813  -0.38672120  -0.38650322  -0.38778168  -0.38692404  -0.38692088  -0.38668054  -0.38652483  -0.38645866  -0.38715819  -0.38770027  -0.38669518  -0.38547393  -0.38704744  -0.38649850  -0.38565067  -0.38618594  -0.38720444  -0.38617338
