  0.38413064   0.23525174   0.00385779   0.01137936   0.01588201   0.01173676   0.15922355   0.21043868   0.18888345   0.00708758   0.10727237   0.01687924   0.10352399   0.22535392   0.27995035   0.18617468   0.01608953   0.07251124   0.37543284   0.00611154   0.18233219   0.10168295   0.08846857   0.37432306   0.48021966
  0.35329539   0.23008172   0.00341985   0.00746452   0.01181580   0.00820225   0.12710744   0.01217828   0.05148120   0.00430052   0.04674815   0.00044727   0.02304200   0.22535392   0.19774760   0.04561096   0.00453784   0.02732276   0.17422435   0.00505473   0.17211751   0.08159730   0.00729375   0.36161803   0.05804886
  0.34157915   0.22565457   0.00331011   0.00543450   0.00472332   0.00584332   0.03927870   0.01087445   0.00480732   0.00419847   0.04674815   0.00006120   0.01575828   0.14780220   0.00751965   0.04561096   0.00446538   0.00218497   0.12853310   0.00492998   0.15660875   0.01298996   0.00492875   0.03960160   0.00175486
  0.32509765   0.22565457   0.00329314   0.00352292   0.00426904   0.00547957   0.01387050   0.01087445   0.00411743   0.00414818   0.04674815   0.00000337   0.01416270   0.11747267   0.00555360   0.04561096   0.00446538   0.00170591   0.12853310   0.00492998   0.00939223   0.00658453   0.00465425   0.03960160   0.00110195
  0.07668975   0.22565457   0.00328413   0.00326951   0.00425953   0.00515912   0.01001092   0.01087445   0.00385212   0.00414627   0.04674815   0.00000000   0.01359483   0.10294771   0.00555316   0.03271021   0.00446538   0.00170591   0.12853310   0.00492998   0.00408419   0.00349541   0.00411989   0.03404790   0.00097618
  0.00036398   0.02845233   0.00328167   0.00326951   0.00425953   0.00501538   0.00879574   0.01087445   0.00313842   0.00387028   0.00564979   0.00000000   0.01359483   0.01233079   0.00555316   0.00290188   0.00294650   0.00170591   0.12853310   0.00492998   0.00406568   0.00339877   0.00406280   0.00482598   0.00097618
  0.00033516   0.02845233   0.00328167   0.00326951   0.00425953   0.00501538   0.00519890   0.01087445   0.00308835   0.00309190   0.00481066   0.00000000   0.00549249   0.00380210   0.00281983   0.00282616   0.00293993   0.00170591   0.12853310   0.00492998   0.00347554   0.00339877   0.00380887   0.00476256   0.00097618
  0.00033516   0.02028469   0.00328167   0.00326951   0.00388125   0.00501538   0.00513812   0.01087445   0.00308821   0.00272264   0.00481066   0.00000000   0.00541580   0.00380210   0.00281438   0.00281670   0.00293993   0.00170591   0.01500803   0.00492998   0.00347554   0.00296447   0.00327995   0.00476256   0.00097618
  0.00033516   0.00560708   0.00071976   0.00326951   0.00347505   0.00497693   0.00237906   0.01087445   0.00308821   0.00271052   0.00481066   0.00000000   0.00541580   0.00380210   0.00281438   0.00281670   0.00293993   0.00170591   0.00878827   0.00492998   0.00347554   0.00285838   0.00244766   0.00476256   0.00097618
  0.00033516   0.00431320   0.00029614   0.00326951   0.00347505   0.00494766   0.00231492   0.01087445   0.00235029   0.00271052   0.00481066   0.00000000   0.00541580   0.00380210   0.00281438   0.00281670   0.00293993   0.00170591   0.00414052   0.00270695   0.00347554   0.00285823   0.00201299   0.00476256   0.00097618
