932.72322495 200.72447077 937.34994073 997.07436153 359.00488783 512.13965715 593.38504696 1472.23337007 676.12502455 1124.24665764 747.43776534 758.83706801 343.41226531 1291.77119886 324.38672464 386.53815146 855.00268888 881.77028937 1030.64019777 642.75183557 677.24056192 -5785.16206707 384.08039281 574.64618470 423.01359914
277.47663728 272.80166032 937.34994073 706.99123327  35.84613809 339.51104348 992.02691926 1472.23337007 161.87758444 886.47383358 450.26523598 675.62527743 309.16417404 1506.47706289 274.05624094 -142.24033815 811.53491625 881.77028937 660.82556667 671.15387347 633.49992196 1629.20809034 730.08530470 -74.67859811 423.01359914
277.47663728  76.26934206 252.78350559 -41.39513296  21.54422060 324.41145642 888.62151295 1472.23337007 158.21664098 796.73277459 286.28230220 675.62527743 309.16417404 638.89280165 274.05624094 -142.24033815 375.90846692 111.37734983 660.82556667 671.15387347 475.22334446 258.95467107 -142.71665789 -75.48562039 182.96212316
 76.46661030  76.26907039 178.04071082 -41.39513296  21.54422060 110.03029725 888.62151295  85.99248155 158.21664092 320.50494908 286.28230220 675.62527743 188.48699858 401.02056775 252.99970979 -142.24033815 263.95034534  76.26907039 421.74366978 379.97386545 252.85253564 258.36372590 -142.71931418 -75.48562039 182.96212316
 76.26907039  76.26907039 178.04071082 -41.39513296  21.54422060  76.26907039 249.32228530  76.26980120 -49.29748022 320.50494908 286.28230220 110.60405162 188.48699858 401.02056775 249.31894282 -142.24033815 222.77166934  76.26907039 -142.69673397 250.44766449 249.31894282 258.36372590 -142.71931418 -75.48562039 182.96212316
 76.26907039  76.26907039 178.04071082 -41.39513296  21.54422060  76.26907039 249.31894282  76.26980120 -49.29748022 320.50494908 -15.71748548 -142.60761806 188.48699858 104.03359774 249.31894282 -142.43955783 222.77166934  76.26907039 -142.71932906 249.32379068 249.31894282  -8.60551395 -142.71931418 -129.65678995 182.96212316
 76.26907039  76.26907039 -142.71600368 -41.39513296  21.54422060  76.26907039 249.31894282  76.26980120 -49.29748022 -67.56974678 -140.89456474 -142.60761806  76.26907126  76.27133619 249.31894282 -142.71932906 -142.71926248  76.26907039 -142.71932906 249.31894319  59.42341139 -142.71875459 -142.71932825 -139.75282397 182.96212316
 76.26907039  76.26907039 -142.71932906 -41.39513296  21.54422060  76.26907039 249.31894282  76.26907306 -49.29748022 -67.56974678 -140.89456474 -142.60761806  76.26907039  76.27133619 249.31894282 -142.71932906 -142.71932906  76.26907039 -142.71932906 249.31894319 -142.71932428 -142.71916304 -142.71932905 -139.75282397 182.96212316
 76.26907039  76.26907039 -142.71932906 -41.39513296  21.54422060 -142.71932776 249.31894282  76.26907039 -49.29748022 -67.56974678 -140.89456474 -142.60761806  76.26907039  76.27133619  76.26907647 -142.71932906 -142.71932906  76.26907039 -142.71932906 224.78109830 -142.71932906 -142.71916304 -142.71932905 -142.71931552 182.96212316
 76.26907039  76.26907039 -142.71932906 -41.39513296  21.54422060 -142.71932906 -142.71897739  76.26907039 -49.29748022 -142.63177529 -140.89456474 -142.60761806 -133.64567597  76.27133619  76.26907039 -142.71932906 -142.71932906  76.26907039 -142.71932906  76.26907052 -142.71932906 -142.71916304 -142.71932905 -142.71932906 182.96212316
