  0.30580997   0.11578129   0.01257115   0.00681555   0.06420196   0.09276702   0.11212942   0.04662605   0.30140428   0.01949582   0.17030226   0.02506560   0.08922222   0.11204111   0.44711614   0.01036968   0.13622973   0.26373336   0.06252867   0.00626136   0.08656640   0.09821067   0.12754561   0.09813042   0.30721188
  0.26923489   0.03791139   0.00653871   0.00576350   0.06395336   0.02294359   0.03171089   0.00693269   0.15416016   0.01228099   0.12301448   0.01557701   0.03015220   0.02023777   0.35922522   0.00824901   0.01264308   0.13950206   0.06197682   0.00506228   0.02286662   0.09810906   0.08678187   0.09813042   0.26585845
  0.03025047   0.00660010   0.00518926   0.00531580   0.06395336   0.01086124   0.03040432   0.00427357   0.06049234   0.01000039   0.02485380   0.00636679   0.02861659   0.01465313   0.01532771   0.00626128   0.00855150   0.01832392   0.06169775   0.00502329   0.00877891   0.06250294   0.08172125   0.09813042   0.26347787
  0.02877378   0.00612005   0.00484873   0.00483129   0.00731457   0.00995662   0.03036915   0.00427357   0.06049234   0.00665729   0.01666026   0.00067011   0.02827168   0.00630728   0.00838269   0.00470230   0.00815171   0.00829625   0.01904479   0.00502329   0.00877891   0.00604478   0.08172125   0.09813042   0.00970342
  0.02876973   0.00612005   0.00484873   0.00420723   0.00556651   0.00995662   0.01827094   0.00427357   0.00773448   0.00584866   0.01190106   0.00034632   0.02823618   0.00328515   0.00567379   0.00435540   0.00427365   0.00637249   0.00430356   0.00502329   0.00877891   0.00486408   0.00539372   0.09813042   0.00448911
  0.02822160   0.00598091   0.00363955   0.00420723   0.00556651   0.00995662   0.00629743   0.00427357   0.00231249   0.00472018   0.00524732   0.00030039   0.01372051   0.00328515   0.00543382   0.00435540   0.00407667   0.00367974   0.00406340   0.00366454   0.00520739   0.00486408   0.00503168   0.09813042   0.00424944
  0.00416752   0.00598091   0.00036726   0.00420723   0.00407581   0.00546522   0.00623554   0.00427357   0.00212807   0.00200661   0.00515233   0.00016178   0.00452612   0.00328515   0.00542846   0.00435540   0.00393402   0.00359426   0.00398299   0.00364307   0.00501289   0.00318709   0.00493193   0.01965626   0.00424516
  0.00002528   0.00598091   0.00003339   0.00249901   0.00244520   0.00507428   0.00623554   0.00427357   0.00212741   0.00091775   0.00515233   0.00014598   0.00444904   0.00328515   0.00542846   0.00435540   0.00393402   0.00359426   0.00396982   0.00362712   0.00501289   0.00318709   0.00493193   0.01791803   0.00424515
  0.00002155   0.00598091   0.00003326   0.00144226   0.00244489   0.00441911   0.00623554   0.00427357   0.00119346   0.00081559   0.00515233   0.00014598   0.00444904   0.00328515   0.00542846   0.00400142   0.00393402   0.00359426   0.00396982   0.00361733   0.00501289   0.00318709   0.00493193   0.01683479   0.00424515
  0.00000811   0.00598091   0.00003326   0.00138669   0.00244482   0.00441911   0.00497759   0.00266949   0.00102089   0.00081559   0.00270775   0.00014598   0.00444904   0.00328515   0.00542846   0.00323497   0.00393402   0.00359426   0.00396982   0.00359892   0.00501289   0.00318709   0.00493193   0.01590720   0.00289637
