  0.27123873   0.06615580   0.26827506   0.00000000   0.66257801   0.38989775   0.19761197   0.02568251   0.13623023   0.02512262   0.03452129   0.41411217   0.07095218   0.00000000   0.03471118   0.23898575   0.18572520   0.12841254   0.14926849   0.23677839   0.36766369   0.02881452   0.05206448   0.41989732   0.27403598
  0.27123873   0.01559040   0.00000000   0.00000000   0.06362249   0.01501793   0.00000000   0.02568251   0.04824706   0.02512262   0.00000000   0.07182204   0.07095218   0.00000000   0.00182880   0.14148172   0.00000000   0.12841254   0.00000000   0.15166037   0.05332716   0.02881452   0.05206448   0.16602922   0.13270121
  0.14058494   0.00000000   0.00000000   0.00000000   0.06362249   0.01501793   0.00000000   0.00000000   0.01137674   0.01893877   0.00000000   0.00000000   0.07095218   0.00000000   0.00182880   0.02568251   0.00000000   0.12841254   0.00000000   0.05179795   0.00000000   0.02881452   0.02141764   0.16602922   0.00000000
  0.00000000   0.00000000   0.00000000   0.00000000   0.01406111   0.01501793   0.00000000   0.00000000   0.01137674   0.01086019   0.00000000   0.00000000   0.00000000   0.00000000   0.00182880   0.02568251   0.00000000   0.03281654   0.00000000   0.04797022   0.00000000   0.00000000   0.01989485   0.00000000   0.00000000
  0.00000000   0.00000000   0.00000000   0.00000000   0.01406111   0.01501793   0.00000000   0.00000000   0.01137674   0.00000000   0.00000000   0.00000000   0.00000000   0.00000000   0.00182880   0.00000000   0.00000000   0.03281654   0.00000000   0.04797022   0.00000000   0.00000000   0.00000000   0.00000000   0.00000000
  0.00000000   0.00000000   0.00000000   0.00000000   0.00000000   0.00000000   0.00000000   0.00000000   0.01137674   0.00000000   0.00000000   0.00000000   0.00000000   0.00000000   0.00182880   0.00000000   0.00000000   0.03281654   0.00000000   0.04797022   0.00000000   0.00000000   0.00000000   0.00000000   0.00000000
  0.00000000   0.00000000   0.00000000   0.00000000   0.00000000   0.00000000   0.00000000   0.00000000   0.00000000   0.00000000   0.00000000   0.00000000   0.00000000   0.00000000   0.00182880   0.00000000   0.00000000   0.03281654   0.00000000   0.04797022   0.00000000   0.00000000   0.00000000   0.00000000   0.00000000
  0.00000000   0.00000000   0.00000000   0.00000000   0.00000000   0.00000000   0.00000000   0.00000000   0.00000000   0.00000000   0.00000000   0.00000000   0.00000000   0.00000000   0.00182880   0.00000000   0.00000000   0.03281654   0.00000000   0.04797022   0.00000000   0.00000000   0.00000000   0.00000000   0.00000000
  0.00000000   0.00000000   0.00000000   0.00000000   0.00000000   0.00000000   0.00000000   0.00000000   0.00000000   0.00000000   0.00000000   0.00000000   0.00000000   0.00000000   0.00000000   0.00000000   0.00000000   0.00000000   0.00000000   0.00000000   0.00000000   0.00000000   0.00000000   0.00000000   0.00000000
  0.00000000   0.00000000   0.00000000   0.00000000   0.00000000   0.00000000   0.00000000   0.00000000   0.00000000   0.00000000   0.00000000   0.00000000   0.00000000   0.00000000   0.00000000   0.00000000   0.00000000   0.00000000   0.00000000   0.00000000   0.00000000   0.00000000   0.00000000   0.00000000   0.00000000
