  0.46827000   0.23566292   0.14460704   0.09095246   0.21714468   0.10128641   0.19085779   0.26727936   0.23276274   0.22805865   0.30809721   0.18708598   0.17522205   0.12764217   0.29575302   0.11333707   0.19427624   0.08738082   0.11217538   0.24678554   0.10269829   0.21018643   0.14826675   0.41474788   0.27249258
  0.26307015   0.21140352   0.12926401   0.09095246   0.16297904   0.10128641   0.09959507   0.09138705   0.17680395   0.09443173   0.10693484   0.13684834   0.11817851   0.12764217   0.29575302   0.11333707   0.19427624   0.08614114   0.09476476   0.17420033   0.08593158   0.09107718   0.11811214   0.20034609   0.14046872
  0.22472015   0.14820944   0.09014867   0.08903784   0.16297904   0.09064189   0.09959507   0.09138705   0.12450986   0.09443173   0.10693484   0.13684834   0.11817851   0.12764217   0.09005343   0.11333707   0.18774041   0.08614114   0.09476476   0.17420033   0.08593158   0.08415258   0.11811214   0.14316393   0.10419103
  0.17286159   0.14820944   0.09014867   0.08903784   0.13972625   0.09064189   0.09959507   0.09138705   0.12450986   0.09443173   0.08857715   0.13684834   0.11817851   0.12764217   0.09005343   0.09120410   0.13659016   0.08614114   0.09476476   0.15701210   0.08593158   0.08415258   0.11811214   0.11545955   0.10419103
  0.17286159   0.13623985   0.09014867   0.08903784   0.13972625   0.09064189   0.09959507   0.09138705   0.12450986   0.09443173   0.08857715   0.09056735   0.11817851   0.12764217   0.09005343   0.09120410   0.13659016   0.08614114   0.09476476   0.15701210   0.08593158   0.08415258   0.11811214   0.11545955   0.10419103
  0.09537131   0.13623985   0.09014867   0.08903784   0.13972625   0.09064189   0.08562135   0.09138705   0.12450986   0.09443173   0.08857715   0.09056735   0.11817851   0.12764217   0.09005343   0.09120410   0.13659016   0.08614114   0.09476476   0.15701210   0.08593158   0.08415258   0.11811214   0.11545955   0.10419103
  0.09537131   0.12298380   0.09014867   0.08903784   0.13972625   0.09064189   0.08562135   0.09138705   0.11123157   0.09443173   0.08857715   0.09056735   0.09176295   0.12764217   0.09005343   0.09120410   0.13659016   0.08614114   0.09476476   0.13581338   0.08593158   0.08415258   0.09883614   0.11545955   0.10419103
  0.09537131   0.11195992   0.09014867   0.08903784   0.08702199   0.09064189   0.08562135   0.09138705   0.09957756   0.09443173   0.08857715   0.08838678   0.09176295   0.12764217   0.09005343   0.08694426   0.09668582   0.08614114   0.09476476   0.12337694   0.08593158   0.08415258   0.09883614   0.11545955   0.10407372
  0.09537131   0.11195992   0.09014867   0.08903784   0.08702199   0.08995121   0.08562135   0.09138705   0.09957756   0.09443173   0.08857715   0.08838678   0.09176295   0.12764217   0.09005343   0.08694426   0.09668582   0.08614114   0.09476476   0.10165140   0.08593158   0.08415258   0.09883614   0.09233017   0.10407372
  0.09537131   0.08604243   0.09014867   0.08903784   0.08702199   0.08739923   0.08562135   0.09138705   0.09957756   0.09443173   0.08857715   0.08838678   0.09176295   0.12764217   0.08740404   0.08694426   0.09668582   0.08614114   0.09476476   0.10165140   0.08593158   0.08415258   0.09883614   0.09233017   0.10407372
