  0.72921178   0.66633588   2.35263748   0.89231274   1.56689776   1.28149963   0.85544747   0.36226349   0.12684291   1.19460208   1.52109639   1.85682492   0.93714434   1.91590067   1.15991293   0.90107610   1.29711564   0.72307694   0.52579423   1.23340874   0.72695134   0.64805995   0.79358717   0.34182450   0.93700939
  1.12054576   0.06988056   0.28793919   0.07400582   0.13799423   0.56212579   0.03622263   0.41914664   0.82165463   0.69119176   0.57786054   0.52565297   0.24404591   0.33828046   0.05478900   0.45277763   0.63459404   0.35207306   0.17945627   0.39843275   0.88430688   0.28633285   0.04048027   0.17383217   0.54660153
  0.59176274   0.06988056   0.47444139   0.07400582   0.05520393   0.06440329   0.03622263   0.41739815   0.51192920   0.69119176   0.50932395   0.16105340   0.17900552   0.14428503   0.05478900   0.05230303   0.05216989   0.21622128   0.10632289   0.36701653   0.61716844   0.28633285   0.03540968   0.10152369   0.54660153
  0.06345493   0.06988056   0.13474043   0.07400582   0.05520393   0.06097258   0.03622263   0.11412919   0.12530278   0.69119176   0.50932395   0.04644626   0.17900552   0.14428503   0.05478900   0.05230303   0.05216989   0.15836801   0.10632289   0.06604631   0.10596400   0.28633285   0.03540968   0.10152369   0.54660153
  0.06345493   0.06988056   0.13474043   0.07400582   0.05520393   0.06097258   0.03622263   0.11412919   0.08235838   0.69119176   0.50932395   0.04644626   0.10358293   0.14428503   0.05478900   0.05230303   0.05216989   0.15836801   0.10632289   0.04828484   0.04928269   0.28116379   0.03540968   0.10152369   0.54660153
  0.06345493   0.06988056   0.13474043   0.07400582   0.05520393   0.06097258   0.03622263   0.11412919   0.06678961   0.69119176   0.50932395   0.04644626   0.10358293   0.14428503   0.05478900   0.05230303   0.05216989   0.15836801   0.10632289   0.04828484   0.03411198   0.05110413   0.03540968   0.10152369   0.54660153
  0.06345493   0.06988056   0.13474043   0.07400582   0.05520393   0.06097258   0.03622263   0.11412919   0.06678961   0.69119176   0.50932395   0.04644626   0.10358293   0.14428503   0.05478900   0.05230303   0.05216989   0.15836801   0.10632289   0.04476645   0.03411198   0.03727618   0.03540968   0.10152369   0.54660153
  0.06345493   0.06988056   0.09115415   0.07400582   0.03868991   0.06097258   0.03622263   0.11412919   0.06678961   0.69119176   0.31360652   0.04644626   0.10358293   0.14428503   0.05478900   0.05230303   0.05216989   0.15836801   0.10632289   0.04476645   0.03411198   0.03727618   0.03540968   0.10152369   0.54660153
  0.06345493   0.06988056   0.04364567   0.07400582   0.03868991   0.06097258   0.03622263   0.11412919   0.06678961   0.69119176   0.16341638   0.04644626   0.10358293   0.14428503   0.05478900   0.05230303   0.05216989   0.15836801   0.10632289   0.04476645   0.03411198   0.03727618   0.03540968   0.10152369   0.54660153
  0.06345493   0.06988056   0.03367453   0.04164513   0.03868991   0.06097258   0.03622263   0.11412919   0.06678961   0.69119176   0.16341638   0.04644626   0.10358293   0.14428503   0.05068464   0.05230303   0.05216989   0.15836801   0.10632289   0.04476645   0.03411198   0.03727618   0.03540968   0.10152369   0.54660153
