  3.08173213   4.89960669   4.61800339   4.69000265   4.89963131   3.08173259   4.08173214   4.69007297   2.94696183   2.92483176   4.61797774   3.64010828   2.92483055   4.63274145   3.61797773   4.00423152   4.63272958   4.25518031   3.08173483   4.89960669   3.08173213   2.92483088   4.20645990   4.20645955   3.94696110
  3.08173213   4.89960669   4.61797773   4.69000000   4.89960669   3.00228784   4.08173213   4.69000000   2.94696110   2.92483055   4.61797773   3.61797775   2.92483055   4.63274145   3.61797773   4.00423152   4.62199659   4.08173375   3.08173213   4.89960669   3.08173213   2.92483088   4.20645951   4.20645951   3.94696110
  3.08173213   3.80618831   3.64010828   3.94696110   3.77487931   2.94696110   3.77487931   2.92483117   2.94696110   2.92483055   2.94696110   3.61797773   2.92483055   3.77487931   3.61797773   4.00423152   4.61797773   4.08173213   3.08173213   3.08173213   3.08173213   2.92483088   4.08173213   3.08173213   3.94696110
  3.08173213   3.64010828   3.64010828   3.08174476   3.77487931   2.94696110   2.94696110   2.92483055   2.94696110   2.92483055   2.94696110   3.61797773   2.92483055   3.08173213   2.92484494   3.21422898   2.92483055   3.08191471   3.08173213   3.08173213   3.08173213   2.92483088   2.94696112   3.08173213   2.94696110
  2.92483059   2.92570610   3.64010828   3.08173213   3.77487931   2.94696110   2.94696110   2.92483055   2.94696110   2.92483055   2.94696110   3.61797773   2.92483055   3.08173213   2.92483055   3.08173213   2.92483055   3.08173213   3.08173213   3.08173213   3.08173213   2.92483088   2.94696110   3.08173213   2.94696110
  2.92483055   2.92483055   3.64010828   3.08173213   3.77487931   2.94696110   2.94696110   2.92483055   2.94696110   2.92483055   2.94696110   3.61797773   2.92483055   3.08173213   2.92483055   3.08173213   2.92483055   3.08173213   3.08173213   3.08173213   3.08173213   2.92483088   2.94696110   3.08173213   2.94696110
  2.92483055   2.92483055   3.64010828   3.08173213   3.01631701   2.94696110   2.94696110   2.92483055   2.94696110   2.92483055   2.94696110   3.61797773   2.92483055   3.08173213   2.92483055   3.08173213   2.92483055   3.08173213   3.08173213   3.08173213   3.08173213   2.92483088   2.94696110   3.08173213   2.94696110
  2.92483055   2.92483055   3.08199293   3.08173213   2.92483055   2.94696110   2.94696110   2.92483055   2.94696110   2.92483055   2.94696110   3.61797773   2.92483055   3.08173213   2.92483055   3.08173213   2.92483055   3.08173213   3.08173213   3.08173213   3.08173213   2.92483088   2.94696110   3.08173213   2.94696110
  2.92483055   2.92483055   3.08173213   3.08173213   2.92483055   2.94696110   2.94696110   2.92483055   2.94696110   2.92483055   2.94696110   3.61797773   2.92483055   2.92488006   2.92483055   3.08173213   2.92483055   3.08173213   3.08173213   3.08173213   3.08173213   2.92483088   2.94696110   3.08173213   2.92682436
  2.92483055   2.92483055   3.08173213   3.08173213   2.92483055   2.94696110   2.94696110   2.92483055   2.94696110   2.92483055   2.94696110   3.61797773   2.92483055   2.92483055   2.92483055   3.08173213   2.92483055   3.08173213   3.08173213   3.08173213   3.08173213   2.92483088   2.94696110   3.08173213   2.92483055
