7858.50655361 2463.56056348 4236.97841427 4548.59823357 2866.62936118 3868.67603514 5757.62918793 5798.86384797 10261.81904895 3996.27073186 3688.43024243 3465.51430390 5320.06613272 3154.28500618 4485.41538428 3709.92307814 4277.41581172 4717.95575604 14958.55452584 3576.87571839 3872.83290769 5988.45473961 4277.13913617 9490.18340719 4344.28991471
7478.11870044 2406.79797362 4228.99067856 4457.37487916 2922.03841209 3927.08489019 5210.84651924 4454.93798337 5153.20266134 4019.51262863 5163.12521374 4083.16161552 4157.54396177 3154.28500618 8495.21400448 4409.65415127 4040.11470435 3987.63714113 7543.69652482 3638.10708805 3993.49259062 5122.35044091 3307.44516223 9145.27130170 4374.82398512
7075.90492473 3039.39593444 4215.67444407 4573.45525235 3258.95655169 3611.38853113 4144.01223518 4398.30705823 4017.23165471 4012.66521711 5163.12521374 4300.35932015 4368.94351908 6397.30095939 4438.28934271 4409.65415127 4042.28792656 3324.74061249 6756.01315269 3713.63724424 5058.28940579 4308.80031163 3354.84883026 4276.02037488 4119.00982148
6833.95735899 3039.39593444 4206.61446975 4454.96926798 3353.33328282 3584.26794982 3272.89189355 4398.30705823 4032.33943523 4017.18985914 5163.12521374 4264.36639180 4109.83481697 5482.78829915 4430.74145849 4409.65415127 4042.28792656 3322.27278509 6756.01315269 3713.63724424 3708.57192649 3987.33801104 3420.36228575 4276.02037488 4225.57589463
5283.54952638 3039.39593444 4206.59055657 4464.76778488 3353.75170994 3586.57700812 3301.37117568 4398.30705823 4102.57580039 4017.12982030 5163.12521374 4262.45906956 4055.69712033 5669.38666835 4430.72899458 4168.92772369 4042.28792656 3322.27278509 6756.01315269 3713.63724424 3766.25435405 4056.14874844 3523.88309119 4331.48658993 4185.89806720
4234.62661666 3766.72741066 4207.78819847 4464.76778488 3353.75170994 3631.75957621 3370.43570061 4398.30705823 4093.81808733 4110.41359463 3964.19781985 4261.29303837 4055.69712033 4017.75993351 4430.72899458 4108.56119693 4205.32395958 3322.27278509 6756.01315269 3713.63724424 3767.98619387 4052.16511193 3513.34295169 4031.84566076 4185.89806720
4235.34900963 3766.72741066 4207.78819847 4464.76778488 3353.75170994 3631.75957621 4074.68811132 4398.30705823 4091.74480997 4108.44683726 4048.61002306 4259.95318011 4128.52124030 3980.47647901 3555.07120794 4107.06577883 4206.39331518 3322.27278509 6756.01315269 3713.63724424 3783.21982443 4052.16511193 3468.41739779 4033.52082632 4185.89806720
4235.34900963 3680.49068549 4207.78819847 4464.76778488 3965.50673322 3631.75957621 4075.97890507 4398.30705823 4091.73632348 4114.18368528 4048.61002306 4259.28562607 4135.46534044 3980.47647901 3555.72701520 4106.21761846 4206.39331518 3322.27278509 4062.47495286 3713.63724424 3783.21982443 4083.41493422 3793.23373238 4033.52082632 4185.89806720
4235.34900963 3652.88319763 4243.51569319 4464.76778488 3984.19733266 3655.77888152 4126.92386910 4398.30705823 4091.73632348 4114.42933127 4048.61002306 4258.01620818 4135.46534044 3980.47647901 3555.72701520 4106.21761846 4206.39331518 3322.27278509 3999.49233998 3713.63724424 3783.21982443 4077.76717960 4124.76020054 4033.52082632 4185.89806720
4235.34900963 3635.96651391 4257.94318181 4464.76778488 3984.19733266 3656.18854432 4132.26305649 4398.30705823 4136.49020503 4114.42933127 4048.61002306 4257.77987882 4135.46534044 3980.47647901 3555.72701520 4106.21761846 4206.39331518 3322.27278509 4060.30850623 4100.11071464 3783.21982443 4077.78744158 4159.93892126 4033.52082632 4185.89806720
