-5029.26671933 -4985.14183237 -5693.10338370 -5924.52000694 -5703.41862460 -5683.45784627 -5886.28496168 -5719.25785189 -4974.12923487 -5896.89566745 -5717.10769523 -5718.64380675 -5537.25343285 -5104.78260697 -5726.76511663 -5907.96769912 -5738.19254076 -5044.27244357 -5933.88017986 -5869.12293558 -5846.67673762 -5213.36601873 -5828.34143583 -5825.01903185 -5947.18501044
-5557.26315996 -5347.08834720 -5716.49068613 -5925.19985623 -5703.61409626 -5683.45784627 -5886.51732657 -5776.88705575 -5992.19043608 -5896.89566745 -5717.51911096 -5719.46922844 -5588.95446240 -5104.78260697 -5831.76998178 -5910.75986520 -5738.19254076 -5647.51070832 -5933.97785792 -5869.17828049 -5900.81209498 -5697.63311786 -5829.02568922 -5825.08145387 -5947.36956524
-5733.85691666 -5394.59470266 -5716.71309206 -5925.58986399 -5703.64117456 -5943.39213232 -5886.62833864 -5776.97265146 -5998.72322856 -5896.89566745 -5718.25111739 -5719.54353868 -5648.29483742 -5770.05809133 -5894.60401070 -5911.91255977 -5819.56489770 -5648.25342491 -5933.97785792 -5869.30799881 -5900.82841531 -5710.64773349 -5829.16735730 -5825.08344093 -5947.38095215
-5734.23591590 -5396.84994884 -5716.74122504 -5925.59832843 -5703.70312363 -5943.42697967 -5886.67386624 -5776.97670509 -5998.88299810 -5896.89566745 -5718.38617431 -5719.54353868 -5649.53529646 -5770.21294680 -5895.00013722 -5911.97775135 -5852.47891783 -5692.07202621 -5933.97785792 -5869.35515935 -5900.83317097 -5710.74745166 -5829.16735730 -5825.08344093 -5947.38095215
-5736.09553115 -5603.34419343 -5716.74883111 -5925.59832843 -5725.20777493 -5943.77782689 -5886.68503025 -5776.97686269 -5998.89126114 -5896.89566745 -5718.39136844 -5719.54353868 -5727.76118946 -5770.26287051 -5895.08616302 -5970.33291897 -5852.81789661 -5692.07374781 -5933.97785792 -5869.39562355 -5900.83317097 -5735.14982937 -5829.16735730 -5825.08344093 -5947.38095215
-5736.12340141 -5603.34419343 -5716.75610551 -5925.59832843 -5725.52914203 -5947.95646124 -5922.40052846 -5776.97686269 -5998.89206694 -5896.89566745 -5843.24761579 -5719.54353868 -5737.91639547 -5770.26685864 -5895.08621602 -5970.33291897 -5852.92406753 -5699.51834667 -5933.97785792 -5869.40467383 -5900.83317097 -5735.39747693 -5829.16735730 -5825.08344093 -5991.62490483
-5736.12763744 -5796.24790516 -5898.05570493 -5925.59832843 -5726.03323602 -5947.96054759 -5924.48615408 -5788.45651564 -5998.90056326 -5896.89566745 -5844.48049460 -5719.54353868 -5764.70093352 -5896.11370727 -5895.08621602 -5970.33291897 -5852.93127518 -5706.12760966 -5933.97785792 -5869.40467383 -5900.83317097 -5735.44794239 -5829.16735730 -5825.08344093 -5991.62490483
-5891.78568576 -5815.45235706 -5899.05876401 -5925.59832843 -5727.02926852 -5947.96272257 -5930.59296871 -5789.87951502 -5998.90217001 -5896.89566745 -5864.53615529 -5719.54353868 -5764.70093352 -5896.40110752 -5895.08621602 -5970.33291897 -5856.20831929 -5706.12760966 -5933.97785792 -5869.40467383 -5900.83317097 -5739.43945144 -5829.16735730 -5854.16366936 -5991.62490483
-5930.94211667 -5815.48372258 -5901.70559892 -5925.59832843 -5727.03950204 -5947.96335741 -5947.82854966 -5793.91865322 -5998.90217001 -5896.89566745 -5864.54729918 -5719.54353868 -5764.70093352 -5896.83179232 -5895.08621602 -5970.33291897 -5856.26042107 -5706.12760966 -5933.97785792 -5869.40467383 -5900.83317097 -5818.58743229 -5829.16735730 -5854.65294877 -5991.62490483
-5931.01131333 -5815.48379248 -5901.72725783 -5925.59832843 -5727.03961050 -5947.96347759 -5947.91608404 -5793.92912595 -5998.90217001 -5896.89566745 -5864.54729918 -5719.54353868 -5764.70093352 -5896.85948988 -5895.08621602 -5970.33291897 -5856.27053803 -5706.12760966 -5933.97785792 -5869.40467383 -5900.83317097 -5827.63176233 -5829.16735730 -5855.35606084 -5991.62490483
