  0.00003170   9.07153941  40.13975417   3.00855559  45.72356504  12.17517769  68.92030755 161.53325071   0.83740696   0.00000078  86.56049567   0.04878075   0.27193350   3.60962977  33.87004330 167.61509545   0.03966627  11.79728121  19.10536887  34.70363453   9.11900840 641.94646271 159.21824075  97.61717729   0.00516780
  0.00000000   0.00000000  12.16772225   0.00000000   0.00000000   0.00000000   0.00000006   0.00000000   0.00000000   0.00000000  22.12649669   0.04878075   0.00000000   0.00000000  33.87004330   0.00000000   0.00000000   0.00000000   0.00000000   0.00000000   0.00000000  88.18606175  16.25185848   0.00000000   0.00000000
  0.00000000   0.00000000   0.00000000   0.00000000   0.00000000   0.00000000   0.00000000   0.00000000   0.00000000   0.00000000   0.00000000   0.00000000   0.00000000   0.00000000   0.00000000   0.00000000   0.00000000   0.00000000   0.00000000   0.00000000   0.00000000 207.48602456   0.00000037   0.00000000   0.00000000
  0.00000000   0.00000000   0.00000000   0.00000000   0.00000000   0.00000000   0.00000000   0.00000000   0.00000000   0.00000000   0.00000000   0.00000000   0.00000000   0.00000000   0.00000000   0.00000000   0.00000000   0.00000000   0.00000000   0.00000000   0.00000000   0.00000000   0.00000000   0.00000000   0.00000000
  0.00000000   0.00000000   0.00000000   0.00000000   0.00000000   0.00000000   0.00000000   0.00000000   0.00000000   0.00000000   0.00000000   0.00000000   0.00000000   0.00000000   0.00000000   0.00000000   0.00000000   0.00000000   0.00000000   0.00000000   0.00000000   0.00000000   0.00000000   0.00000000   0.00000000
  0.00000000   0.00000000   0.00000000   0.00000000   0.00000000   0.00000000   0.00000000   0.00000000   0.00000000   0.00000000   0.00000000   0.00000000   0.00000000   0.00000000   0.00000000   0.00000000   0.00000000   0.00000000   0.00000000   0.00000000   0.00000000   0.00000000   0.00000000   0.00000000   0.00000000
  0.00000000   0.00000000   0.00000000   0.00000000   0.00000000   0.00000000   0.00000000   0.00000000   0.00000000   0.00000000   0.00000000   0.00000000   0.00000000   0.00000000   0.00000000   0.00000000   0.00000000   0.00000000   0.00000000   0.00000000   0.00000000   0.00000000   0.00000000   0.00000000   0.00000000
  0.00000000   0.00000000   0.00000000   0.00000000   0.00000000   0.00000000   0.00000000   0.00000000   0.00000000   0.00000000   0.00000000   0.00000000   0.00000000   0.00000000   0.00000000   0.00000000   0.00000000   0.00000000   0.00000000   0.00000000   0.00000000   0.00000000   0.00000000   0.00000000   0.00000000
  0.00000000   0.00000000   0.00000000   0.00000000   0.00000000   0.00000000   0.00000000   0.00000000   0.00000000   0.00000000   0.00000000   0.00000000   0.00000000   0.00000000   0.00000000   0.00000000   0.00000000   0.00000000   0.00000000   0.00000000   0.00000000   0.00000000   0.00000000   0.00000000   0.00000000
  0.00000000   0.00000000   0.00000000   0.00000000   0.00000000   0.00000000   0.00000000   0.00000000   0.00000000   0.00000000   0.00000000   0.00000000   0.00000000   0.00000000   0.00000000   0.00000000   0.00000000   0.00000000   0.00000000   0.00000000   0.00000000   0.00000000   0.00000000   0.00000000   0.00000000
