7561.56743348 5578.93440455 6963.11978403 4393.52872166 6291.91219810 7208.90541236 5925.36801816 6005.29333784 8041.48692322 11023.83537715 8639.32402988 3291.22404673 6486.06592079 6122.52038900 6010.80518218 9039.78878749 9096.42367530 6470.89884987 4708.17830806 6242.23734411 6751.69328272 7379.74633868 9648.89494441 12059.85200813 11243.54762104
7705.80180018 5640.10613275 7087.99988529 4758.25410349 6280.42997182 7240.39665721 6197.05553961 6260.91080679 7983.91747129 11039.33849488 8894.44865186 3292.64080477 6491.37691945 6456.85672711 6223.03670902 9156.67785286 9092.16443901 6543.46574745 4713.67841578 6250.39873913 6622.79371050 7380.35653202 10006.79180488 12097.68703475 11273.06809985
7761.06088243 5733.40702177 7080.97315687 4823.99119307 6390.49160972 7454.65573830 6337.49349737 6307.51679922 7857.06968299 11198.82088075 8843.67796556 3313.91820736 6494.99355870 6368.89894804 6406.39317866 9117.72112594 8579.18102800 6531.90864307 4738.86112206 6257.13236135 6637.19469390 7374.61998077 10141.83516298 12077.03518833 11273.86706156
7861.70662022 5855.22322131 7057.23087009 4890.60883743 6419.03535818 7615.83405577 6424.11692900 6257.83529583 7880.70744462 11119.74160242 8544.51999612 3299.30640703 6545.20471110 6249.37739750 6404.69838258 9165.01901021 8579.18102800 6536.05025079 4779.87051632 6359.09206272 6654.33743591 7391.25121728 10233.94274705 11932.29398450 11277.31506435
7908.67315681 6044.58714131 7063.10335027 4875.63783785 6433.50612630 7655.02206666 6484.13476445 6302.65429227 7811.13403848 11117.57420788 8579.84348577 3290.55270490 6654.83765143 6231.41885774 6404.69838258 9137.78579427 8579.18102800 6533.03661237 4821.83430581 6501.95441774 6635.30423347 7481.72110979 10260.99698294 11844.85629850 11320.85463239
7932.72423113 6081.20717804 7076.17908851 4875.76443728 6483.20447063 7669.83400084 6489.08713037 6300.33897745 7756.49016289 11100.24510964 8637.22085466 3264.28286209 6965.84183796 6253.98616116 7132.58115416 9211.72806856 8579.18102800 6526.85552871 4838.94289358 6664.24537005 6716.06362676 7543.20020171 10266.58725576 11733.65340474 11389.10964722
7971.42925826 6204.07156156 7076.17908851 4875.91474669 6485.80962995 7676.84767586 11044.72197171 6300.33897745 7729.14970233 11098.70593732 8553.73288582 3295.99204668 7180.76411682 6253.98616116 7132.58115416 9323.92811267 8579.18102800 6462.45491494 4861.84660888 6708.75108371 6815.16380128 7581.62280376 10296.80680103 11733.65340474 11415.76415061
7972.83072922 6204.07156156 7076.17908851 4875.91474669 12307.19995774 7925.40452317 11044.72197171 6300.33897745 7735.24842727 11096.41722096 8563.28803203 3295.99746624 7142.30007542 13506.71951621 7132.58115416 9443.93600377 8579.18102800 6476.12875801 4903.75202142 6722.36617152 6796.36235722 7581.62280376 10441.39430240 9287.04876006 11393.65671325
7976.56367391 6953.07154837 3933.07076101 10556.47523168 12307.19995774 7925.40452317 11044.72197171 6300.33897745 11266.15032182 11098.15347657 8651.94367474 10164.82525364 7015.61994633 13384.98569074 7132.58115416 9525.29822800 8579.18102800 6493.68007076 10137.89389816 11985.25139120 6765.13258676 7581.62280376 10449.40831374 9176.12524503 11377.34088134
7980.91513173 6627.64415486 4541.12938160 10209.98106138 12307.19995774 7925.40452317 11044.72197171 6300.33897745 11266.15032182 11105.21486332 8714.40853445 9999.27225452 7006.91892913 8991.09711581 7132.58115416 9537.66546554 8579.18102800 9858.08023015 10137.89389816 11985.25139120 6737.44210205 7581.62280376 10463.10776088 8784.75212016 11383.79066942
