-30662.11374694 -30665.52976601 -30665.53867086 -30665.53865930 -30665.53867178 -30665.53867178 -30665.53867178 -30665.53867178 -30665.53867178 -30665.53862081 -30665.53867178 -30665.53867178 -30665.53863410 -30665.53867178 -30665.53867178 -30665.53867178 -30665.34740805 -30665.53867178 -30665.53867178 -30665.53867178 -30665.21974570 -30665.53867178 -30665.53867178 -30665.53867178 -30665.53867170
-30665.53867178 -30665.53867178 -30665.53867176 -30665.53867178 -30665.53867178 -30665.53867178 -30665.53867178 -30665.53867178 -30665.53867178 -30665.53867178 -30665.53867178 -30665.53867178 -30665.53867178 -30665.53867178 -30665.53867178 -30665.53867178 -30665.53867178 -30665.53867178 -30665.53867178 -30665.53867178 -30665.53867178 -30665.53867178 -30665.53867178 -30665.53867178 -30665.53867178
-30665.53867178 -30665.53867178 -30665.53867178 -30665.53867178 -30665.53867178 -30665.53867178 -30665.53867178 -30665.53867178 -30665.53867178 -30665.53867178 -30665.53867178 -30665.53867178 -30665.53867178 -30665.53867178 -30665.53867178 -30665.53867178 -30665.53867178 -30665.53867178 -30665.53867178 -30665.53867178 -30665.53867178 -30665.53867178 -30665.53867178 -30665.53867178 -30665.53867178
-30665.53867178 -30665.53867178 -30665.53867178 -30665.53867178 -30665.53867178 -30665.53867178 -30665.53867178 -30665.53867178 -30665.53867178 -30665.53867178 -30665.53867178 -30665.53867178 -30665.53867178 -30665.53867178 -30665.53867178 -30665.53867178 -30665.53867178 -30665.53867178 -30665.53867178 -30665.53867178 -30665.53867178 -30665.53867178 -30665.53867178 -30665.53867178 -30665.53867178
-30665.53867178 -30665.53867178 -30665.53867178 -30665.53867178 -30665.53867178 -30665.53867178 -30665.53867178 -30665.53867178 -30665.53867178 -30665.53867178 -30665.53867178 -30665.53867178 -30665.53867178 -30665.53867178 -30665.53867178 -30665.53867178 -30665.53867178 -30665.53867178 -30665.53867178 -30665.53867178 -30665.53867178 -30665.53867178 -30665.53867178 -30665.53867178 -30665.53867178
-30665.53867178 -30665.53867178 -30665.53867178 -30665.53867178 -30665.53867178 -30665.53867178 -30665.53867178 -30665.53867178 -30665.53867178 -30665.53867178 -30665.53867178 -30665.53867178 -30665.53867178 -30665.53867178 -30665.53867178 -30665.53867178 -30665.53867178 -30665.53867178 -30665.53867178 -30665.53867178 -30665.53867178 -30665.53867178 -30665.53867178 -30665.53867178 -30665.53867178
-30665.53867178 -30665.53867178 -30665.53867178 -30665.53867178 -30665.53867178 -30665.53867178 -30665.53867178 -30665.53867178 -30665.53867178 -30665.53867178 -30665.53867178 -30665.53867178 -30665.53867178 -30665.53867178 -30665.53867178 -30665.53867178 -30665.53867178 -30665.53867178 -30665.53867178 -30665.53867178 -30665.53867178 -30665.53867178 -30665.53867178 -30665.53867178 -30665.53867178
-30665.53867178 -30665.53867178 -30665.53867178 -30665.53867178 -30665.53867178 -30665.53867178 -30665.53867178 -30665.53867178 -30665.53867178 -30665.53867178 -30665.53867178 -30665.53867178 -30665.53867178 -30665.53867178 -30665.53867178 -30665.53867178 -30665.53867178 -30665.53867178 -30665.53867178 -30665.53867178 -30665.53867178 -30665.53867178 -30665.53867178 -30665.53867178 -30665.53867178
-30665.53867178 -30665.53867178 -30665.53867178 -30665.53867178 -30665.53867178 -30665.53867178 -30665.53867178 -30665.53867178 -30665.53867178 -30665.53867178 -30665.53867178 -30665.53867178 -30665.53867178 -30665.53867178 -30665.53867178 -30665.53867178 -30665.53867178 -30665.53867178 -30665.53867178 -30665.53867178 -30665.53867178 -30665.53867178 -30665.53867178 -30665.53867178 -30665.53867178
-30665.53867178 -30665.53867178 -30665.53867178 -30665.53867178 -30665.53867178 -30665.53867178 -30665.53867178 -30665.53867178 -30665.53867178 -30665.53867178 -30665.53867178 -30665.53867178 -30665.53867178 -30665.53867178 -30665.53867178 -30665.53867178 -30665.53867178 -30665.53867178 -30665.53867178 -30665.53867178 -30665.53867178 -30665.53867178 -30665.53867178 -30665.53867178 -30665.53867178
