  0.57433962   1.44388430   1.28639257   0.55318182   1.53194093   0.53773004   0.54288066   0.61781250   0.53000000   0.54103273   0.53310606   0.97250000   0.75363636   0.60428571   0.52758792   2.05666667   0.69000000   0.55304348   0.53760417   0.55666667   0.55260009   0.54384615   0.60038462   1.09000000   2.65190476
  0.55328311   0.57485714   0.53222222   0.54384615   0.53623338   0.53773004   0.54288066   0.61781250   0.64979592   0.54103273   0.53310606   0.53740430   0.54384615   0.52576871   0.52758792   0.54384615   0.53000000   0.53528736   0.53760417   0.53000000   0.53490967   0.53494284   0.55463602   0.53523810   0.66223881
  0.53116521   0.54384615   0.52576871   0.53760417   0.53623338   0.53048518   0.54288066   0.53000000   0.53760417   0.54103273   0.53310606   0.53740430   0.54384615   0.52576871   0.52758792   0.53085770   0.53000000   0.52700405   0.53760417   0.53000000   0.53490967   0.53494284   0.54788820   0.53523810   0.53206653
  0.53116521   0.53583185   0.52576871   0.52960784   0.53623338   0.52804725   0.54288066   0.53000000   0.53351190   0.54103273   0.53310606   0.53302227   0.54384615   0.52576871   0.52758792   0.53085770   0.53000000   0.52700405   0.52803279   0.53000000   0.53490967   0.53494284   0.54788820   0.53523810   0.53206653
  0.53116521   0.53537313   0.52576871   0.52960784   0.53623338   0.52804725   0.52761150   0.53000000   0.53351190   0.54103273   0.53310606   0.53302227   0.53705882   0.52576871   0.52758792   0.53085770   0.53000000   0.52700405   0.52803279   0.53000000   0.53490967   0.53494284   0.54567731   0.53523810   0.53000000
  0.53116521   0.53537313   0.52576871   0.52734694   0.53623338   0.52804725   0.52761150   0.53000000   0.53351190   0.53635659   0.53310606   0.53302227   0.53000000   0.52576871   0.52758792   0.52700405   0.53000000   0.52700405   0.52803279   0.53000000   0.53490967   0.53494284   0.54567731   0.53523810   0.53000000
  0.53116521   0.53537313   0.52576871   0.52734694   0.53623338   0.52804725   0.52761150   0.52732456   0.53351190   0.53635659   0.53310606   0.52673993   0.53000000   0.52576871   0.52758792   0.52700405   0.53000000   0.52700405   0.52803279   0.53000000   0.53490967   0.53494284   0.54567731   0.53523810   0.53000000
  0.53116521   0.52689550   0.52576871   0.52734694   0.53623338   0.52804725   0.52761150   0.52732456   0.53351190   0.53635659   0.52812401   0.52673993   0.53000000   0.52576871   0.52734694   0.52700405   0.53000000   0.52700405   0.52803279   0.53000000   0.53490967   0.53085770   0.54384615   0.53073171   0.53000000
  0.53116521   0.52689550   0.52576871   0.52734694   0.53623338   0.52804725   0.52761150   0.52732456   0.53000000   0.53635659   0.52812401   0.52673993   0.53000000   0.52576871   0.52734694   0.52700405   0.53000000   0.52700405   0.52803279   0.53000000   0.53490967   0.53085770   0.54384615   0.53073171   0.53000000
  0.53116521   0.52689550   0.52576871   0.52734694   0.53623338   0.52804725   0.52761150   0.52732456   0.52596737   0.53635659   0.52812401   0.52673993   0.53000000   0.52576871   0.52734694   0.52700405   0.53000000   0.52700405   0.52628057   0.53000000   0.53490967   0.53085770   0.54384615   0.52666667   0.52781377
