  1.51336833   0.93685100   0.12104515   0.33860125   0.07360445   0.80059391   1.31338526   1.85391343   1.09749091   0.83738291   0.92083491   0.73271156   0.87881447   0.93698791   0.57952265   0.93749345   0.93677819   0.81351352   0.93678082   0.93651396   0.78575244   0.56330740   0.13864593   0.48295462   0.12019314
  0.37573692   0.21843006   0.09071699   0.10445717   0.05748966   0.12130504   0.22814129   0.18907203   0.60845678   0.19837336   0.25577324   0.10431488   0.49053532   0.40281897   0.07591332   1.05522405   0.29454492   0.11347070   0.50424400   1.18445502   0.12284284   0.23609652   0.05290390   0.10591421   0.05583603
  0.06507632   0.11536338   0.09069589   0.06195272   0.05748966   0.04833251   0.06912618   0.06285911   0.08039001   0.07445563   0.03821532   0.06169674   0.06652766   0.18286966   0.06887873   0.27779928   0.07199190   0.07463228   0.07952047   0.15909790   0.07523017   0.06248623   0.05290390   0.06407646   0.05566352
  0.06372282   0.10395530   0.09069589   0.05299245   0.05748966   0.04827840   0.05253003   0.04940798   0.07798587   0.06608741   0.03802925   0.05933808   0.06350748   0.11233038   0.06887784   0.11237094   0.04393882   0.07229667   0.07645761   0.05509879   0.07520266   0.04489370   0.05290390   0.05877371   0.05566352
  0.06372282   0.10393388   0.08525775   0.03803030   0.05748966   0.04827840   0.05252979   0.04940797   0.07798587   0.06608730   0.03802925   0.05933808   0.06350748   0.10262629   0.06887784   0.05091725   0.04371406   0.07228863   0.07645761   0.05476122   0.07519125   0.04489080   0.05290390   0.05875209   0.05566352
  0.06372282   0.10393388   0.03483995   0.03802925   0.05748966   0.04827840   0.05252979   0.04940797   0.07798587   0.06608730   0.03802925   0.05933808   0.06350748   0.10262492   0.05040672   0.03536233   0.04371406   0.07228787   0.07645761   0.05476117   0.07519124   0.04489080   0.05290390   0.05875209   0.03141544
  0.03074362   0.10393388   0.03483881   0.03802925   0.05748966   0.04827840   0.05252979   0.04940797   0.07798587   0.06608730   0.03802925   0.05933808   0.06301999   0.10262489   0.05040620   0.03536233   0.04371406   0.04780659   0.07645761   0.05476117   0.07519124   0.04489080   0.05290390   0.05875209   0.03141003
  0.03073936   0.10393388   0.03483881   0.03802925   0.05748966   0.04827840   0.05252979   0.04940797   0.07798587   0.06081259   0.03802925   0.05933808   0.06301935   0.10262489   0.05040620   0.03536233   0.04371406   0.04780653   0.07645761   0.05476117   0.07519124   0.04489080   0.05290390   0.05875209   0.03141003
  0.03073936   0.08510399   0.03483881   0.03802925   0.05748966   0.04827840   0.05252979   0.04940797   0.07798587   0.06081258   0.03802925   0.05933808   0.06301935   0.10262489   0.05040620   0.03536233   0.04371406   0.04780653   0.05813844   0.05476117   0.07519124   0.04366996   0.05290390   0.05875209   0.03141003
  0.03073936   0.07003349   0.03483881   0.03802925   0.05748966   0.04827840   0.05252979   0.04940797   0.07798587   0.06081258   0.03802925   0.05933808   0.06301935   0.06600547   0.05040620   0.03536233   0.04371406   0.04780653   0.04718670   0.05476117   0.07462142   0.04138045   0.05290390   0.05875209   0.03141003
