  0.17731464   0.22994882   0.60791888   0.49583723   0.36049311   0.44865693   0.13607046   0.24065008   0.28263944   0.35397820   0.33761402   0.43937260   0.49725488   0.75206751   0.19808953   0.60620676   0.17887374   0.37392491   0.15143887   0.11573280   0.62903722   0.16725741   0.16695965   0.25853714   0.49904838
  0.10733194   0.10753123   0.36465104   0.48105528   0.05963978   0.60783872   0.11407982   0.21891963   0.32393527   0.11966887   0.10956099   0.24534151   0.47935507   0.28160548   0.29917708   0.65835155   0.10775604   0.31790141   0.54243925   0.44175294   0.37170074   0.11433693   0.10856707   0.10860753   0.23109553
  0.10733194   0.10753123   0.11331444   0.03509264   0.05963978   0.23494617   0.11407982   0.11745505   0.18732135   0.10960468   0.03360944   0.08812313   0.43045354   0.03797999   0.06031138   0.16455883   0.10775604   0.03906062   0.15109598   0.21569124   0.08237035   0.11433693   0.10732282   0.10860753   0.10896650
  0.10733194   0.10753123   0.09437985   0.02149736   0.05963978   0.09043129   0.11407982   0.05038227   0.07749026   0.10960468   0.02947596   0.06302247   0.23606124   0.01697292   0.03570370   0.09504071   0.10775604   0.02215014   0.07429798   0.04181859   0.03012526   0.11433693   0.10732282   0.10860753   0.10888754
  0.10733194   0.10753123   0.09429274   0.01831615   0.05963978   0.07077522   0.11407982   0.04001802   0.05109982   0.10960468   0.02892523   0.03899727   0.23606124   0.01324062   0.03530625   0.06192618   0.10775604   0.01700614   0.06595270   0.02035586   0.02115490   0.11433693   0.10732282   0.10860753   0.10888754
  0.06200363   0.10753123   0.09429274   0.01831615   0.05963978   0.06764439   0.11407982   0.03803764   0.04662087   0.10960468   0.02867966   0.03597357   0.23606124   0.01305008   0.03433392   0.04453936   0.06338240   0.01442729   0.06595270   0.01764523   0.01744149   0.11433693   0.10732282   0.10860753   0.10888754
  0.03284135   0.10753123   0.05171507   0.01831615   0.04141369   0.06591051   0.11407982   0.03787222   0.03284201   0.06898395   0.02856975   0.03199654   0.23606124   0.01305008   0.03280301   0.03472462   0.03217696   0.01442729   0.06595270   0.01646337   0.01446468   0.11433693   0.10732282   0.10860753   0.10888754
  0.02913295   0.10753123   0.03396146   0.01831615   0.01342686   0.06505167   0.01967339   0.03787222   0.03280817   0.01528711   0.02849229   0.03199654   0.09980200   0.01305008   0.02999894   0.03372129   0.03132091   0.01442729   0.06595270   0.01564675   0.01361132   0.11433693   0.10732282   0.10860753   0.10888754
  0.02884010   0.10753123   0.02546875   0.01831615   0.01037304   0.06505167   0.01188305   0.03787222   0.03280817   0.00949863   0.02826725   0.03199654   0.03677804   0.01305008   0.02927712   0.03257462   0.03131250   0.01442729   0.06595270   0.01224101   0.01354026   0.06386346   0.07356402   0.10860753   0.10888754
  0.02884010   0.06371090   0.01948400   0.01796162   0.00931729   0.06505167   0.01183257   0.03787222   0.03280817   0.00931230   0.02825408   0.03199654   0.02784116   0.01305008   0.02791244   0.03225530   0.03131211   0.01442729   0.06595270   0.01096277   0.01353316   0.01908487   0.03664917   0.10860753   0.10888754
