  1.07654308   1.07654308   1.07654308   1.07654308   1.07654308   1.07654308   1.07654308   1.07654308   1.07654308   1.07654308   1.07654308   1.07654308   1.07654308   1.07654308   1.07654308   1.07654308   1.07654308   1.07654308   1.07654308   1.07654308   1.07654308   1.07654308   1.07654308   1.07654308   1.07654308
  1.07654308   1.07654308   1.07654308   1.07654308   1.07654308   1.07654308   1.07654308   1.07654308   1.07654308   1.07654308   1.07654308   1.07654308   1.07654308   1.07654308   1.07654308   1.07654308   1.07654308   1.07654308   1.07654308   1.07654308   1.07654308   1.07654308   1.07654308   1.07654308   1.07654308
  1.07654308   1.07654308   1.07654308   1.07654308   1.07654308   1.07654308   1.07654308   1.07654308   1.07654308   1.07654308   1.07654308   1.07654308   1.07654308   1.07654308   1.07654308   1.07654308   1.07654308   1.07654308   1.07654308   1.07654308   1.07654308   1.07654308   1.07654308   1.07654308   1.07654308
  1.07654308   1.07654308   1.07654308   1.07654308   1.07654308   1.07654308   1.07654308   1.07654308   1.07654308   1.07654308   1.07654308   1.07654308   1.07654308   1.07654308   1.07654308   1.07654308   1.07654308   1.07654308   1.07654308   1.07654308   1.07654308   1.07654308   1.07654308   1.07654308   1.07654308
  1.07654308   1.07654308   1.07654308   1.07654308   1.07654308   1.07654308   1.07654308   1.07654308   1.07654308   1.07654308   1.07654308   1.07654308   1.07654308   1.07654308   1.07654308   1.07654308   1.07654308   1.07654308   1.07654308   1.07654308   1.07654308   1.07654308   1.07654308   1.07654308   1.07654308
  1.07654308   1.07654308   1.07654308   1.07654308   1.07654308   1.07654308   1.07654308   1.07654308   1.07654308   1.07654308   1.07654308   1.07654308   1.07654308   1.07654308   1.07654308   1.07654308   1.07654308   1.07654308   1.07654308   1.07654308   1.07654308   1.07654308   1.07654308   1.07654308   1.07654308
  1.07654308   1.07654308   1.07654308   1.07654308   1.07654308   1.07654308   1.07654308   1.07654308   1.07654308   1.07654308   1.07654308   1.07654308   1.07654308   1.07654308   1.07654308   1.07654308   1.07654308   1.07654308   1.07654308   1.07654308   1.07654308   1.07654308   1.07654308   1.07654308   1.07654308
  1.07654308   1.07654308   1.07654308   1.07654308   1.07654308   1.07654308   1.07654308   1.07654308   1.07654308   1.07654308   1.07654308   1.07654308   1.07654308   1.07654308   1.07654308   1.07654308   1.07654308   1.07654308   1.07654308   1.07654308   1.07654308   1.07654308   1.07654308   1.07654308   1.07654308
  1.07654308   1.07654308   1.07654308   1.07654308   1.07654308   1.07654308   1.07654308   1.07654308   1.07654308   1.07654308   1.07654308   1.07654308   1.07654308   1.07654308   1.07654308   1.07654308   1.07654308   1.07654308   1.07654308   1.07654308   1.07654308   1.07654308   1.07654308   1.07654308   1.07654308
  1.07654308   1.07654308   1.07654308   1.07654308   1.07654308   1.07654308   1.07654308   1.07654308   1.07654308   1.07654308   1.07654308   1.07654308   1.07654308   1.07654308   1.07654308   1.07654308   1.07654308   1.07654308   1.07654308   1.07654308   1.07654308   1.07654308   1.07654308   1.07654308   1.07654308
