  1.76150829   1.83707426   1.63107587   2.09883302   1.61853921   2.34180609   1.80121609   2.47188810   2.00520976   1.80798126   1.48412654   1.68190651   1.99120099   1.70699242   1.89657504   1.57808548   1.54222806   1.99930487   1.92842821   1.73732781   1.58797712   2.15708139   2.14893238   1.36255241   1.74162819
  2.21563699   2.13995169   2.26584596   2.23779533   2.14062903   2.03643802   1.86623415   2.47188810   1.94031300   1.87906338   1.46582811   1.74496149   1.89394716   1.76401192   1.86642865   1.91909852   1.79850042   1.95570900   1.93448592   1.90969039   1.93991930   2.05985438   2.17332470   1.36382777   1.95564095
  2.21994314   2.15829354   2.28073149   2.02509194   2.13779048   2.05651310   1.87927570   2.47188810   2.01161107   2.06160997   1.44267523   1.98243700   1.89303887   1.74856747   2.25335606   1.95165946   2.04278758   2.01575039   1.92634764   2.18333499   1.94137928   2.10476701   1.82122236   1.36418115   2.00632164
  2.22498493   2.15718716   2.27495448   2.03734114   2.15127879   2.07003379   1.92941599   2.47188810   2.01697509   2.06220672   1.73388847   2.08337452   1.89849328   1.76062679   2.25340926   2.00031988   1.87865604   2.07304405   1.92247857   2.08668300   1.94137928   2.19720742   1.87053667   1.36436014   1.99762149
  2.23767692   2.15664957   2.27427550   2.03395660   2.15164213   2.07012380   1.92109809   1.73141386   2.03915431   2.06239221   1.77827531   2.08255910   1.89849328   1.76062679   2.25348746   2.11516899   2.08196262   2.10651580   1.92286469   2.06773948   1.94137928   2.25147009   1.90484051   1.36405298   1.99815531
  2.23759739   2.15371957   2.28288594   2.02988243   2.18102614   2.10165057   1.92114843   1.77298578   2.03966847   2.06274595   1.77813726   2.08327627   1.89849328   1.76062679   2.25353497   2.11525926   2.05787409   2.13623516   1.92286469   2.06773948   1.89456011   2.25228616   1.89979069   1.36405298   1.99942785
  2.23709263   2.15371957   2.28272043   2.02995220   2.18154012   2.12222985   1.92112727   1.79539053   2.04013559   2.06322173   1.77840016   2.08327627   1.89849328   1.76062679   2.25373618   2.11525830   2.05465116   2.13640824   1.92286469   2.06773948   1.94537564   2.25227724   1.89238470   1.36405298   1.99942035
  2.23709263   2.15371957   2.28272093   2.03000823   2.19934308   2.14396930   1.92112727   1.79529663   2.04028951   2.06335414   1.93616080   2.08327627   1.89849328   2.02728724   2.27821171   2.11526968   2.04059914   2.13655149   1.92286469   2.06773948   1.99104790   2.25224067   1.88744190   1.36405298   1.99927600
  2.23709263   2.15371957   2.28272093   2.04263983   2.20247642   2.14452147   1.92112727   1.77706569   2.04488183   2.06338449   1.84910832   2.08327627   1.89849328   2.02927301   2.27804642   2.11528294   2.03603670   2.18741355   1.92286469   2.06773948   2.01274535   2.25204258   1.88589266   2.06070674   1.99646354
  1.93913439   2.15371957   2.03172020   2.04956634   2.20247642   2.14450103   1.92112727   1.75716188   2.05849023   2.06341273   1.84950376   2.10912003   1.89849328   1.99250512   2.27813505   2.11529891   2.03603670   2.19427356   1.87271708   1.92241103   2.00687937   2.25170002   1.88492331   2.09079738   1.99268622
