 16.09101267  16.07488216  16.14704862  16.07493006  16.07487255  16.07588410  16.06986873  16.16926817  16.07392481  16.07024694  16.07270458  16.08040517  16.07606668  16.07332734  16.07017709  16.07643072  16.08436843  16.09374378  16.07093682  16.08959493  16.06996904  16.07129716  16.07832865  16.06988259  16.08968571
 16.07026612  16.07259793  16.07006890  16.07493006  16.07487255  16.06987194  16.06986873  16.06986873  16.07119276  16.06992520  16.07270458  16.06996365  16.07339451  16.07037237  16.07017709  16.07502958  16.07385894  16.09374378  16.07093682  16.06989018  16.06986874  16.07070865  16.07536151  16.06988253  16.06995530
 16.06987313  16.07259793  16.07006890  16.06986876  16.07487255  16.06987194  16.06986873  16.06986873  16.06986873  16.06992520  16.07028297  16.06988978  16.07339451  16.07037237  16.07017709  16.06986873  16.07002969  16.06986873  16.06986873  16.06986905  16.06986873  16.06987403  16.07536151  16.06987231  16.06986900
 16.06986922  16.06989257  16.06986873  16.06986873  16.06991137  16.06986873  16.06986873  16.06986873  16.06986873  16.06992520  16.06986873  16.06988978  16.06986968  16.06986873  16.07017709  16.06986873  16.06986881  16.06986873  16.06986873  16.06986905  16.06986873  16.06987403  16.06986873  16.06987229  16.06986873
 16.06986873  16.06986874  16.06986873  16.06986873  16.06986873  16.06986873  16.06986873  16.06986873  16.06986873  16.06986873  16.06986873  16.06986873  16.06986873  16.06986873  16.06986873  16.06986873  16.06986881  16.06986873  16.06986873  16.06986873  16.06986873  16.06986873  16.06986873  16.06986873  16.06986873
 16.06986873  16.06986874  16.06986873  16.06986873  16.06986873  16.06986873  16.06986873  16.06986873  16.06986873  16.06986873  16.06986873  16.06986873  16.06986873  16.06986873  16.06986873  16.06986873  16.06986873  16.06986873  16.06986873  16.06986873  16.06986873  16.06986873  16.06986873  16.06986873  16.06986873
 16.06986873  16.06986873  16.06986873  16.06986873  16.06986873  16.06986873  16.06986873  16.06986873  16.06986873  16.06986873  16.06986873  16.06986873  16.06986873  16.06986873  16.06986873  16.06986873  16.06986873  16.06986873  16.06986873  16.06986873  16.06986873  16.06986873  16.06986873  16.06986873  16.06986873
 16.06986873  16.06986873  16.06986873  16.06986873  16.06986873  16.06986873  16.06986873  16.06986873  16.06986873  16.06986873  16.06986873  16.06986873  16.06986873  16.06986873  16.06986873  16.06986873  16.06986873  16.06986873  16.06986873  16.06986873  16.06986873  16.06986873  16.06986873  16.06986873  16.06986873
 16.06986873  16.06986873  16.06986873  16.06986873  16.06986873  16.06986873  16.06986873  16.06986873  16.06986873  16.06986873  16.06986873  16.06986873  16.06986873  16.06986873  16.06986873  16.06986873  16.06986873  16.06986873  16.06986873  16.06986873  16.06986873  16.06986873  16.06986873  16.06986873  16.06986873
 16.06986873  16.06986873  16.06986873  16.06986873  16.06986873  16.06986873  16.06986873  16.06986873  16.06986873  16.06986873  16.06986873  16.06986873  16.06986873  16.06986873  16.06986873  16.06986873  16.06986873  16.06986873  16.06986873  16.06986873  16.06986873  16.06986873  16.06986873  16.06986873  16.06986873
