524.95581824 530.79023642 530.59267131 531.09654086 531.32099371 531.24031993 530.92123941 524.57899564 526.22767226 525.36419256 524.49425881 525.18468421 530.74646815 530.80565430 525.92195045 524.46706921 530.61806727 530.58994900 525.53704286 526.04557026 524.53867642 524.53642756 530.89488225 530.70403343 530.58186170
524.95581824 530.79023642 530.58578135 530.64592704 524.57822197 524.47147376 524.62117855 524.49352356 524.84629455 524.53421988 524.49425881 524.60193636 530.74646815 524.90738979 525.04401374 524.45892791 530.57598868 530.57554614 525.53704286 525.33320506 524.50191901 524.49585238 530.66212692 530.58647238 530.58032365
524.45115060 530.57446252 530.58402869 530.57434846 524.45357455 524.45077763 524.62117855 524.45933567 524.46743516 524.45076227 524.45313021 524.45077371 530.57527181 524.90738979 525.03648413 524.45892791 530.57555689 530.57432937 525.53704286 524.45081760 524.45423200 524.49585238 524.53354261 530.58598488 524.60348598
524.45076065 530.57432156 528.58412440 530.57431781 524.45076082 524.45076065 524.62117855 524.45821435 524.46363103 524.45076065 524.45076129 524.45076065 530.57431819 524.90738979 525.03648413 524.45892791 525.04119929 530.57432673 525.53704286 524.45076067 524.45423200 524.45117960 524.46729585 530.58598488 524.45432697
524.45076065 530.57431780 526.67237245 530.57431780 524.45076065 524.45076065 524.62117855 524.45821435 524.46363103 524.45076065 524.45076065 524.45076065 530.57431781 524.90738979 525.03648413 524.45892791 524.69183480 530.57432672 525.53704286 524.45076065 524.45423200 524.45076065 524.46729585 530.58598488 524.45432697
524.45076065 530.57431780 524.46094366 530.57431780 524.45076065 524.45076065 524.62117855 524.45821435 524.46363103 524.45076065 524.45076065 524.45076065 530.57431780 524.90738979 525.03648413 524.45892791 524.69183480 530.57432672 525.53704286 524.45076065 524.45423200 524.45076065 524.45076820 530.58598488 524.45432697
524.45076065 524.92303977 524.45076135 530.57431780 524.45076065 524.45076065 524.62117855 524.45821435 524.46363103 524.45076065 524.45076065 524.45076065 530.57431780 524.90738979 525.03648413 524.45892791 524.45083533 530.57432672 525.53704286 524.45076065 524.45423200 524.45076065 524.45076065 530.57511805 524.45076073
524.45076065 524.45395966 524.45076065 524.45267532 524.45076065 524.45076065 524.62117855 524.45821435 524.46363103 524.45076065 524.45076065 524.45076065 530.57431780 524.45145728 525.03648413 524.45892791 524.45076065 530.57432672 525.53704286 524.45076065 524.45423200 524.45076065 524.45076065 530.57431789 524.45076065
524.45076065 524.45395966 524.45076065 524.45076074 524.45076065 524.45076065 524.62117855 524.45821435 524.46363103 524.45076065 524.45076065 524.45076065 530.57431780 524.45076068 525.03648413 524.45076577 524.45076065 530.57431791 525.53704286 524.45076065 524.45423200 524.45076065 524.45076065 530.57431780 524.45076065
524.45076065 524.45395966 524.45076065 524.45076065 524.45076065 524.45076065 524.62117855 524.45821435 524.46363103 524.45076065 524.45076065 524.45076065 524.46005788 524.45076065 525.03648413 524.45076065 524.45076065 530.57431780 525.53704286 524.45076065 524.45076293 524.45076065 524.45076065 530.57431780 524.45076065
