5277.13665673 5302.88035797 4972.95778181 5474.20166283 5290.18105464 5283.25572839 6581.48226264 7600.62735947 5826.24015169 9169.62120312 5395.79031618 5612.10640867 6013.88340856 5750.27938846 5599.34735922 5620.78254892 5293.78710187 5942.54001995 6684.05962776 5315.79316176 5195.27308189 5879.82108753 4898.77056699 4857.16707137 5366.99771528
5489.05612942 5514.60937206 4474.07587791 5222.38167212 4919.47832115 4891.76665371 5682.27216757 6056.86057424 6564.52820898 8127.95594808 5395.79031618 5111.93272062 4896.83826440 5338.83342457 5079.80431570 4655.76881113 5246.14358162 5086.67904055 6462.63097308 5462.39444491 5343.91675936 5216.83595037 4937.34464407 5229.21616141 5261.46055608
4769.43647093 5541.01525448 4342.04753102 4707.43055799 4766.46758250 4809.81536573 5228.09615278 5594.57888968 6472.64651899 4572.85303662 5391.46150029 4638.30094075 4691.66627368 4734.52494395 5175.85522891 4581.84837709 5297.18405726 4208.10193355 6371.62789754 5288.00912806 5360.03881838 4860.10999432 5363.40026113 5453.00763513 5182.78887797
4530.00202629 6318.11763704 4336.27275030 4707.43055799 4674.39275917 4809.81536573 4745.82460481 5046.36579897 5534.05077199 5888.25323372 4773.83857194 4415.34649995 4561.25866979 4586.27558544 5580.18704800 4506.51716429 4899.78685505 4070.94626658 5344.67851985 4726.93245688 5378.53354205 4391.94653222 5431.55932516 5050.40719222 5137.73457684
4304.48580928 5300.52388748 4329.07126787 4707.43055799 4480.88923479 4459.76496431 4344.74322060 4526.64138174 5594.78283120 5151.21126718 3880.48552349 4019.02501301 4494.58919147 4369.04091419 5198.69290936 4502.93514509 4744.01301257 3913.74810572 5186.38139912 4664.32501846 5433.16553447 4217.99461508 4946.36878988 4663.35203196 4925.62389204
4091.07298490 4698.16367146 4327.21762239 4707.43055799 4411.51599353 4224.42979446 4344.74322060 4473.44687972 5473.79588301 4715.96503559 3749.44348117 3960.55439066 4494.58919147 4252.75053055 4772.48077549 4502.93514509 4626.78371870 3851.96715747 5129.65288020 4529.78613251 5489.73395996 4214.23009092 4681.97758059 4278.84233388 4609.71686227
4027.48829047 4112.85820989 4327.21762239 4707.43055799 4405.02932806 4080.61023537 4344.74322060 4473.44687972 5145.76630087 4439.98275496 3671.82934243 3942.13713426 4494.58919147 4144.65463406 4412.23008653 4502.93514509 4525.78636617 3843.12744048 5012.75420384 4464.34343317 5869.63139769 4214.23009092 4614.64360106 3984.15769913 4428.30179985
3989.56529964 4077.07013560 4327.21762239 4707.43055799 4389.51507058 4024.87412871 4344.74322060 4473.44687972 4466.49814710 3923.76616141 3652.08229588 3924.49312213 3958.01000627 4058.59121154 4263.91620810 4502.93514509 4525.78636617 3843.12744048 4826.71192684 4357.30514849 5869.63139769 4214.23009092 4398.20980710 3930.25271419 4367.42224523
3965.21661734 4077.07013560 4252.25902505 4707.43055799 4385.44158938 3870.52785041 4177.13300890 4245.04466010 3826.92940274 3839.80610950 3635.89555781 3921.83342008 3841.99444677 4017.92156372 3998.22751912 4502.93514509 4525.78636617 3843.12744048 4251.45428123 4333.16825574 5869.63139769 4161.32087951 4329.84164153 3925.21163522 4365.19353033
3933.43543580 4077.07013560 3998.71623718 4230.02034326 4383.89432163 3796.00210253 3892.04614951 4098.66983326 3736.18695956 3595.30386829 3622.11669065 3921.68422823 3603.42340044 3999.11867816 3911.26724484 4502.93514509 4378.15963549 3843.12744048 4056.25752318 4255.56539045 5783.14024964 3666.24706613 4308.27957715 3925.21163522 4363.98554276
