  0.11605745   0.01144029   0.05396709   0.00027107   0.00000000   0.05424017   0.04764758   0.04133991   0.00073229   0.00721858   0.01406499   0.00373067   0.00279960   0.00000000   0.09327670   0.00317169   0.02841445   0.00040496   0.00165915   0.00041265   0.15276082   0.00207423   0.67357109   0.00698737   0.29635234
  0.02818709   0.00056649   0.00001635   0.00000000   0.00000000   0.00001566   0.00000000   0.00000000   0.00022790   0.00721858   0.01357724   0.00373067   0.00279960   0.00000000   0.00007848   0.00000000   0.00029335   0.00040496   0.00165915   0.00000000   0.14130303   0.00049468   0.00005497   0.00698737   0.11300927
  0.00000000   0.00000000   0.00000000   0.00000000   0.00000000   0.00000000   0.00000000   0.00000000   0.00017814   0.00000000   0.00891775   0.00000000   0.00172810   0.00000000   0.00000000   0.00000000   0.00000000   0.00040496   0.00079459   0.00000000   0.01916959   0.00024040   0.00000000   0.00283174   0.00095246
  0.00000000   0.00000000   0.00000000   0.00000000   0.00000000   0.00000000   0.00000000   0.00000000   0.00017664   0.00000000   0.00881538   0.00000000   0.00172810   0.00000000   0.00000000   0.00000000   0.00000000   0.00000000   0.00079459   0.00000000   0.01766852   0.00019580   0.00000000   0.00283174   0.00095246
  0.00000000   0.00000000   0.00000000   0.00000000   0.00000000   0.00000000   0.00000000   0.00000000   0.00017550   0.00000000   0.00873090   0.00000000   0.00075103   0.00000000   0.00000000   0.00000000   0.00000000   0.00000000   0.00079459   0.00000000   0.01533347   0.00013039   0.00000000   0.00283174   0.00095246
  0.00000000   0.00000000   0.00000000   0.00000000   0.00000000   0.00000000   0.00000000   0.00000000   0.00017333   0.00000000   0.00865015   0.00000000   0.00075103   0.00000000   0.00000000   0.00000000   0.00000000   0.00000000   0.00079459   0.00000000   0.01302281   0.00012363   0.00000000   0.00283174   0.00095246
  0.00000000   0.00000000   0.00000000   0.00000000   0.00000000   0.00000000   0.00000000   0.00000000   0.00016954   0.00000000   0.00858843   0.00000000   0.00000000   0.00000000   0.00000000   0.00000000   0.00000000   0.00000000   0.00057724   0.00000000   0.00803333   0.00011554   0.00000000   0.00283174   0.00095246
  0.00000000   0.00000000   0.00000000   0.00000000   0.00000000   0.00000000   0.00000000   0.00000000   0.00015923   0.00000000   0.00858784   0.00000000   0.00000000   0.00000000   0.00000000   0.00000000   0.00000000   0.00000000   0.00000000   0.00000000   0.00706037   0.00011338   0.00000000   0.00283174   0.00095246
  0.00000000   0.00000000   0.00000000   0.00000000   0.00000000   0.00000000   0.00000000   0.00000000   0.00015886   0.00000000   0.00858723   0.00000000   0.00000000   0.00000000   0.00000000   0.00000000   0.00000000   0.00000000   0.00000000   0.00000000   0.00527068   0.00011199   0.00000000   0.00283174   0.00022946
  0.00000000   0.00000000   0.00000000   0.00000000   0.00000000   0.00000000   0.00000000   0.00000000   0.00015823   0.00000000   0.00858646   0.00000000   0.00000000   0.00000000   0.00000000   0.00000000   0.00000000   0.00000000   0.00000000   0.00000000   0.00322989   0.00011133   0.00000000   0.00283174   0.00022946
