  0.48775822   0.46730433   0.61795481   0.43024450   0.46095589   0.34474156   0.66687155   0.54759725   0.46960879   0.66971804   0.48405339   0.32617451   0.36531129   0.26444139   0.62019472   0.63633027   0.46075172   0.30926554   0.31740884   0.29964704   0.50528002   1.63092373   0.47724107   0.47467261   0.28313165
  0.17264103   0.21964646   0.33206031   0.33079844   0.21737287   0.47128683   0.79821036   0.40307363   0.66257514   0.22415486   0.43908982   0.20789804   0.22313664   0.12837637   0.47908623   0.34211335   0.21678657   0.94254475   0.25293839   0.09502318   0.28298021   0.16093886   0.77635908   0.46721703   0.48219616
  0.15669193   0.09454542   0.21467669   0.29031215   0.21737287   0.31114242   0.83479921   0.20350346   0.22432407   0.22415486   0.21642603   0.12745504   0.07054745   0.10929024   0.31422359   0.18641382   0.21678657   0.42072045   0.12786481   0.05124472   0.13431569   0.11345816   0.27520095   0.21422086   0.21871149
  0.08271047   0.06962109   0.07614369   0.10566011   0.21737287   0.16158845   0.33626548   0.20350346   0.12884010   0.22415486   0.11602087   0.11131879   0.03213239   0.08887323   0.11212927   0.18641382   0.21678657   0.38135025   0.09946252   0.04064956   0.11095326   0.08820830   0.27520095   0.11264822   0.21871149
  0.04677952   0.05489228   0.04672552   0.04959233   0.21737287   0.09929036   0.10912600   0.20350346   0.11204850   0.22415486   0.06904781   0.07481751   0.02980175   0.07988712   0.04803750   0.18641382   0.21678657   0.33283157   0.09638180   0.04034581   0.08089602   0.07292560   0.27520095   0.07441037   0.21871149
  0.04069712   0.04777389   0.04479495   0.02970513   0.21737287   0.09929036   0.06490336   0.20350346   0.10370938   0.13086153   0.06275093   0.05452831   0.02743385   0.06457251   0.04567086   0.18641382   0.21678657   0.28410298   0.08722539   0.04034581   0.06904614   0.06865537   0.27520095   0.07441037   0.12822636
  0.04033898   0.04747500   0.04467988   0.02893295   0.12209448   0.09929036   0.05443902   0.20350346   0.09753474   0.06910367   0.06207537   0.04605188   0.02307164   0.06457251   0.04440783   0.18641382   0.21678657   0.25591820   0.07930980   0.04034581   0.06063508   0.06365566   0.27520095   0.07441037   0.03904250
  0.03843898   0.04531451   0.04467938   0.02823991   0.04809576   0.03516843   0.05096685   0.20350346   0.09170124   0.05169595   0.06110287   0.04487759   0.02248290   0.06457251   0.04430111   0.18641382   0.17060094   0.25591820   0.07396680   0.04034581   0.05924677   0.05305062   0.18906030   0.07441037   0.02497793
  0.03809835   0.04450461   0.04467938   0.02789427   0.04453051   0.02406251   0.05096685   0.20350346   0.08508649   0.04748239   0.06109960   0.04417797   0.02247920   0.06457251   0.04430111   0.08043506   0.09108961   0.25591820   0.06086978   0.04034581   0.05923550   0.05305062   0.11573880   0.03789556   0.02461901
  0.03804716   0.04362497   0.04467938   0.02789328   0.04357969   0.02283845   0.05096685   0.18125651   0.07789875   0.04747523   0.06109960   0.04417797   0.02247920   0.06457251   0.04430111   0.03044960   0.04182136   0.25591820   0.06086978   0.04034581   0.05923550   0.05305062   0.04942450   0.03561892   0.02440988
