 31.86221332  47.23787842  27.29653848  69.05937208  72.81740066  57.78496479  13.46325867  19.91889312  14.63942690  61.21161696  64.35676668  73.18940046 101.18933385 136.26745915 102.73488774  50.54612601 100.56264927  72.59973133 102.99435037  91.54002129  13.44743201  35.94444748  -6.80150089 117.31351687 105.46425806
  0.22598706  47.23787842   0.23608720  60.12186198   0.17142279  91.10935553  33.54526578  37.19948233  75.77574750  65.86404029   0.12588040  43.17493266   0.18457362  77.19760509 109.75804146  85.05197448  58.21014989   0.37732882  45.63880591  38.83495213   0.17157887  98.35391410   0.11360442  90.38919018  43.20251501
  0.22598706   0.26561248   0.23608720   0.14647340   0.17142279  27.27601336  33.54526578  -7.95302453  28.12814920  34.49856096  62.49435799  60.76486259   0.18457362   0.29657771  37.36434305  56.94189019  58.21014989   0.37732882  33.15934098   0.29996852   0.17157887  99.99367522   0.11360442  45.09196185  34.04530803
  0.22598706   0.26561248   0.23608720   0.14647340   0.17142279  27.27601336  33.54526578  88.77864849  28.12814920   0.12008890   0.11437735  39.99643262   0.18457362   0.29657771  37.36434305  25.12169044  58.21014989   0.37732882  33.15934098   0.29996852   0.17157887  99.91938380   0.11360442  45.09196185  34.04530803
  0.22598706   0.26561248   0.23608720   0.14647340   0.17142279  27.27601336  33.54526578  46.46476122  28.12814920   0.12008890   0.11437735   0.29829590   0.18457362   0.29657771  37.36434305  25.12169044  58.21014989   0.37732882  33.15934098   0.29996852   0.17157887  99.87144591   0.11360442  45.09196185  34.04530803
 36.73213324   0.26561248   0.23608720   0.14647340   0.17142279  27.27601336  33.54526578  24.71473369  28.12814920   0.12008890   0.11437735   0.20496673   0.18457362   0.29657771  37.36434305  25.12169044  58.21014989   0.37732882  33.15934098   0.29996852   0.17157887  99.76398305   0.11360442  45.09196185  34.04530803
 24.04836962   0.26561248   0.23608720   0.14647340   0.17142279  27.27601336  33.54526578   0.18793807  28.12814920   0.12008890   0.11437735   0.20496673   0.18457362   0.29657771  37.36434305  25.12169044  58.21014989   0.37732882  33.15934098   0.29996852   0.17157887  99.74259707   0.11360442  45.09196185  34.04530803
  0.19883190   0.26561248   0.23608720   0.14647340   0.17142279  27.27601336  33.54526578   0.18793807  28.12814920   0.12008890   0.11437735   0.20496673   0.18457362   0.29657771  37.36434305  25.12169044  58.21014989   0.37732882  33.15934098   0.29996852   0.17157887  99.73843807   0.11360442  45.09196185  34.04530803
  0.15186830   0.26561248   0.23608720   0.14647340   0.17142279  27.27601336  33.54526578   0.18793807  28.12814920   0.12008890   0.11437735   0.20496673   0.18457362   0.29657771  37.36434305  25.12169044  58.21014989   0.37732882  33.15934098   0.29996852   0.17157887  99.73773834   0.11360442  45.09196185  34.04530803
  0.15186830   0.26561248   0.23608720   0.14647340   0.17142279  27.27601336  33.54526578   0.18793807  28.12814920   0.12008890   0.11437735   0.20496673   0.18457362   0.29657771  37.36434305  25.12169044  58.21014989   0.37732882  33.15934098   0.29996852   0.17157887  99.73771605   0.11360442  45.09196185  34.04530803
