103.49387035 107.38119528 119.92304680 111.29296597 120.10492109 101.66695037 130.01954730 107.82730819 117.32654890 122.56764768 125.35346484 101.72681745 113.09532843 112.57758034 109.47414525 109.77621143 100.28411453 120.00505272 102.69479492 100.52146281 107.25248386 107.43918998 103.40643717 110.39368273 118.83729585
123.66027251 107.38119528 107.91745143 103.16797600 116.17584521 116.53993598 107.40078801 104.12063790 105.46309680 107.58506775 107.49595487 107.05999189 113.09532506 111.49109055 116.63047051 121.54084687 111.80799770 107.49090356 108.51156470 108.63385098 100.71337938 107.43918999 111.53747090 102.81279420 109.00901646
123.66027251 107.14827079 116.53084736 111.78941985 116.17584521 110.12682769 102.44082345 104.12063790 105.46309680 107.58506775 112.49703168 107.05999189 113.09532506 107.70674292 116.63047051 121.54084687 115.04459393 109.37944342 108.51156470 108.30011343 114.58024183 107.43918999 113.21421235 102.81279420 109.02203786
112.39895339 107.14827079 116.53084736 111.78941985 116.17584521 110.12682769 118.77125391 113.31530620 105.46309680 107.58506775 112.49703168 106.08973763 113.09532506 116.16103658 116.63047051 110.59514844 115.04459393 109.37943402 108.51156470 108.30011343 112.08522357 119.23981943 110.56745016 102.81279420 108.92750747
112.39895339 107.14827079 116.53084736 111.78941985 117.89030309 110.12682769 117.28391165 113.31530620 116.57374899 102.71737597 112.49703168 114.71122952 112.29103588 110.61105707 116.63047051 105.09274284 115.04459393 109.37943402 108.51156470 108.30011343 113.23597024 119.23981943 110.56745016 113.25666096 108.92750747
112.39895339 107.14827079 117.27414999 111.78941985 117.89030309 110.12682769 117.28391165 113.31530620 116.57374899 102.71737597 112.49703168 114.71122952 112.29103588 110.61105707 116.63047051 105.09274284 115.04459393 109.37943402 108.51156470 108.30011343 113.23597024 119.23981943 110.56745016 113.25666096 108.92750747
112.39895339 107.14827079 117.27414999 111.78941985 117.89030309 110.12682769 117.28391165 113.31530620 116.57374899 102.71737597 112.49703168 114.71122952 105.31194770 110.61105707 116.63047051 109.20687498 115.04459393 109.37943402 108.51156470 108.30011343 107.58459804 116.59370106 110.56745016 113.25666096 108.92750747
112.39895339 107.14827079 117.27414999 111.78941985 117.89030309 110.12682769 117.28391165 113.31530620 116.57374899 102.71737597 112.49703168 114.71122952 105.31194770 110.61105707 116.63047051 109.20687498 115.04459393 109.37943402 108.51156470 108.30011343 107.58459988 116.59370106 110.56745016 107.43582694 108.92750747
112.39895339 107.14827079 117.27414999 111.78941985 117.89030309 110.12682769 117.28391165 113.31530620 116.57374899 102.71737597 112.49703168 114.71122952 105.31194770 110.61105707 116.63047051 109.20687498 115.04459393 109.37943402 108.51156470 108.30011343 107.58459988 116.59370106 110.56745016 107.43582694 108.92750747
112.39895339 107.14827079 117.27414999 111.78941985 117.89030309 110.12682769 117.28391165 113.31530620 116.57374899 102.71737597 112.49703168 114.71122952 107.43057716 110.61105707 116.63047051 115.29302665 115.04459393 109.37943402 108.51156470 108.30011343 107.58459988 116.59370106 116.63872107 107.43582694 108.92750747
