4.7018604422e+03 4.4076667943e+03 1.3239716155e+03 3.4380802821e+03 3.5587380769e+03 3.1818997248e+03 3.2396651834e+03 6.1905945601e+03 5.0418106154e+03 6.3364833659e+03 4.1873324775e+03 7.0357869621e+03 4.2617290465e+03 6.6793551448e+03 4.6759898522e+03 2.4357266241e+03 6.7884448705e+03 1.4535578565e+03 4.2299044236e+03 2.6162144898e+03 4.6072853702e+03 5.4798711956e+03 1.9805967407e+03 5.4725075068e+03 1.7430035221e+03
8.0429344109e+01 1.9908416561e+02 2.1950164861e+02 8.6383609108e+01 8.8531231330e+01 8.5131270912e+01 1.5061833543e+02 1.6737474567e+02 5.0101254566e+01 1.2077769816e+02 1.1994177073e+02 8.0463930383e+01 2.7109674271e+02 1.1989584372e+02 5.4960577481e+01 6.0514885275e+02 1.8099402233e+02 5.2824705468e+01 1.5971309361e+02 8.4226105007e+01 1.0989152584e+02 1.5321514489e+02 6.7388783301e+01 6.1542163086e+02 1.5782072230e+02
9.3845921056e+00 1.3699901782e+01 5.4007363169e+01 2.0436263895e+00 1.2397370070e+01 2.0897830633e+01 2.4377477163e+01 1.1615705925e+01 4.4894905462e+00 1.4615523744e+00 1.5838538059e+01 7.4578155494e+00 1.0915129110e+01 4.2066529713e+01 4.1560735368e+00 1.3317681912e+02 8.4604481885e+00 1.1464212095e+00 1.0188754596e+01 3.4952119746e+00 2.2263364379e+01 2.1568415781e+01 5.7690832980e+00 7.9001887961e+01 1.1043185843e+01
2.5714321300e-01 5.6372614350e-01 2.5469327013e+01 9.2457920500e-02 1.8813717501e+00 2.0822544557e+00 1.5637689467e+00 4.3582012650e-01 1.1769659007e-01 2.0798635462e-01 4.7569374035e-01 1.8200778640e-01 2.4820044938e-01 5.1995470027e+00 1.2794040625e-01 2.1958033839e+01 1.5896784005e+00 1.0680297075e-02 1.8298886450e+00 1.1933934548e+00 6.4750143332e-01 2.8625593224e+00 1.2735451246e-01 9.6159018135e+00 7.3886322421e-01
1.1639063264e-02 9.6567862063e-02 1.5246180985e+00 3.0112063075e-03 4.0356418749e-01 1.5761548475e-01 1.8165673142e-02 1.6057613562e-02 3.2242586525e-03 2.1024229562e-03 1.0166953237e-02 1.3230122548e-02 2.2656633062e-03 4.4056658163e-01 1.4535805046e-02 3.0608155427e+00 5.7669338500e-02 1.0443689800e-03 6.3406605064e-01 5.8198264500e-03 2.9895482625e-03 3.6696961562e-01 1.4257215125e-03 1.1086248852e-01 4.0659240395e-02
1.8903700375e-04 2.5471535063e-03 4.4482792375e-03 0.0000000000e+00 5.3398342225e-03 7.8840583250e-04 4.4099253488e-03 1.5781495663e-03 0.0000000000e+00 2.8986946875e-04 2.6969035000e-05 1.1272880125e-04 5.0253991250e-05 1.1603565077e-01 3.5648184750e-04 3.1963308720e-01 2.0913603400e-03 0.0000000000e+00 3.5279980409e-02 2.8170908625e-04 5.2054978750e-05 2.5655944724e-02 0.0000000000e+00 1.3765729874e-02 1.1797765750e-03
6.4611202500e-05 0.0000000000e+00 1.2784106575e-03 0.0000000000e+00 0.0000000000e+00 0.0000000000e+00 3.0925501000e-04 1.4087097500e-04 0.0000000000e+00 1.2745266250e-05 0.0000000000e+00 0.0000000000e+00 0.0000000000e+00 1.0897416013e-02 0.0000000000e+00 2.4835958500e-03 0.0000000000e+00 0.0000000000e+00 6.2393300662e-03 0.0000000000e+00 0.0000000000e+00 0.0000000000e+00 0.0000000000e+00 2.7461406250e-04 0.0000000000e+00
5.3822528750e-05 0.0000000000e+00 0.0000000000e+00 0.0000000000e+00 0.0000000000e+00 0.0000000000e+00 1.5587022750e-04 7.6759432500e-05 0.0000000000e+00 0.0000000000e+00 0.0000000000e+00 0.0000000000e+00 0.0000000000e+00 2.8683225000e-04 0.0000000000e+00 3.5521166250e-05 0.0000000000e+00 0.0000000000e+00 6.9186390000e-05 0.0000000000e+00 0.0000000000e+00 0.0000000000e+00 0.0000000000e+00 0.0000000000e+00 0.0000000000e+00
4.5323570000e-05 0.0000000000e+00 0.0000000000e+00 0.0000000000e+00 0.0000000000e+00 0.0000000000e+00 1.2570066500e-04 2.8674941250e-05 0.0000000000e+00 0.0000000000e+00 0.0000000000e+00 0.0000000000e+00 0.0000000000e+00 0.0000000000e+00 0.0000000000e+00 0.0000000000e+00 0.0000000000e+00 0.0000000000e+00 0.0000000000e+00 0.0000000000e+00 0.0000000000e+00 0.0000000000e+00 0.0000000000e+00 0.0000000000e+00 0.0000000000e+00
3.8327358750e-05 0.0000000000e+00 0.0000000000e+00 0.0000000000e+00 0.0000000000e+00 0.0000000000e+00 1.1277343500e-04 2.6091730000e-05 0.0000000000e+00 0.0000000000e+00 0.0000000000e+00 0.0000000000e+00 0.0000000000e+00 0.0000000000e+00 0.0000000000e+00 0.0000000000e+00 0.0000000000e+00 0.0000000000e+00 0.0000000000e+00 0.0000000000e+00 0.0000000000e+00 0.0000000000e+00 0.0000000000e+00 0.0000000000e+00 0.0000000000e+00
