7.3053557000e+05 5.1001733000e+05 7.6523460000e+05 7.0835272000e+05 2.3270723000e+05 7.9286406000e+05 6.4683457000e+05 8.7546653000e+05 9.8238043000e+05 7.1376556000e+05 4.3516560000e+05 5.3956274000e+05 5.1757974000e+05 5.8585913000e+05 4.0155193000e+05 5.1285423000e+05 4.5680454000e+05 6.9265346000e+05 7.8766955000e+05 4.5322454000e+05 7.6311362000e+05 5.9725297000e+05 7.0659258000e+05 7.1888688000e+05 4.5656720000e+05
4.4894559000e+03 3.8342876000e+03 2.9467027000e+03 4.7125636000e+03 1.6779457000e+03 5.7056043000e+03 2.1053018000e+04 1.2918353000e+04 3.2204651000e+04 4.6299595000e+03 5.9874982000e+03 3.4082620000e+03 1.2974737000e+04 6.7513810000e+03 4.6993827000e+03 1.4294937000e+03 6.6960681000e+03 6.3567903000e+03 1.0126871000e+04 7.8675831000e+03 3.5663091000e+03 7.4784803000e+03 5.2342026000e+03 8.8114130000e+03 7.1803137000e+03
6.6854850000e+02 1.2272972000e+03 8.6005685000e+02 1.2138724000e+03 1.9325651000e+02 1.8810964000e+03 1.7409360000e+03 6.5542897000e+03 6.8624783000e+03 1.2778707000e+03 1.3113438000e+03 1.2009492000e+03 1.4315489000e+03 1.2624560000e+03 1.9110962000e+03 1.5277133000e+02 1.7996339000e+03 1.1088236000e+03 3.7383105000e+03 9.8128302000e+02 8.2513204000e+02 3.1700213000e+03 1.2383409000e+03 4.5008602000e+03 3.2917344000e+03
3.7719556000e+02 8.2494605000e+02 1.1991966000e+02 4.2685851000e+02 1.4163750000e+02 8.2729466000e+02 9.3313966000e+02 1.5227153000e+03 2.6430849000e+03 7.5218573000e+02 9.7184848000e+02 7.5127081000e+02 7.0569869000e+02 7.2415451000e+02 5.8307019000e+02 8.2040795000e+01 1.0576031000e+03 6.4367276000e+02 1.6830225000e+03 1.0961498000e+03 4.9545861000e+02 7.4260541000e+02 9.6936199000e+02 2.9880097000e+03 2.1476661000e+03
1.2636248000e+02 6.0810301000e+02 5.2542631000e+01 2.3560909000e+02 1.1616807000e+02 4.6626348000e+02 5.7699749000e+02 1.8956206000e+02 4.6443391000e+02 6.3304390000e+02 7.7301614000e+02 2.6024576000e+02 2.4571447000e+02 2.7721804000e+02 3.7512419000e+02 6.2217940000e+01 4.8718687000e+02 2.1104960000e+02 8.6889084000e+02 3.3739973000e+02 3.0808584000e+02 6.2337259000e+02 7.7599236000e+02 1.4678630000e+03 7.7964585000e+02
5.6496023000e+01 3.0338342000e+02 4.4032519000e+01 2.1745701000e+02 6.9111592000e+01 2.5506613000e+02 4.4285058000e+02 7.2715682000e+01 1.3094599000e+02 5.3313882000e+02 2.3737765000e+02 5.9886836000e+01 6.5151725000e+01 6.8780887000e+01 2.0573558000e+02 6.7981103000e+01 3.2890711000e+02 1.2766534000e+02 5.6546207000e+02 1.0113697000e+02 2.1757340000e+02 3.8150246000e+02 3.0430199000e+02 6.4079213000e+02 7.6031134000e+02
3.8759944000e+01 7.1563614000e+01 3.8750705000e+01 2.2914842000e+02 5.6052295000e+01 1.6976258000e+02 3.5890776000e+02 7.6060510000e+01 1.0057209000e+02 4.3032400000e+02 2.2987024000e+02 5.1204454000e+01 3.3875326000e+01 7.0793745000e+01 1.7906285000e+02 8.5796373000e+01 3.4767399000e+02 1.2161397000e+02 6.4080511000e+02 4.6712787000e+01 1.8795670000e+02 8.5677412000e+01 1.2812522000e+02 3.6210136000e+02 6.5161854000e+02
4.4769983000e+01 4.5178916000e+01 4.1314659000e+01 1.5198310000e+02 5.2043408000e+01 1.4118501000e+02 2.7362484000e+02 4.1988736000e+01 1.4449291000e+02 1.1736564000e+02 1.5812067000e+02 4.7198463000e+01 2.3555455000e+01 7.1176393000e+01 1.6836187000e+02 9.2180987000e+01 3.1895170000e+02 1.2228198000e+02 4.4429076000e+02 6.1975358000e+01 2.0601219000e+02 4.9053466000e+01 1.2967580000e+02 3.6610142000e+02 4.7063141000e+02
4.4787606000e+01 4.9240826000e+01 4.1173794000e+01 1.5360606000e+02 5.1990270000e+01 1.1588838000e+02 9.2022507000e+01 3.9436723000e+01 1.2628383000e+02 1.2261218000e+02 1.6310370000e+02 4.8793125000e+01 2.1544760000e+01 7.3632076000e+01 1.4272487000e+02 8.8789451000e+01 2.0794916000e+02 1.2287161000e+02 4.0318583000e+01 5.3862706000e+01 2.3573112000e+02 6.2085920000e+01 9.6832049000e+01 3.0222471000e+02 3.6248862000e+02
4.5956284000e+01 4.8950912000e+01 4.0678320000e+01 1.5071173000e+02 5.5387581000e+01 1.1495150000e+02 7.8517870000e+01 3.7407837000e+01 1.2942894000e+02 1.2250854000e+02 1.5603532000e+02 5.0463537000e+01 2.1997783000e+01 7.4249575000e+01 1.4011377000e+02 8.9393867000e+01 1.7860051000e+02 1.2783510000e+02 3.6777717000e+01 5.3314256000e+01 2.7327278000e+02 6.4545578000e+01 9.6607013000e+01 2.9229525000e+02 3.1899486000e+02
