6.3763220033e-01 5.8408034783e-01 6.0413096700e-01 7.4495983167e-01 5.8820305083e-01 5.9355358017e-01 6.6314719800e-01 7.2571090617e-01 6.1154815017e-01 7.1884248000e-01 6.2608332367e-01 6.9681429250e-01 6.9766665617e-01 5.3434362200e-01 7.5537250433e-01 8.4655568433e-01 5.9878294817e-01 6.3912546567e-01 6.2705713267e-01 6.5627999508e-01 6.1252434333e-01 6.7761917317e-01 6.1448956217e-01 6.7318349738e-01 6.3459924483e-01
3.4038614900e-01 3.1807113467e-01 2.6208982900e-01 3.1638725783e-01 2.5563228350e-01 3.2950627600e-01 3.5100600433e-01 3.1870058433e-01 3.4649035333e-01 3.2595377356e-01 2.7397766998e-01 3.1453444367e-01 3.1791337417e-01 3.1523362983e-01 3.4622944700e-01 2.8294054067e-01 2.4455949143e-01 3.1796426350e-01 2.9712260633e-01 3.5346974800e-01 3.4400703400e-01 3.4886402350e-01 2.9972689032e-01 2.9224723250e-01 2.9003392150e-01
1.0334312922e-01 8.3532156183e-02 5.5160122167e-02 5.3524401833e-02 2.1264199917e-02 1.5669706883e-01 1.1636154350e-01 8.5390635500e-02 8.6455728333e-02 9.8462050117e-02 3.3414065583e-02 7.4519568367e-02 1.2146531773e-01 1.0984511833e-01 6.5110177333e-02 4.1375555833e-02 2.3926177598e-02 1.2609728108e-01 6.2253753333e-02 8.9587369333e-02 9.4639650833e-02 6.1859496333e-02 9.1948436000e-02 1.0216115970e-01 1.1817867083e-01
8.0748185417e-03 7.7338647083e-03 6.9981439517e-03 6.0668211450e-03 6.7401492333e-03 1.0257200520e-02 8.9132668350e-03 5.6347304267e-03 7.8092279267e-03 5.9578484850e-03 5.7724977300e-03 7.9369077050e-03 6.8312199917e-03 8.7155804933e-03 6.7954363750e-03 6.9279114933e-03 5.6608798817e-03 7.4255794433e-03 6.7764825667e-03 8.4448852617e-03 7.3200988017e-03 9.2297845333e-03 7.8737186500e-03 8.4725855500e-03 8.6678324667e-03
4.1667354567e-03 4.0886181633e-03 3.0515682117e-03 1.1744939650e-03 4.6399201333e-03 4.5651621450e-03 2.1082925200e-03 2.4829893600e-03 4.0181566400e-03 3.6634537167e-03 1.0138239550e-03 3.1991908783e-03 2.3539024917e-03 3.7842621600e-03 4.4496742083e-03 4.3693802667e-03 2.9839607817e-03 3.2720342367e-03 3.2117029667e-03 4.5394217550e-03 3.3200225517e-03 5.0754179167e-03 2.4946944567e-03 4.2455105717e-03 2.5989489300e-03
1.5692169933e-03 1.8637550017e-03 1.5959661833e-04 0.0000000000e+00 1.5888758067e-03 1.6815215950e-03 6.2393540000e-05 6.9195923333e-04 2.5744688667e-04 2.1022151667e-04 0.0000000000e+00 9.7413874667e-04 0.0000000000e+00 2.7075194000e-04 8.9516811167e-04 1.2866883083e-03 2.4277550383e-03 1.3784944800e-03 3.6540536500e-04 2.9235422600e-03 2.2026212567e-03 2.7499252333e-03 8.2803805000e-05 1.5243254383e-03 0.0000000000e+00
4.3427739500e-04 7.3685352500e-04 0.0000000000e+00 0.0000000000e+00 1.9435827667e-04 2.3027791167e-04 0.0000000000e+00 1.4361360167e-04 0.0000000000e+00 0.0000000000e+00 0.0000000000e+00 2.0048401667e-04 0.0000000000e+00 0.0000000000e+00 0.0000000000e+00 4.0460861667e-04 1.4398273000e-03 3.9895659833e-04 0.0000000000e+00 1.4401745000e-03 5.5330263333e-04 1.0485568500e-03 0.0000000000e+00 2.2447930833e-04 0.0000000000e+00
0.0000000000e+00 3.1929781833e-04 0.0000000000e+00 0.0000000000e+00 0.0000000000e+00 0.0000000000e+00 0.0000000000e+00 3.5151825000e-05 0.0000000000e+00 0.0000000000e+00 0.0000000000e+00 0.0000000000e+00 0.0000000000e+00 0.0000000000e+00 0.0000000000e+00 3.1844059333e-04 1.2223286967e-03 2.7595667667e-04 0.0000000000e+00 1.0227533667e-03 3.0505607333e-04 6.6966678833e-04 0.0000000000e+00 0.0000000000e+00 0.0000000000e+00
0.0000000000e+00 0.0000000000e+00 0.0000000000e+00 0.0000000000e+00 0.0000000000e+00 0.0000000000e+00 0.0000000000e+00 0.0000000000e+00 0.0000000000e+00 0.0000000000e+00 0.0000000000e+00 0.0000000000e+00 0.0000000000e+00 0.0000000000e+00 0.0000000000e+00 1.3441795167e-04 4.5008210000e-04 6.6672618333e-05 0.0000000000e+00 6.9884141167e-04 0.0000000000e+00 1.9043483333e-04 0.0000000000e+00 0.0000000000e+00 0.0000000000e+00
0.0000000000e+00 0.0000000000e+00 0.0000000000e+00 0.0000000000e+00 0.0000000000e+00 0.0000000000e+00 0.0000000000e+00 0.0000000000e+00 0.0000000000e+00 0.0000000000e+00 0.0000000000e+00 0.0000000000e+00 0.0000000000e+00 0.0000000000e+00 0.0000000000e+00 0.0000000000e+00 0.0000000000e+00 0.0000000000e+00 0.0000000000e+00 0.0000000000e+00 0.0000000000e+00 0.0000000000e+00 0.0000000000e+00 0.0000000000e+00 0.0000000000e+00
