1.6968061000e+04 1.6966237000e+04 1.6968014000e+04 1.6963877000e+04 1.6969332000e+04 1.6964358000e+04 1.6965833000e+04 1.6961998000e+04 1.6963562000e+04 1.6961990000e+04 1.6966408000e+04 1.6961833000e+04 1.6964207000e+04 1.6964958000e+04 1.6963953000e+04 1.6970182000e+04 1.6963964000e+04 1.6961460000e+04 1.6963620000e+04 1.6971280000e+04 1.6964991000e+04 1.6964929000e+04 1.6963625000e+04 1.6967612000e+04 1.6961943000e+04
1.6958253000e+04 1.6958261000e+04 1.6958267000e+04 1.6958248000e+04 1.6958267000e+04 1.6958214000e+04 1.6958311000e+04 1.6958248000e+04 1.6958222000e+04 1.6958324000e+04 1.6958237000e+04 1.6958336000e+04 1.6958279000e+04 1.6958263000e+04 1.6958242000e+04 1.6958230000e+04 1.6958272000e+04 1.6958237000e+04 1.6958261000e+04 1.6958278000e+04 1.6958216000e+04 1.6958274000e+04 1.6958234000e+04 1.6958316000e+04 1.6958275000e+04
1.6958203000e+04 1.6958203000e+04 1.6958203000e+04 1.6958203000e+04 1.6958203000e+04 1.6958202000e+04 1.6958203000e+04 1.6958203000e+04 1.6958202000e+04 1.6958203000e+04 1.6958203000e+04 1.6958203000e+04 1.6958203000e+04 1.6958203000e+04 1.6958203000e+04 1.6958203000e+04 1.6958203000e+04 1.6958203000e+04 1.6958202000e+04 1.6958203000e+04 1.6958202000e+04 1.6958202000e+04 1.6958202000e+04 1.6958203000e+04 1.6958203000e+04
1.6958202000e+04 1.6958202000e+04 1.6958202000e+04 1.6958202000e+04 1.6958202000e+04 1.6958202000e+04 1.6958202000e+04 1.6958202000e+04 1.6958202000e+04 1.6958202000e+04 1.6958202000e+04 1.6958202000e+04 1.6958202000e+04 1.6958202000e+04 1.6958202000e+04 1.6958202000e+04 1.6958202000e+04 1.6958202000e+04 1.6958202000e+04 1.6958202000e+04 1.6958202000e+04 1.6958202000e+04 1.6958202000e+04 1.6958202000e+04 1.6958202000e+04
1.6958202000e+04 1.6958202000e+04 1.6958202000e+04 1.6958202000e+04 1.6958202000e+04 1.6958202000e+04 1.6958202000e+04 1.6958202000e+04 1.6958202000e+04 1.6958202000e+04 1.6958202000e+04 1.6958202000e+04 1.6958202000e+04 1.6958202000e+04 1.6958202000e+04 1.6958202000e+04 1.6958202000e+04 1.6958202000e+04 1.6958202000e+04 1.6958202000e+04 1.6958202000e+04 1.6958202000e+04 1.6958202000e+04 1.6958202000e+04 1.6958202000e+04
1.6958202000e+04 1.6958202000e+04 1.6958202000e+04 1.6958202000e+04 1.6958202000e+04 1.6958202000e+04 1.6958202000e+04 1.6958202000e+04 1.6958202000e+04 1.6958202000e+04 1.6958202000e+04 1.6958202000e+04 1.6958202000e+04 1.6958202000e+04 1.6958202000e+04 1.6958202000e+04 1.6958202000e+04 1.6958202000e+04 1.6958202000e+04 1.6958202000e+04 1.6958202000e+04 1.6958202000e+04 1.6958202000e+04 1.6958202000e+04 1.6958202000e+04
1.6958202000e+04 1.6958202000e+04 1.6958202000e+04 1.6958202000e+04 1.6958202000e+04 1.6958202000e+04 1.6958202000e+04 1.6958202000e+04 1.6958202000e+04 1.6958202000e+04 1.6958202000e+04 1.6958202000e+04 1.6958202000e+04 1.6958202000e+04 1.6958202000e+04 1.6958202000e+04 1.6958202000e+04 1.6958202000e+04 1.6958202000e+04 1.6958202000e+04 1.6958202000e+04 1.6958202000e+04 1.6958202000e+04 1.6958202000e+04 1.6958202000e+04
1.6958202000e+04 1.6958202000e+04 1.6958202000e+04 1.6958202000e+04 1.6958202000e+04 1.6958202000e+04 1.6958202000e+04 1.6958202000e+04 1.6958202000e+04 1.6958202000e+04 1.6958202000e+04 1.6958202000e+04 1.6958202000e+04 1.6958202000e+04 1.6958202000e+04 1.6958202000e+04 1.6958202000e+04 1.6958202000e+04 1.6958202000e+04 1.6958202000e+04 1.6958202000e+04 1.6958202000e+04 1.6958202000e+04 1.6958202000e+04 1.6958202000e+04
1.6958202000e+04 1.6958202000e+04 1.6958202000e+04 1.6958202000e+04 1.6958202000e+04 1.6958202000e+04 1.6958202000e+04 1.6958202000e+04 1.6958202000e+04 1.6958202000e+04 1.6958202000e+04 1.6958202000e+04 1.6958202000e+04 1.6958202000e+04 1.6958202000e+04 1.6958202000e+04 1.6958202000e+04 1.6958202000e+04 1.6958202000e+04 1.6958202000e+04 1.6958202000e+04 1.6958202000e+04 1.6958202000e+04 1.6958202000e+04 1.6958202000e+04
1.6958202000e+04 1.6958202000e+04 1.6958202000e+04 1.6958202000e+04 1.6958202000e+04 1.6958202000e+04 1.6958202000e+04 1.6958202000e+04 1.6958202000e+04 1.6958202000e+04 1.6958202000e+04 1.6958202000e+04 1.6958202000e+04 1.6958202000e+04 1.6958202000e+04 1.6958202000e+04 1.6958202000e+04 1.6958202000e+04 1.6958202000e+04 1.6958202000e+04 1.6958202000e+04 1.6958202000e+04 1.6958202000e+04 1.6958202000e+04 1.6958202000e+04
