2.5635834000e+00 2.5664322000e+00 2.5672536000e+00 2.5843602000e+00 2.5708546000e+00 2.5678916000e+00 2.5760574000e+00 2.6267979000e+00 2.5771640000e+00 2.5850790000e+00 2.5593877000e+00 2.5630185000e+00 2.5591158000e+00 2.5579577000e+00 2.6121559000e+00 2.5750507000e+00 2.5676464000e+00 2.5582738000e+00 2.5619764000e+00 2.5605811000e+00 2.5751932000e+00 2.5623451000e+00 2.5582210000e+00 2.5720084000e+00 2.5579256000e+00
2.5579332000e+00 2.5579722000e+00 2.5577549000e+00 2.5595117000e+00 2.5578921000e+00 2.5579313000e+00 2.5580783000e+00 2.5598359000e+00 2.5581852000e+00 2.5583295000e+00 2.5576713000e+00 2.5578739000e+00 2.5576663000e+00 2.5576606000e+00 2.5577186000e+00 2.5579497000e+00 2.5577983000e+00 2.5576578000e+00 2.5579310000e+00 2.5576599000e+00 2.5595299000e+00 2.5581202000e+00 2.5576576000e+00 2.5580080000e+00 2.5576692000e+00
2.5576564000e+00 2.5576772000e+00 2.5576578000e+00 2.5576648000e+00 2.5576572000e+00 2.5576659000e+00 2.5576637000e+00 2.5576902000e+00 2.5576880000e+00 2.5576621000e+00 2.5576566000e+00 2.5576626000e+00 2.5576564000e+00 2.5576568000e+00 2.5576583000e+00 2.5576710000e+00 2.5576569000e+00 2.5576568000e+00 2.5576609000e+00 2.5576551000e+00 2.5576616000e+00 2.5580756000e+00 2.5576567000e+00 2.5576580000e+00 2.5576594000e+00
2.5576557000e+00 2.5576572000e+00 2.5576550000e+00 2.5576585000e+00 2.5576548000e+00 2.5576568000e+00 2.5576565000e+00 2.5576563000e+00 2.5576555000e+00 2.5576554000e+00 2.5576566000e+00 2.5576558000e+00 2.5576561000e+00 2.5576547000e+00 2.5576556000e+00 2.5576556000e+00 2.5576554000e+00 2.5576559000e+00 2.5576572000e+00 2.5576551000e+00 2.5576553000e+00 2.5576562000e+00 2.5576567000e+00 2.5576560000e+00 2.5576559000e+00
2.5576555000e+00 2.5576564000e+00 2.5576548000e+00 2.5576549000e+00 2.5576548000e+00 2.5576549000e+00 2.5576565000e+00 2.5576552000e+00 2.5576555000e+00 2.5576553000e+00 2.5576550000e+00 2.5576548000e+00 2.5576551000e+00 2.5576547000e+00 2.5576556000e+00 2.5576548000e+00 2.5576553000e+00 2.5576553000e+00 2.5576572000e+00 2.5576551000e+00 2.5576550000e+00 2.5576552000e+00 2.5576548000e+00 2.5576559000e+00 2.5576548000e+00
2.5576548000e+00 2.5576548000e+00 2.5576546000e+00 2.5576546000e+00 2.5576548000e+00 2.5576547000e+00 2.5576550000e+00 2.5576549000e+00 2.5576547000e+00 2.5576548000e+00 2.5576550000e+00 2.5576546000e+00 2.5576547000e+00 2.5576546000e+00 2.5576550000e+00 2.5576548000e+00 2.5576546000e+00 2.5576546000e+00 2.5576546000e+00 2.5576549000e+00 2.5576546000e+00 2.5576547000e+00 2.5576547000e+00 2.5576547000e+00 2.5576546000e+00
2.5576546000e+00 2.5576546000e+00 2.5576546000e+00 2.5576546000e+00 2.5576546000e+00 2.5576546000e+00 2.5576546000e+00 2.5576546000e+00 2.5576546000e+00 2.5576546000e+00 2.5576546000e+00 2.5576546000e+00 2.5576546000e+00 2.5576546000e+00 2.5576546000e+00 2.5576546000e+00 2.5576546000e+00 2.5576546000e+00 2.5576546000e+00 2.5576546000e+00 2.5576546000e+00 2.5576546000e+00 2.5576546000e+00 2.5576546000e+00 2.5576546000e+00
2.5576546000e+00 2.5576546000e+00 2.5576546000e+00 2.5576546000e+00 2.5576546000e+00 2.5576546000e+00 2.5576546000e+00 2.5576546000e+00 2.5576546000e+00 2.5576546000e+00 2.5576546000e+00 2.5576546000e+00 2.5576546000e+00 2.5576546000e+00 2.5576546000e+00 2.5576546000e+00 2.5576546000e+00 2.5576546000e+00 2.5576546000e+00 2.5576546000e+00 2.5576546000e+00 2.5576546000e+00 2.5576546000e+00 2.5576546000e+00 2.5576546000e+00
2.5576546000e+00 2.5576546000e+00 2.5576546000e+00 2.5576546000e+00 2.5576546000e+00 2.5576546000e+00 2.5576546000e+00 2.5576546000e+00 2.5576546000e+00 2.5576546000e+00 2.5576546000e+00 2.5576546000e+00 2.5576546000e+00 2.5576546000e+00 2.5576546000e+00 2.5576546000e+00 2.5576546000e+00 2.5576546000e+00 2.5576546000e+00 2.5576546000e+00 2.5576546000e+00 2.5576546000e+00 2.5576546000e+00 2.5576546000e+00 2.5576546000e+00
2.5576546000e+00 2.5576546000e+00 2.5576546000e+00 2.5576546000e+00 2.5576546000e+00 2.5576546000e+00 2.5576546000e+00 2.5576546000e+00 2.5576546000e+00 2.5576546000e+00 2.5576546000e+00 2.5576546000e+00 2.5576546000e+00 2.5576546000e+00 2.5576546000e+00 2.5576546000e+00 2.5576546000e+00 2.5576546000e+00 2.5576546000e+00 2.5576546000e+00 2.5576546000e+00 2.5576546000e+00 2.5576546000e+00 2.5576546000e+00 2.5576546000e+00
