2.7137694000e+01 1.1688112000e+01 2.0910131000e+01 2.0350326000e+01 1.4920659000e+01 1.1615109000e+01 7.4977403000e+00 1.0645027000e+01 1.7409259000e+01 1.5420122000e+01 9.9252807000e+00 1.6763687000e+01 4.0942388000e+01 7.3615899000e+00 5.5383838000e+00 1.0466419000e+01 -4.7149810000e+00 1.8211375000e+01 2.0919021000e+01 7.5911045000e+00 2.5437631000e+01 7.7762493000e+00 4.1586852000e+00 4.7940514000e+00 2.2074216000e+01
1.6043452000e+01 1.6256381000e+01 4.5553372000e+00 1.1421675000e+01 1.9270424000e+01 7.8450943000e+00 1.6172139000e+01 2.1361950000e+01 1.1863596000e+01 1.3020887000e+01 2.0217557000e+01 6.7299105000e+00 8.1471556000e+00 5.6125782000e+00 6.6812519000e+00 8.2093976000e+00 1.0706726000e+01 1.0262306000e+01 1.4981001000e+01 1.3265455000e+01 1.2461084000e+01 1.3526082000e+01 7.2844788000e+00 -1.1416871000e+00 1.0640863000e+01
1.1062509000e+01 1.1716033000e+01 7.5429931000e+00 9.4592353000e+00 1.0940435000e+01 7.0025828000e+00 1.0971685000e+01 7.4941837000e+00 6.2990877000e+00 1.3125969000e+01 1.3893126000e+01 6.7300311000e+00 1.2445325000e+01 6.2173720000e+00 5.1163747000e+00 6.8687918000e+00 8.6321679000e+00 7.0281721000e+00 1.1859107000e+01 1.0352334000e+01 1.1607280000e+01 1.4265506000e+01 5.0620968000e+00 5.5419525000e+00 5.3483771000e+00
1.2755965000e+01 1.1862582000e+01 6.6578511000e+00 7.7918723000e+00 7.6836267000e+00 5.2388929000e+00 9.6303045000e+00 7.1437917000e+00 6.8302504000e+00 1.1155451000e+01 1.0519219000e+01 6.0128473000e+00 8.9395852000e+00 4.4700147000e+00 6.0023124000e+00 6.9987233000e+00 7.1786645000e+00 5.4879093000e+00 1.1601570000e+01 1.0905270000e+01 9.1007762000e+00 1.1344014000e+01 8.0416841000e+00 6.3354582000e+00 4.0416607000e+00
1.2613801000e+01 1.1604103000e+01 7.1070381000e+00 7.9436012000e+00 7.5418606000e+00 4.4176049000e+00 9.1699055000e+00 8.3715573000e+00 7.2356193000e+00 1.0702074000e+01 1.0572619000e+01 6.5333810000e+00 8.7798505000e+00 4.9249294000e+00 5.8375897000e+00 7.6122335000e+00 6.8515502000e+00 5.4458738000e+00 1.1225661000e+01 9.9998993000e+00 8.6247984000e+00 9.2230317000e+00 7.8232096000e+00 6.0644733000e+00 4.4892574000e+00
1.2532238000e+01 1.1105965000e+01 6.8668199000e+00 8.1794789000e+00 7.8854769000e+00 4.5723418000e+00 9.0946297000e+00 8.5988247000e+00 7.4897896000e+00 1.0271249000e+01 1.0037700000e+01 7.9341173000e+00 8.7810492000e+00 5.1195737000e+00 6.1271009000e+00 7.5897925000e+00 6.4303994000e+00 5.8760832000e+00 1.1133160000e+01 1.0019743000e+01 8.7299844000e+00 8.7249033000e+00 8.1787722000e+00 6.2740379000e+00 5.9799771000e+00
1.1908433000e+01 1.0980348000e+01 6.8202617000e+00 8.3605793000e+00 7.9647658000e+00 4.5685877000e+00 9.0303043000e+00 8.5646278000e+00 7.4306747000e+00 1.0201490000e+01 1.0120621000e+01 8.1836109000e+00 8.6749262000e+00 5.3008994000e+00 6.4369889000e+00 7.6166488000e+00 7.3048988000e+00 6.6045884000e+00 1.1020678000e+01 9.8837807000e+00 8.8985785000e+00 8.7467541000e+00 8.2641964000e+00 6.1826013000e+00 6.1742918000e+00
1.1913920000e+01 1.0736870000e+01 6.8743812000e+00 8.4687341000e+00 8.0017648000e+00 4.5922430000e+00 9.0415591000e+00 8.5311821000e+00 7.4523815000e+00 1.0183955000e+01 1.0062056000e+01 8.2529618000e+00 8.6616256000e+00 5.4237140000e+00 6.5638137000e+00 7.8013880000e+00 7.6468698000e+00 6.8850042000e+00 1.1011137000e+01 9.7755831000e+00 8.9045139000e+00 8.8072954000e+00 8.2708129000e+00 6.2570977000e+00 6.1969545000e+00
1.1968782000e+01 1.0580737000e+01 6.9065253000e+00 8.5091131000e+00 7.8986391000e+00 4.6358749000e+00 9.0248799000e+00 8.5281444000e+00 7.3829895000e+00 1.0143186000e+01 9.9918548000e+00 8.1977602000e+00 9.0353216000e+00 5.6710458000e+00 6.5499063000e+00 7.7031873000e+00 7.8004901000e+00 7.2298785000e+00 1.0726843000e+01 9.6258407000e+00 8.6425979000e+00 8.8521484000e+00 8.1385006000e+00 6.3717668000e+00 6.3314763000e+00
1.1963876000e+01 1.0351184000e+01 6.9377441000e+00 8.5043274000e+00 7.9852757000e+00 4.7295473000e+00 9.0040550000e+00 8.4285904000e+00 7.4707964000e+00 9.8849871000e+00 1.0080512000e+01 8.2532240000e+00 9.0577711000e+00 5.9254695000e+00 6.6898499000e+00 7.7227621000e+00 7.7933518000e+00 7.2194539000e+00 1.0771067000e+01 9.7772221000e+00 8.6280204000e+00 8.8743420000e+00 8.2167295000e+00 6.3717874000e+00 6.2992099000e+00
