4.0525562000e+03 5.1877164000e+03 4.2041765000e+03 5.1864848000e+03 4.2941421000e+03 4.4134304000e+03 6.0554324000e+03 5.1275413000e+03 3.7435388000e+03 6.8209234000e+03 4.4745018000e+03 4.4368541000e+03 5.0763970000e+03 4.1535233000e+03 5.3939402000e+03 5.0772753000e+03 4.0183113000e+03 4.4647185000e+03 4.1725663000e+03 4.4734945000e+03 4.8890502000e+03 5.3360527000e+03 5.1297427000e+03 4.9649638000e+03 4.1632061000e+03
4.9068230000e+03 4.2402203000e+03 3.9304975000e+03 3.9758030000e+03 3.7336796000e+03 4.2744654000e+03 4.4129141000e+03 3.8619125000e+03 3.7444841000e+03 4.3172723000e+03 3.6273855000e+03 3.6725936000e+03 3.4957686000e+03 3.1435262000e+03 4.8356116000e+03 4.6395003000e+03 3.4316587000e+03 4.0350808000e+03 4.6445011000e+03 4.2562255000e+03 6.0965192000e+03 3.9429266000e+03 4.5281432000e+03 4.4585941000e+03 5.8677726000e+03
3.2685997000e+03 3.9477135000e+03 3.3631048000e+03 4.5109102000e+03 2.8204180000e+03 6.0662353000e+03 4.7238862000e+03 3.5518650000e+03 4.1157925000e+03 6.2187462000e+03 3.6970351000e+03 2.9848329000e+03 4.1441162000e+03 4.2007251000e+03 3.6648690000e+03 3.4229958000e+03 2.8963116000e+03 4.1575024000e+03 3.2044748000e+03 2.9107786000e+03 4.2338004000e+03 3.3550274000e+03 4.5245721000e+03 3.1375587000e+03 6.0627938000e+03
2.6637738000e+03 2.5076288000e+03 2.6085529000e+03 2.7351115000e+03 2.6559173000e+03 2.5715928000e+03 2.8869329000e+03 2.6591039000e+03 2.7519093000e+03 7.3195987000e+03 3.5342810000e+03 2.5401890000e+03 2.7346829000e+03 2.7259888000e+03 2.7405890000e+03 2.7998902000e+03 2.6124595000e+03 2.7417634000e+03 2.8513880000e+03 2.5548282000e+03 2.7845011000e+03 2.5497475000e+03 3.1896924000e+03 2.5929711000e+03 3.2658218000e+03
2.7362525000e+03 2.6544780000e+03 2.9992427000e+03 3.8161456000e+03 2.7147809000e+03 2.9133863000e+03 3.7168398000e+03 3.0204648000e+03 3.0093722000e+03 6.7988615000e+03 4.5379607000e+03 2.7731565000e+03 3.1571293000e+03 2.9570180000e+03 2.9035368000e+03 2.7295294000e+03 2.5688006000e+03 2.7525660000e+03 2.7709591000e+03 2.5499967000e+03 2.6646731000e+03 2.5962431000e+03 3.7035385000e+03 2.9435354000e+03 4.3943084000e+03
3.0568168000e+03 2.9666090000e+03 3.7031194000e+03 4.2171129000e+03 3.5235474000e+03 3.3791869000e+03 4.9689871000e+03 3.9267398000e+03 4.4267064000e+03 6.9161164000e+03 4.8256529000e+03 3.6835126000e+03 3.7672255000e+03 3.8224581000e+03 4.1844339000e+03 3.6071561000e+03 2.6347677000e+03 3.3037227000e+03 3.8482397000e+03 2.6005816000e+03 2.9919297000e+03 2.8646091000e+03 4.5840135000e+03 3.2057785000e+03 5.3638172000e+03
3.4490120000e+03 3.2331932000e+03 3.5662494000e+03 3.9839429000e+03 4.0951774000e+03 3.7921238000e+03 4.6084579000e+03 4.3118649000e+03 4.3390584000e+03 4.9509118000e+03 4.4627201000e+03 4.0893983000e+03 3.5760088000e+03 3.6205581000e+03 4.3120191000e+03 3.9833351000e+03 2.5409417000e+03 3.6358073000e+03 3.9686402000e+03 2.6759571000e+03 3.6312922000e+03 2.8292028000e+03 4.0133930000e+03 3.6266114000e+03 4.7991582000e+03
3.5811915000e+03 3.3608064000e+03 3.4901111000e+03 3.9045111000e+03 3.9020818000e+03 3.7260465000e+03 4.4985512000e+03 4.3467662000e+03 4.1559733000e+03 4.7757144000e+03 4.2812140000e+03 4.3279689000e+03 3.5042973000e+03 3.4934881000e+03 4.1033995000e+03 4.2796440000e+03 2.5530608000e+03 3.7313875000e+03 3.7776734000e+03 2.8036003000e+03 3.8170870000e+03 2.9840259000e+03 3.8344479000e+03 3.6059771000e+03 4.5003355000e+03
3.4582074000e+03 3.4716848000e+03 3.4447738000e+03 3.7240533000e+03 3.6475609000e+03 3.5981657000e+03 4.3305130000e+03 3.9596894000e+03 3.8983364000e+03 4.3564314000e+03 4.0474106000e+03 3.9986314000e+03 3.4517047000e+03 3.3959494000e+03 3.8782721000e+03 4.8208112000e+03 3.3259832000e+03 4.0313295000e+03 3.6653264000e+03 2.8867951000e+03 4.0469337000e+03 3.5043772000e+03 3.6244136000e+03 3.5052606000e+03 4.3239701000e+03
3.3729924000e+03 3.4222717000e+03 3.3875714000e+03 3.5085290000e+03 3.5194800000e+03 3.4408675000e+03 4.1047654000e+03 3.5842865000e+03 3.6876922000e+03 4.1930527000e+03 3.6993851000e+03 3.7890435000e+03 3.4167172000e+03 3.2950806000e+03 3.6460524000e+03 4.5278684000e+03 3.4964134000e+03 3.6884950000e+03 3.4898322000e+03 3.4691053000e+03 3.6929479000e+03 3.4115590000e+03 3.3812177000e+03 3.4472145000e+03 4.0335565000e+03
