2.3524246000e-01 2.3524246000e-01 2.3524246000e-01 2.3524246000e-01 2.3524246000e-01 2.3524246000e-01 2.3524246000e-01 2.3524246000e-01 2.3524246000e-01 2.3524246000e-01 2.3524246000e-01 2.3524246000e-01 2.3524246000e-01 2.3524246000e-01 2.3524246000e-01 2.3524246000e-01 2.3524246000e-01 2.3524247000e-01 2.3524247000e-01 2.3524246000e-01 2.3524246000e-01 2.3524246000e-01 2.3524246000e-01 2.3524246000e-01 2.3524246000e-01
2.3524246000e-01 2.3524246000e-01 2.3524246000e-01 2.3524246000e-01 2.3524246000e-01 2.3524246000e-01 2.3524246000e-01 2.3524246000e-01 2.3524246000e-01 2.3524246000e-01 2.3524246000e-01 2.3524246000e-01 2.3524246000e-01 2.3524246000e-01 2.3524246000e-01 2.3524246000e-01 2.3524246000e-01 2.3524246000e-01 2.3524246000e-01 2.3524246000e-01 2.3524246000e-01 2.3524246000e-01 2.3524246000e-01 2.3524246000e-01 2.3524246000e-01
2.3524246000e-01 2.3524246000e-01 2.3524246000e-01 2.3524246000e-01 2.3524246000e-01 2.3524246000e-01 2.3524246000e-01 2.3524246000e-01 2.3524246000e-01 2.3524246000e-01 2.3524246000e-01 2.3524246000e-01 2.3524246000e-01 2.3524246000e-01 2.3524246000e-01 2.3524246000e-01 2.3524246000e-01 2.3524246000e-01 2.3524246000e-01 2.3524246000e-01 2.3524246000e-01 2.3524246000e-01 2.3524246000e-01 2.3524246000e-01 2.3524246000e-01
2.3524246000e-01 2.3524246000e-01 2.3524246000e-01 2.3524246000e-01 2.3524246000e-01 2.3524246000e-01 2.3524246000e-01 2.3524246000e-01 2.3524246000e-01 2.3524246000e-01 2.3524246000e-01 2.3524246000e-01 2.3524246000e-01 2.3524246000e-01 2.3524246000e-01 2.3524246000e-01 2.3524246000e-01 2.3524246000e-01 2.3524246000e-01 2.3524246000e-01 2.3524246000e-01 2.3524246000e-01 2.3524246000e-01 2.3524246000e-01 2.3524246000e-01
2.3524246000e-01 2.3524246000e-01 2.3524246000e-01 2.3524246000e-01 2.3524246000e-01 2.3524246000e-01 2.3524246000e-01 2.3524246000e-01 2.3524246000e-01 2.3524246000e-01 2.3524246000e-01 2.3524246000e-01 2.3524246000e-01 2.3524246000e-01 2.3524246000e-01 2.3524246000e-01 2.3524246000e-01 2.3524246000e-01 2.3524246000e-01 2.3524246000e-01 2.3524246000e-01 2.3524246000e-01 2.3524246000e-01 2.3524246000e-01 2.3524246000e-01
2.3524246000e-01 2.3524246000e-01 2.3524246000e-01 2.3524246000e-01 2.3524246000e-01 2.3524246000e-01 2.3524246000e-01 2.3524246000e-01 2.3524246000e-01 2.3524246000e-01 2.3524246000e-01 2.3524246000e-01 2.3524246000e-01 2.3524246000e-01 2.3524246000e-01 2.3524246000e-01 2.3524246000e-01 2.3524246000e-01 2.3524246000e-01 2.3524246000e-01 2.3524246000e-01 2.3524246000e-01 2.3524246000e-01 2.3524246000e-01 2.3524246000e-01
2.3524246000e-01 2.3524246000e-01 2.3524246000e-01 2.3524246000e-01 2.3524246000e-01 2.3524246000e-01 2.3524246000e-01 2.3524246000e-01 2.3524246000e-01 2.3524246000e-01 2.3524246000e-01 2.3524246000e-01 2.3524246000e-01 2.3524246000e-01 2.3524246000e-01 2.3524246000e-01 2.3524246000e-01 2.3524246000e-01 2.3524246000e-01 2.3524246000e-01 2.3524246000e-01 2.3524246000e-01 2.3524246000e-01 2.3524246000e-01 2.3524246000e-01
2.3524246000e-01 2.3524246000e-01 2.3524246000e-01 2.3524246000e-01 2.3524246000e-01 2.3524246000e-01 2.3524246000e-01 2.3524246000e-01 2.3524246000e-01 2.3524246000e-01 2.3524246000e-01 2.3524246000e-01 2.3524246000e-01 2.3524246000e-01 2.3524246000e-01 2.3524246000e-01 2.3524246000e-01 2.3524246000e-01 2.3524246000e-01 2.3524246000e-01 2.3524246000e-01 2.3524246000e-01 2.3524246000e-01 2.3524246000e-01 2.3524246000e-01
2.3524246000e-01 2.3524246000e-01 2.3524246000e-01 2.3524246000e-01 2.3524246000e-01 2.3524246000e-01 2.3524246000e-01 2.3524246000e-01 2.3524246000e-01 2.3524246000e-01 2.3524246000e-01 2.3524246000e-01 2.3524246000e-01 2.3524246000e-01 2.3524246000e-01 2.3524246000e-01 2.3524246000e-01 2.3524246000e-01 2.3524246000e-01 2.3524246000e-01 2.3524246000e-01 2.3524246000e-01 2.3524246000e-01 2.3524246000e-01 2.3524246000e-01
2.3524246000e-01 2.3524246000e-01 2.3524246000e-01 2.3524246000e-01 2.3524246000e-01 2.3524246000e-01 2.3524246000e-01 2.3524246000e-01 2.3524246000e-01 2.3524246000e-01 2.3524246000e-01 2.3524246000e-01 2.3524246000e-01 2.3524246000e-01 2.3524246000e-01 2.3524246000e-01 2.3524246000e-01 2.3524246000e-01 2.3524246000e-01 2.3524246000e-01 2.3524246000e-01 2.3524246000e-01 2.3524246000e-01 2.3524246000e-01 2.3524246000e-01
