3.6721772000e-01 7.7202165000e-01 5.3131094000e-01 7.4867471000e-01 6.4244299000e-01 6.4859284000e-01 1.1681190000e+00 8.3224852000e-01 4.0823101000e-01 7.8272770000e-01 6.4644652000e-01 9.4370433000e-01 5.1647415000e-01 4.8212760000e-01 7.2000728000e-01 6.8200484000e-01 4.0467777000e-01 8.1047591000e-01 5.5949566000e-01 6.6156465000e-01 5.7211013000e-01 5.9951175000e-01 4.0979250000e-01 4.1916644000e-01 2.7180564000e-01
2.9415898000e-01 2.1012799000e-01 3.1815238000e-01 4.0141498000e-01 2.2835545000e-01 2.7076849000e-01 2.8493471000e-01 2.6627971000e-01 2.8420639000e-01 2.6333797000e-01 5.3372858000e-01 3.3091788000e-01 3.2336422000e-01 3.3697517000e-01 2.0358837000e-01 2.8462509000e-01 2.9630308000e-01 4.0710175000e-01 2.0172661000e-01 2.8996442000e-01 3.0209214000e-01 1.7710096000e-01 3.1654524000e-01 3.0582727000e-01 2.6859084000e-01
4.4891515000e-01 2.2705579000e-01 2.5727435000e-01 1.8222810000e-01 2.9792441000e-01 2.1143089000e-01 2.2102326000e-01 2.7542218000e-01 2.4116529000e-01 1.5935220000e-01 2.8019764000e-01 1.6791007000e-01 1.6255594000e-01 1.3400838000e-01 2.1800717000e-01 1.5368675000e-01 1.5996377000e-01 3.7931401000e-01 1.7636633000e-01 4.9800245000e-01 2.6517735000e-01 2.6013176000e-01 3.7231476000e-01 1.9002639000e-01 2.5212245000e-01
2.0505552000e-01 1.3293057000e-01 1.1279324000e-01 1.3944432000e-01 1.4098828000e-01 1.4666332000e-01 1.3272086000e-01 1.5258429000e-01 1.3421981000e-01 9.4749958000e-02 1.9422898000e-01 1.0032168000e-01 1.0388636000e-01 9.9888191000e-02 1.2984242000e-01 1.0962581000e-01 7.7782071000e-02 2.3120458000e-01 1.1417399000e-01 2.4436106000e-01 1.4954215000e-01 1.6713907000e-01 1.5946035000e-01 1.0856032000e-01 1.4487713000e-01
1.2380116000e-01 8.4459720000e-02 7.5615524000e-02 9.4449040000e-02 8.2946048000e-02 9.5987156000e-02 8.6706205000e-02 9.4767381000e-02 8.6299898000e-02 6.9613295000e-02 1.2359255000e-01 7.1981879000e-02 7.2715887000e-02 7.7722947000e-02 8.8413379000e-02 6.0917483000e-02 5.2578986000e-02 1.1290328000e-01 7.5763546000e-02 1.5056862000e-01 9.9683731000e-02 1.1486975000e-01 8.7389740000e-02 7.3585810000e-02 9.6544366000e-02
6.0362053000e-02 5.3445514000e-02 4.7130880000e-02 6.1456319000e-02 5.7661006000e-02 4.5203039000e-02 5.9804348000e-02 5.9106133000e-02 4.7344238000e-02 4.8764774000e-02 6.0559083000e-02 3.9226901000e-02 4.4439786000e-02 4.5899536000e-02 5.3413116000e-02 3.6883259000e-02 3.7017341000e-02 4.0470348000e-02 4.9927784000e-02 8.8604359000e-02 4.2652860000e-02 7.7676580000e-02 6.0470218000e-02 4.9543497000e-02 6.1511576000e-02
4.8680160000e-02 4.0997219000e-02 3.8053343000e-02 3.7476540000e-02 4.0454972000e-02 3.3485922000e-02 3.9481301000e-02 5.1136243000e-02 3.9620766000e-02 3.8520152000e-02 4.8785174000e-02 3.2803147000e-02 3.4940963000e-02 3.4292791000e-02 4.4207699000e-02 3.1687862000e-02 3.2500461000e-02 2.5432273000e-02 3.6229933000e-02 4.1929290000e-02 3.4548791000e-02 5.6609322000e-02 5.4025750000e-02 4.3041969000e-02 5.1483711000e-02
4.5911125000e-02 3.7769161000e-02 3.5533749000e-02 3.2857103000e-02 3.4247029000e-02 2.9323108000e-02 3.5715247000e-02 4.5088118000e-02 3.6426927000e-02 3.1805670000e-02 4.1922016000e-02 3.1923970000e-02 3.4007873000e-02 3.3151880000e-02 3.6929296000e-02 3.0076834000e-02 2.8777020000e-02 2.3020935000e-02 3.4776262000e-02 3.6467390000e-02 3.2870638000e-02 3.9572488000e-02 5.0006059000e-02 4.1375249000e-02 4.7178677000e-02
3.7641158000e-02 3.3960444000e-02 3.3757729000e-02 3.2166935000e-02 3.2589958000e-02 2.7527008000e-02 3.0051692000e-02 4.0887659000e-02 3.4783296000e-02 3.1417405000e-02 3.9337603000e-02 3.1653622000e-02 3.3559210000e-02 3.2481591000e-02 3.2429343000e-02 2.9649374000e-02 2.7443367000e-02 2.2244330000e-02 3.4031060000e-02 3.5929856000e-02 3.2551260000e-02 3.3581733000e-02 4.0038443000e-02 4.0239197000e-02 4.4514497000e-02
3.3732028000e-02 3.2111785000e-02 3.2873969000e-02 3.2016776000e-02 3.2228533000e-02 2.7297541000e-02 2.9051400000e-02 4.0047770000e-02 3.3853717000e-02 3.1365782000e-02 3.7627645000e-02 3.1611936000e-02 3.3291401000e-02 3.2377703000e-02 3.0730351000e-02 2.8854282000e-02 2.7422140000e-02 2.1717709000e-02 3.3591382000e-02 3.5615023000e-02 3.2533302000e-02 2.9432963000e-02 3.7070963000e-02 3.9724744000e-02 3.8358009000e-02
