4.5754749379e+01 4.4063100596e+01 4.1390165334e+01 4.2289056957e+01 4.8469238123e+01 4.5480319996e+01 4.6815252656e+01 4.5998891083e+01 4.5551262825e+01 4.3952987438e+01 4.6633104413e+01 4.8932554982e+01 4.8108466934e+01 4.1819440551e+01 4.7874262471e+01 4.6749295658e+01 4.6479544042e+01 4.8192656484e+01 4.8325594846e+01 4.7257779560e+01 4.8340328351e+01 4.7663740264e+01 4.7014407005e+01 4.5622949152e+01 4.5019312756e+01
1.1694557841e+01 1.2458379054e+01 1.1550366589e+01 1.0525969207e+01 1.2425154728e+01 1.2601014912e+01 1.0994284992e+01 1.1730215231e+01 1.1995795238e+01 1.4175245423e+01 1.1796911580e+01 1.3261554017e+01 1.2146576463e+01 1.2128841789e+01 1.1862445109e+01 1.3048130957e+01 1.1355629120e+01 1.2805402648e+01 1.3036849640e+01 1.1431005516e+01 1.2901044014e+01 1.1542837458e+01 1.2753538681e+01 1.3349814348e+01 1.2056527261e+01
3.1865870032e+00 3.2205297000e+00 3.0636194939e+00 3.4025435161e+00 3.2809796918e+00 3.3043862389e+00 3.0352639646e+00 3.2765480373e+00 3.3284274966e+00 3.6050529912e+00 3.3161896827e+00 3.3640146825e+00 3.1499081015e+00 3.3417573141e+00 3.3536419592e+00 3.6370208830e+00 3.2437140483e+00 3.3216060973e+00 3.1870999801e+00 3.3794893901e+00 2.9943962639e+00 3.1998835806e+00 3.4040859183e+00 3.6180119636e+00 3.1929073622e+00
1.8825112746e+00 1.7883370324e+00 2.0534110328e+00 2.1457405147e+00 1.7037906136e+00 2.0253655118e+00 1.6679029681e+00 1.8722431606e+00 2.1345917809e+00 2.2678987031e+00 2.0105210927e+00 1.9946376110e+00 1.9114234851e+00 1.7429232101e+00 2.0904203943e+00 2.1688624688e+00 1.7210082324e+00 1.9065172744e+00 1.7917144563e+00 1.9222686333e+00 1.7702514322e+00 2.0129734137e+00 2.1144191684e+00 2.2991668717e+00 1.8615019332e+00
1.3241640565e+00 9.5408173387e-01 1.4956034698e+00 1.6711545301e+00 1.1389351706e+00 1.6501906041e+00 1.1398466819e+00 1.2092602787e+00 1.7231033471e+00 1.7721070291e+00 1.3557824829e+00 1.6343902246e+00 1.2225609309e+00 1.2502604608e+00 1.5450933756e+00 1.4069355756e+00 1.1885848288e+00 9.8880367495e-01 1.1918107655e+00 1.2282797106e+00 1.3332658974e+00 1.4177594469e+00 1.5387373666e+00 1.4011488934e+00 1.4069328341e+00
1.0520996704e+00 7.1534189238e-01 1.3190476561e+00 1.4049328803e+00 8.5455827022e-01 1.1891782079e+00 6.3949530238e-01 1.0938035995e+00 1.3373631870e+00 1.2784289304e+00 9.0247596076e-01 1.2677773831e+00 8.8736210060e-01 6.6035504406e-01 1.0805741548e+00 9.5893980356e-01 1.0061196528e+00 6.5981369304e-01 8.2525780376e-01 1.0557617223e+00 8.9292823647e-01 1.0825000131e+00 1.2520686936e+00 1.2128748936e+00 1.2341016381e+00
6.4931285754e-01 2.9835157666e-01 1.0026433851e+00 7.9025644777e-01 6.1410187881e-01 7.4088178085e-01 4.1289187846e-01 5.0786798404e-01 5.7925346612e-01 8.3483578542e-01 5.8043747167e-01 8.2874877365e-01 5.2175802164e-01 3.1682568760e-01 6.4865364137e-01 5.7088446065e-01 7.3211848202e-01 4.3894411325e-01 2.7153093432e-01 6.9462274049e-01 3.1713851224e-01 6.4053435819e-01 8.2485292539e-01 9.4336547713e-01 9.1724385667e-01
3.8566394838e-01 1.7665463747e-01 8.8286073378e-01 4.2716568417e-01 5.0992604334e-01 4.9437863578e-01 3.4768258652e-01 1.7438342711e-01 3.1176087363e-01 5.3167897700e-01 1.6240170583e-01 5.6847277224e-01 3.5911175753e-01 2.2369389245e-01 5.0288559405e-01 1.7583838012e-01 4.8165231392e-01 3.0634590400e-01 1.3819900013e-01 5.8328590973e-01 2.0778213758e-01 5.6459972842e-01 5.2138146621e-01 7.9784029377e-01 6.7981569514e-01
1.9088822183e-01 1.1909069922e-01 6.7366858917e-01 3.3311870478e-01 3.0526366832e-01 4.3555054914e-01 2.3122065579e-01 1.0936650150e-01 2.4425398900e-01 3.4626174537e-01 8.6767811893e-02 4.7950990440e-01 3.0908369619e-01 1.1163246788e-01 4.4450061513e-01 7.4538170395e-02 3.4655689729e-01 9.7901212691e-02 8.3013135143e-02 4.5424569116e-01 1.2001471794e-01 5.1137277937e-01 3.9753281738e-01 6.4594870767e-01 1.8869351101e-01
1.2965089618e-01 5.4383328183e-02 3.2295957134e-01 2.7683304591e-01 1.3228597332e-01 3.0399217927e-01 1.2736183622e-01 8.8439063303e-02 1.6048103089e-01 1.4274722045e-01 4.5905541089e-02 1.9015982533e-01 1.7641229159e-01 6.2088318061e-02 1.3463013179e-01 3.6130071605e-02 1.6626933900e-01 5.5233953848e-02 3.9803160494e-02 3.8387228737e-01 5.7924180650e-02 1.8445630331e-01 3.1695756707e-01 2.3794067873e-01 7.8048886149e-02
