-3.0665504000e+04 -3.0665024000e+04 -3.0665177000e+04 -3.0664727000e+04 -3.0665192000e+04 -3.0665444000e+04 -3.0665378000e+04 -3.0665378000e+04 -3.0665398000e+04 -3.0665251000e+04 -3.0665294000e+04 -3.0665368000e+04 -3.0665279000e+04 -3.0665338000e+04 -3.0665171000e+04 -3.0665409000e+04 -3.0665178000e+04 -3.0665291000e+04 -3.0665365000e+04 -3.0664954000e+04 -3.0665285000e+04 -3.0665397000e+04 -3.0665411000e+04 -3.0665445000e+04 -3.0665368000e+04
-3.0665539000e+04 -3.0665539000e+04 -3.0665539000e+04 -3.0665539000e+04 -3.0665539000e+04 -3.0665539000e+04 -3.0665539000e+04 -3.0665539000e+04 -3.0665539000e+04 -3.0665539000e+04 -3.0665539000e+04 -3.0665539000e+04 -3.0665539000e+04 -3.0665539000e+04 -3.0665539000e+04 -3.0665539000e+04 -3.0665539000e+04 -3.0665539000e+04 -3.0665539000e+04 -3.0665539000e+04 -3.0665539000e+04 -3.0665539000e+04 -3.0665539000e+04 -3.0665539000e+04 -3.0665539000e+04
-3.0665539000e+04 -3.0665539000e+04 -3.0665539000e+04 -3.0665539000e+04 -3.0665539000e+04 -3.0665539000e+04 -3.0665539000e+04 -3.0665539000e+04 -3.0665539000e+04 -3.0665539000e+04 -3.0665539000e+04 -3.0665539000e+04 -3.0665539000e+04 -3.0665539000e+04 -3.0665539000e+04 -3.0665539000e+04 -3.0665539000e+04 -3.0665539000e+04 -3.0665539000e+04 -3.0665539000e+04 -3.0665539000e+04 -3.0665539000e+04 -3.0665539000e+04 -3.0665539000e+04 -3.0665539000e+04
-3.0665539000e+04 -3.0665539000e+04 -3.0665539000e+04 -3.0665539000e+04 -3.0665539000e+04 -3.0665539000e+04 -3.0665539000e+04 -3.0665539000e+04 -3.0665539000e+04 -3.0665539000e+04 -3.0665539000e+04 -3.0665539000e+04 -3.0665539000e+04 -3.0665539000e+04 -3.0665539000e+04 -3.0665539000e+04 -3.0665539000e+04 -3.0665539000e+04 -3.0665539000e+04 -3.0665539000e+04 -3.0665539000e+04 -3.0665539000e+04 -3.0665539000e+04 -3.0665539000e+04 -3.0665539000e+04
-3.0665539000e+04 -3.0665539000e+04 -3.0665539000e+04 -3.0665539000e+04 -3.0665539000e+04 -3.0665539000e+04 -3.0665539000e+04 -3.0665539000e+04 -3.0665539000e+04 -3.0665539000e+04 -3.0665539000e+04 -3.0665539000e+04 -3.0665539000e+04 -3.0665539000e+04 -3.0665539000e+04 -3.0665539000e+04 -3.0665539000e+04 -3.0665539000e+04 -3.0665539000e+04 -3.0665539000e+04 -3.0665539000e+04 -3.0665539000e+04 -3.0665539000e+04 -3.0665539000e+04 -3.0665539000e+04
-3.0665539000e+04 -3.0665539000e+04 -3.0665539000e+04 -3.0665539000e+04 -3.0665539000e+04 -3.0665539000e+04 -3.0665539000e+04 -3.0665539000e+04 -3.0665539000e+04 -3.0665539000e+04 -3.0665539000e+04 -3.0665539000e+04 -3.0665539000e+04 -3.0665539000e+04 -3.0665539000e+04 -3.0665539000e+04 -3.0665539000e+04 -3.0665539000e+04 -3.0665539000e+04 -3.0665539000e+04 -3.0665539000e+04 -3.0665539000e+04 -3.0665539000e+04 -3.0665539000e+04 -3.0665539000e+04
-3.0665539000e+04 -3.0665539000e+04 -3.0665539000e+04 -3.0665539000e+04 -3.0665539000e+04 -3.0665539000e+04 -3.0665539000e+04 -3.0665539000e+04 -3.0665539000e+04 -3.0665539000e+04 -3.0665539000e+04 -3.0665539000e+04 -3.0665539000e+04 -3.0665539000e+04 -3.0665539000e+04 -3.0665539000e+04 -3.0665539000e+04 -3.0665539000e+04 -3.0665539000e+04 -3.0665539000e+04 -3.0665539000e+04 -3.0665539000e+04 -3.0665539000e+04 -3.0665539000e+04 -3.0665539000e+04
-3.0665539000e+04 -3.0665539000e+04 -3.0665539000e+04 -3.0665539000e+04 -3.0665539000e+04 -3.0665539000e+04 -3.0665539000e+04 -3.0665539000e+04 -3.0665539000e+04 -3.0665539000e+04 -3.0665539000e+04 -3.0665539000e+04 -3.0665539000e+04 -3.0665539000e+04 -3.0665539000e+04 -3.0665539000e+04 -3.0665539000e+04 -3.0665539000e+04 -3.0665539000e+04 -3.0665539000e+04 -3.0665539000e+04 -3.0665539000e+04 -3.0665539000e+04 -3.0665539000e+04 -3.0665539000e+04
-3.0665539000e+04 -3.0665539000e+04 -3.0665539000e+04 -3.0665539000e+04 -3.0665539000e+04 -3.0665539000e+04 -3.0665539000e+04 -3.0665539000e+04 -3.0665539000e+04 -3.0665539000e+04 -3.0665539000e+04 -3.0665539000e+04 -3.0665539000e+04 -3.0665539000e+04 -3.0665539000e+04 -3.0665539000e+04 -3.0665539000e+04 -3.0665539000e+04 -3.0665539000e+04 -3.0665539000e+04 -3.0665539000e+04 -3.0665539000e+04 -3.0665539000e+04 -3.0665539000e+04 -3.0665539000e+04
-3.0665539000e+04 -3.0665539000e+04 -3.0665539000e+04 -3.0665539000e+04 -3.0665539000e+04 -3.0665539000e+04 -3.0665539000e+04 -3.0665539000e+04 -3.0665539000e+04 -3.0665539000e+04 -3.0665539000e+04 -3.0665539000e+04 -3.0665539000e+04 -3.0665539000e+04 -3.0665539000e+04 -3.0665539000e+04 -3.0665539000e+04 -3.0665539000e+04 -3.0665539000e+04 -3.0665539000e+04 -3.0665539000e+04 -3.0665539000e+04 -3.0665539000e+04 -3.0665539000e+04 -3.0665539000e+04
