2.4205749627e+01 2.4723058570e+01 2.5426189348e+01 2.5440624319e+01 2.5372587135e+01 2.2860956738e+01 2.2416693708e+01 2.3601757623e+01 2.8484537260e+01 2.5519158541e+01 2.4256815863e+01 2.3983560582e+01 2.4129448807e+01 2.5006506547e+01 2.6049687196e+01 2.7061126554e+01 2.5382826918e+01 2.1006642957e+01 2.4779732885e+01 2.6806321262e+01 2.4673497705e+01 2.5857271828e+01 2.3764554913e+01 2.5307163225e+01 2.3426888109e+01
5.0009643497e+00 5.1806273901e+00 5.0095562245e+00 5.3328022544e+00 4.3390683905e+00 4.6887281409e+00 5.0486238268e+00 5.0302217883e+00 4.9757072252e+00 4.7757102191e+00 4.2934601557e+00 4.9590538732e+00 4.8808181543e+00 5.4218518876e+00 4.9253753650e+00 4.8892289835e+00 4.6501687521e+00 5.1464703272e+00 5.3813302768e+00 4.4472228971e+00 4.3066601314e+00 4.5576848728e+00 4.6720413373e+00 5.5695637950e+00 5.0164917075e+00
3.1541596142e+00 3.2856146047e+00 3.5714891551e+00 3.8368789198e+00 3.0125927084e+00 3.4377492703e+00 3.2882026057e+00 3.4554945405e+00 3.6033924394e+00 3.5287765245e+00 3.0002778237e+00 3.6928697342e+00 3.3648214903e+00 3.3633263284e+00 3.5120856211e+00 3.4306624088e+00 3.2020250530e+00 3.0632593058e+00 3.8905502108e+00 3.0116012893e+00 2.9182332195e+00 3.6139217966e+00 2.7605885201e+00 3.9967346928e+00 3.3594139145e+00
2.2585195909e+00 2.9698656961e+00 3.0974414308e+00 3.2980778826e+00 2.2086064303e+00 3.0143930278e+00 2.7165230482e+00 2.5672170181e+00 2.8524796047e+00 2.8871730651e+00 2.5556177380e+00 3.3974684108e+00 2.9195445674e+00 2.8993814677e+00 2.7380138421e+00 3.0120697703e+00 2.5328837269e+00 2.5257187607e+00 3.0303657939e+00 2.6960042244e+00 1.8906041437e+00 2.7229634655e+00 2.1066199530e+00 3.5455242426e+00 2.8168217755e+00
1.3020196407e+00 2.3882673421e+00 2.7184206844e+00 1.9539031381e+00 1.2038030549e+00 2.3323598195e+00 2.4876562719e+00 2.0716387840e+00 1.9936185301e+00 1.8460329901e+00 2.1110659643e+00 3.0109636083e+00 1.8254559570e+00 2.6941921725e+00 1.7531058959e+00 2.3874175440e+00 1.2478066497e+00 2.1874895884e+00 1.7088281864e+00 2.4913547104e+00 1.5564519713e+00 1.8650900536e+00 1.6738442197e+00 2.5108564156e+00 2.5374566099e+00
1.0028748184e+00 1.1115438144e+00 1.8104800364e+00 9.2901369592e-01 8.8995304442e-01 1.3739198212e+00 1.8026873596e+00 1.2922941873e+00 1.5486716530e+00 1.2640219375e+00 1.1345384152e+00 2.2478254534e+00 1.0511378048e+00 2.4465683756e+00 1.3773308895e+00 1.3808008924e+00 5.8762089752e-01 2.0736218231e+00 1.0386443548e+00 2.3160951827e+00 8.8155424414e-01 1.4428479649e+00 1.0118149837e+00 1.3535671788e+00 2.2100717386e+00
8.7436247105e-01 7.2622130361e-01 9.4365082404e-01 7.7071839370e-01 7.7867735726e-01 7.8608639291e-01 9.0393213089e-01 9.8182975840e-01 7.8192541328e-01 8.3469744792e-01 7.6664683053e-01 1.0945498819e+00 7.7923756265e-01 1.1204130419e+00 1.0856655488e+00 8.9426786418e-01 4.8017539572e-01 1.6759435226e+00 8.1126616583e-01 1.2664259773e+00 5.7641375509e-01 1.0079231087e+00 7.0452503546e-01 8.2224073059e-01 1.2131733665e+00
8.3928160916e-01 6.5513900792e-01 5.6837909011e-01 7.0387383793e-01 7.0226884393e-01 6.5077262155e-01 7.6613339843e-01 8.3767471038e-01 6.8936674055e-01 7.8905453244e-01 7.2595581738e-01 6.4335256178e-01 7.3723830844e-01 9.6653211705e-01 9.1324611887e-01 8.4713792928e-01 4.1253139708e-01 1.5472651490e+00 7.7495193118e-01 9.8913963292e-01 4.9876691270e-01 9.8338187501e-01 5.5718658746e-01 7.3017343485e-01 6.9580674737e-01
7.6568690737e-01 6.0808367659e-01 5.1837309587e-01 6.5472525056e-01 6.6808266235e-01 6.2614415304e-01 6.9819478003e-01 6.5790997490e-01 6.5514099467e-01 7.7433669448e-01 6.0423816401e-01 3.3577619960e-01 6.0681748225e-01 7.6007491253e-01 7.7882495389e-01 8.3711114089e-01 3.2105662651e-01 1.1958274299e+00 7.5972062786e-01 8.1337918531e-01 4.3027275807e-01 9.5069187933e-01 5.1969217541e-01 6.3648483388e-01 6.1627868585e-01
7.0739178383e-01 5.9384338715e-01 4.8030452564e-01 6.1677874466e-01 6.2054094949e-01 6.1638695323e-01 6.8162635157e-01 5.8150842603e-01 6.3563420582e-01 7.6486542478e-01 5.3903725145e-01 3.0063695079e-01 5.3878527921e-01 7.2545661578e-01 7.4149679732e-01 8.0771036404e-01 3.0487229802e-01 1.1680343763e+00 7.4629654419e-01 7.9538035185e-01 4.1392038213e-01 9.3425517009e-01 4.9681978647e-01 5.5949243343e-01 5.9259503857e-01
