2.6887422000e+04 2.6887422000e+04 2.6887422000e+04 2.6887422000e+04 2.6887422000e+04 2.6887422000e+04 2.6887422000e+04 2.6887422000e+04 2.6887422000e+04 2.6887422000e+04 2.6887422000e+04 2.6887422000e+04 2.6887422000e+04 2.6887422000e+04 2.6887422000e+04 2.6887422000e+04 2.6887422000e+04 2.6887422000e+04 2.6887422000e+04 2.6887422000e+04 2.6887422000e+04 2.6887422000e+04 2.6887422000e+04 2.6887422000e+04 2.6887422000e+04
2.6887422000e+04 2.6887422000e+04 2.6887422000e+04 2.6887422000e+04 2.6887422000e+04 2.6887422000e+04 2.6887422000e+04 2.6887422000e+04 2.6887422000e+04 2.6887422000e+04 2.6887422000e+04 2.6887422000e+04 2.6887422000e+04 2.6887422000e+04 2.6887422000e+04 2.6887422000e+04 2.6887422000e+04 2.6887422000e+04 2.6887422000e+04 2.6887422000e+04 2.6887422000e+04 2.6887422000e+04 2.6887422000e+04 2.6887422000e+04 2.6887422000e+04
2.6887422000e+04 2.6887422000e+04 2.6887422000e+04 2.6887422000e+04 2.6887422000e+04 2.6887422000e+04 2.6887422000e+04 2.6887422000e+04 2.6887422000e+04 2.6887422000e+04 2.6887422000e+04 2.6887422000e+04 2.6887422000e+04 2.6887422000e+04 2.6887422000e+04 2.6887422000e+04 2.6887422000e+04 2.6887422000e+04 2.6887422000e+04 2.6887422000e+04 2.6887422000e+04 2.6887422000e+04 2.6887422000e+04 2.6887422000e+04 2.6887422000e+04
2.6887422000e+04 2.6887422000e+04 2.6887422000e+04 2.6887422000e+04 2.6887422000e+04 2.6887422000e+04 2.6887422000e+04 2.6887422000e+04 2.6887422000e+04 2.6887422000e+04 2.6887422000e+04 2.6887422000e+04 2.6887422000e+04 2.6887422000e+04 2.6887422000e+04 2.6887422000e+04 2.6887422000e+04 2.6887422000e+04 2.6887422000e+04 2.6887422000e+04 2.6887422000e+04 2.6887422000e+04 2.6887422000e+04 2.6887422000e+04 2.6887422000e+04
2.6887422000e+04 2.6887422000e+04 2.6887422000e+04 2.6887422000e+04 2.6887422000e+04 2.6887422000e+04 2.6887422000e+04 2.6887422000e+04 2.6887422000e+04 2.6887422000e+04 2.6887422000e+04 2.6887422000e+04 2.6887422000e+04 2.6887422000e+04 2.6887422000e+04 2.6887422000e+04 2.6887422000e+04 2.6887422000e+04 2.6887422000e+04 2.6887422000e+04 2.6887422000e+04 2.6887422000e+04 2.6887422000e+04 2.6887422000e+04 2.6887422000e+04
2.6887422000e+04 2.6887422000e+04 2.6887422000e+04 2.6887422000e+04 2.6887422000e+04 2.6887422000e+04 2.6887422000e+04 2.6887422000e+04 2.6887422000e+04 2.6887422000e+04 2.6887422000e+04 2.6887422000e+04 2.6887422000e+04 2.6887422000e+04 2.6887422000e+04 2.6887422000e+04 2.6887422000e+04 2.6887422000e+04 2.6887422000e+04 2.6887422000e+04 2.6887422000e+04 2.6887422000e+04 2.6887422000e+04 2.6887422000e+04 2.6887422000e+04
2.6887422000e+04 2.6887422000e+04 2.6887422000e+04 2.6887422000e+04 2.6887422000e+04 2.6887422000e+04 2.6887422000e+04 2.6887422000e+04 2.6887422000e+04 2.6887422000e+04 2.6887422000e+04 2.6887422000e+04 2.6887422000e+04 2.6887422000e+04 2.6887422000e+04 2.6887422000e+04 2.6887422000e+04 2.6887422000e+04 2.6887422000e+04 2.6887422000e+04 2.6887422000e+04 2.6887422000e+04 2.6887422000e+04 2.6887422000e+04 2.6887422000e+04
2.6887422000e+04 2.6887422000e+04 2.6887422000e+04 2.6887422000e+04 2.6887422000e+04 2.6887422000e+04 2.6887422000e+04 2.6887422000e+04 2.6887422000e+04 2.6887422000e+04 2.6887422000e+04 2.6887422000e+04 2.6887422000e+04 2.6887422000e+04 2.6887422000e+04 2.6887422000e+04 2.6887422000e+04 2.6887422000e+04 2.6887422000e+04 2.6887422000e+04 2.6887422000e+04 2.6887422000e+04 2.6887422000e+04 2.6887422000e+04 2.6887422000e+04
2.6887422000e+04 2.6887422000e+04 2.6887422000e+04 2.6887422000e+04 2.6887422000e+04 2.6887422000e+04 2.6887422000e+04 2.6887422000e+04 2.6887422000e+04 2.6887422000e+04 2.6887422000e+04 2.6887422000e+04 2.6887422000e+04 2.6887422000e+04 2.6887422000e+04 2.6887422000e+04 2.6887422000e+04 2.6887422000e+04 2.6887422000e+04 2.6887422000e+04 2.6887422000e+04 2.6887422000e+04 2.6887422000e+04 2.6887422000e+04 2.6887422000e+04
2.6887422000e+04 2.6887422000e+04 2.6887422000e+04 2.6887422000e+04 2.6887422000e+04 2.6887422000e+04 2.6887422000e+04 2.6887422000e+04 2.6887422000e+04 2.6887422000e+04 2.6887422000e+04 2.6887422000e+04 2.6887422000e+04 2.6887422000e+04 2.6887422000e+04 2.6887422000e+04 2.6887422000e+04 2.6887422000e+04 2.6887422000e+04 2.6887422000e+04 2.6887422000e+04 2.6887422000e+04 2.6887422000e+04 2.6887422000e+04 2.6887422000e+04
