9.9997140000e+01 9.9997644000e+01 9.9997573000e+01 -2.3453920000e-03 -3.0670993000e-03 9.9996752000e+01 -2.1032250000e-03 -4.0002913000e-03 9.9999939000e+01 9.9997783000e+01 9.9997178000e+01 -2.1063800000e-03 9.9998381000e+01 9.9998707000e+01 -2.6604072000e-03 -2.4236151000e-03 -2.2563339000e-03 9.9996855000e+01 9.9997692000e+01 -2.1461260000e-03 9.9997953000e+01 9.9998358000e+01 9.9996232000e+01 9.9998231000e+01 9.9997040000e+01
9.9906197000e+01 9.9944276000e+01 9.9995485000e+01 -4.3742602000e-03 -4.4879549000e-03 9.9995058000e+01 -3.7967885000e-03 -5.3173167000e-03 9.9997459000e+01 9.9961839000e+01 9.9993633000e+01 -4.3141680000e-03 9.9878509000e+01 9.9859283000e+01 -4.7124203000e-03 -5.0878192000e-03 -3.5235353000e-03 9.9451013000e+01 9.9952259000e+01 -4.3010621000e-03 9.9909482000e+01 9.9950936000e+01 9.9940496000e+01 9.9994362000e+01 9.9947352000e+01
9.9612524000e+01 9.9343878000e+01 9.9571756000e+01 -4.3742602000e-03 -4.5000050000e-03 9.9969279000e+01 -4.9668380000e-03 -5.4794067000e-03 -4.1748984000e-03 9.9859038000e+01 9.9898269000e+01 -5.5229141000e-03 9.6880118000e+01 9.9368435000e+01 -5.0266172000e-03 -5.1348738000e-03 -5.4175173000e-03 9.9451013000e+01 9.9952259000e+01 -4.7442018000e-03 9.9902869000e+01 9.9799374000e+01 9.9940496000e+01 9.9877918000e+01 9.9716770000e+01
1.0542188000e+01 1.6288320000e+01 -1.5946297000e-03 -5.0136875000e-03 -5.7505630000e-03 9.6216112000e+01 -4.9668380000e-03 -6.0895398000e-03 -5.1611594000e-03 9.5067277000e+00 9.2758127000e+01 -5.5334926000e-03 4.6199908000e+01 -4.3641074000e-03 -5.3385048000e-03 -5.1348738000e-03 -5.4175173000e-03 -4.6154946000e-03 2.0390944000e+01 -5.0053577000e-03 9.9902869000e+01 9.9799374000e+01 9.8752113000e+00 3.7574412000e+01 2.1155699000e-01
-4.3725689000e-03 2.6936939000e-02 -5.1378371000e-03 -5.0136875000e-03 -5.7505630000e-03 4.1468299000e-02 -5.6980507000e-03 -6.2971812000e-03 -5.4664503000e-03 -3.5652733000e-03 -4.9967479000e-03 -5.5334926000e-03 -1.3810254000e-03 -6.1213289000e-03 -5.4808266000e-03 -5.9147403000e-03 -5.5930746000e-03 -5.6788314000e-03 -2.0632086000e-03 -6.1719783000e-03 -1.0915130000e-03 -4.7772457000e-03 -1.8023601000e-03 -3.2855674000e-03 -3.4112966000e-03
-6.9340351000e-03 -7.3757513000e-03 -7.7729502000e-03 -7.3230177000e-03 -6.3347615000e-03 -6.8913538000e-03 -6.1563321000e-03 -6.9240768000e-03 -7.5331693000e-03 -5.6063838000e-03 -7.6045050000e-03 -7.0417616000e-03 -6.7259681000e-03 -7.6283992000e-03 -3.8677772000e-02 -4.5821802000e-02 -6.9242756000e-03 -6.9495010000e-03 -8.6128559000e-03 -6.1719783000e-03 -6.7519345000e-03 -7.5589693000e-03 -6.8660215000e-03 -2.4586622000e-02 -6.5806687000e-03
-8.1400593000e+00 -1.3380733000e-02 -1.1696824000e-02 -1.2644911000e-02 -9.5626787000e-03 -1.1244447000e-02 -9.0659074000e-03 -1.1334705000e-02 -1.5882427000e-02 -5.0576301000e-01 -3.2202770000e-01 -1.0059253000e-02 -1.2768397000e-02 -1.3732929000e-02 -3.7811868000e+02 -3.9571561000e+02 -9.7313828000e-03 -3.1006217000e-02 -3.7129282000e+02 -1.0546404000e-02 -8.6734214000e-03 -3.6251528000e+02 -8.3004101000e-03 -3.7510420000e+02 -1.3219648000e-02
-3.8229113000e+02 -3.0981074000e+02 -1.5206918000e-01 -8.5446636000e+01 -1.0952209000e-02 -1.6771336000e-02 -2.3106857000e-01 -1.2270639000e-02 -1.2148260000e+02 -3.8125262000e+02 -3.6982892000e+02 -1.2457329000e-02 -1.3507264000e-01 -1.8842381000e-02 -3.8860980000e+02 -3.9999419000e+02 -4.0163588000e-01 -3.6989587000e+02 -3.9460885000e+02 -3.1671397000e+02 -8.8613359000e-03 -3.7320291000e+02 -8.3669265000e-03 -3.8373380000e+02 -5.6434793000e-02
-3.9956448000e+02 -3.7716941000e+02 -3.0235184000e+02 -3.9262469000e+02 -3.0068018000e+02 -9.8562581000e-02 -2.9048206000e+02 -1.3825160000e-02 -3.8437745000e+02 -3.9004938000e+02 -3.9339420000e+02 -3.5592919000e+02 -3.4768486000e+02 -5.4572797000e+01 -3.9891203000e+02 -4.0000560000e+02 -3.7738297000e+02 -3.8362752000e+02 -3.9993152000e+02 -3.2332132000e+02 -2.7592099000e+01 -3.8033900000e+02 -9.2567704000e-03 -3.9933110000e+02 -3.6952025000e+02
-3.9962613000e+02 -3.8595023000e+02 -3.0795402000e+02 -3.9295547000e+02 -3.9466907000e+02 -1.0078303000e+02 -3.0075536000e+02 -5.7392662000e+00 -4.0000337000e+02 -3.9886174000e+02 -3.9847795000e+02 -3.9996476000e+02 -3.7309888000e+02 -3.4815648000e+02 -3.9891289000e+02 -4.0000560000e+02 -3.9107003000e+02 -3.8435219000e+02 -4.0000486000e+02 -3.6900164000e+02 -3.6721153000e+02 -3.8740842000e+02 -1.5855043000e+01 -3.9995010000e+02 -3.9999273000e+02
