2.6994937000e+00 2.6585592000e+00 2.6586114000e+00 2.6585593000e+00 2.6586858000e+00 2.6585592000e+00 2.6586165000e+00 2.6585837000e+00 2.6585593000e+00 2.6586086000e+00 2.6585594000e+00 2.6585615000e+00 2.6585592000e+00 2.6585610000e+00 2.6585761000e+00 2.6585596000e+00 2.6585593000e+00 2.6585592000e+00 2.6994938000e+00 2.6585593000e+00 2.6585592000e+00 2.6585597000e+00 2.6585592000e+00 2.6585592000e+00 2.6585595000e+00
2.6994937000e+00 2.6585592000e+00 2.6585592000e+00 2.6585592000e+00 2.6585592000e+00 2.6585592000e+00 2.6585592000e+00 2.6585592000e+00 2.6585592000e+00 2.6585592000e+00 2.6585592000e+00 2.6585592000e+00 2.6585592000e+00 2.6585592000e+00 2.6585592000e+00 2.6585592000e+00 2.6585592000e+00 2.6585592000e+00 2.6994937000e+00 2.6585592000e+00 2.6585592000e+00 2.6585592000e+00 2.6585592000e+00 2.6585592000e+00 2.6585592000e+00
2.6994937000e+00 2.6585592000e+00 2.6585592000e+00 2.6585592000e+00 2.6585592000e+00 2.6585592000e+00 2.6585592000e+00 2.6585592000e+00 2.6585592000e+00 2.6585592000e+00 2.6585592000e+00 2.6585592000e+00 2.6585592000e+00 2.6585592000e+00 2.6585592000e+00 2.6585592000e+00 2.6585592000e+00 2.6585592000e+00 2.6994937000e+00 2.6585592000e+00 2.6585592000e+00 2.6585592000e+00 2.6585592000e+00 2.6585592000e+00 2.6585592000e+00
2.6994937000e+00 2.6585592000e+00 2.6585592000e+00 2.6585592000e+00 2.6585592000e+00 2.6585592000e+00 2.6585592000e+00 2.6585592000e+00 2.6585592000e+00 2.6585592000e+00 2.6585592000e+00 2.6585592000e+00 2.6585592000e+00 2.6585592000e+00 2.6585592000e+00 2.6585592000e+00 2.6585592000e+00 2.6585592000e+00 2.6994937000e+00 2.6585592000e+00 2.6585592000e+00 2.6585592000e+00 2.6585592000e+00 2.6585592000e+00 2.6585592000e+00
2.6994937000e+00 2.6585592000e+00 2.6585592000e+00 2.6585592000e+00 2.6585592000e+00 2.6585592000e+00 2.6585592000e+00 2.6585592000e+00 2.6585592000e+00 2.6585592000e+00 2.6585592000e+00 2.6585592000e+00 2.6585592000e+00 2.6585592000e+00 2.6585592000e+00 2.6585592000e+00 2.6585592000e+00 2.6585592000e+00 2.6994937000e+00 2.6585592000e+00 2.6585592000e+00 2.6585592000e+00 2.6585592000e+00 2.6585592000e+00 2.6585592000e+00
2.6994937000e+00 2.6585592000e+00 2.6585592000e+00 2.6585592000e+00 2.6585592000e+00 2.6585592000e+00 2.6585592000e+00 2.6585592000e+00 2.6585592000e+00 2.6585592000e+00 2.6585592000e+00 2.6585592000e+00 2.6585592000e+00 2.6585592000e+00 2.6585592000e+00 2.6585592000e+00 2.6585592000e+00 2.6585592000e+00 2.6994937000e+00 2.6585592000e+00 2.6585592000e+00 2.6585592000e+00 2.6585592000e+00 2.6585592000e+00 2.6585592000e+00
2.6994937000e+00 2.6585592000e+00 2.6585592000e+00 2.6585592000e+00 2.6585592000e+00 2.6585592000e+00 2.6585592000e+00 2.6585592000e+00 2.6585592000e+00 2.6585592000e+00 2.6585592000e+00 2.6585592000e+00 2.6585592000e+00 2.6585592000e+00 2.6585592000e+00 2.6585592000e+00 2.6585592000e+00 2.6585592000e+00 2.6994937000e+00 2.6585592000e+00 2.6585592000e+00 2.6585592000e+00 2.6585592000e+00 2.6585592000e+00 2.6585592000e+00
2.6994937000e+00 2.6585592000e+00 2.6585592000e+00 2.6585592000e+00 2.6585592000e+00 2.6585592000e+00 2.6585592000e+00 2.6585592000e+00 2.6585592000e+00 2.6585592000e+00 2.6585592000e+00 2.6585592000e+00 2.6585592000e+00 2.6585592000e+00 2.6585592000e+00 2.6585592000e+00 2.6585592000e+00 2.6585592000e+00 2.6994937000e+00 2.6585592000e+00 2.6585592000e+00 2.6585592000e+00 2.6585592000e+00 2.6585592000e+00 2.6585592000e+00
2.6994937000e+00 2.6585592000e+00 2.6585592000e+00 2.6585592000e+00 2.6585592000e+00 2.6585592000e+00 2.6585592000e+00 2.6585592000e+00 2.6585592000e+00 2.6585592000e+00 2.6585592000e+00 2.6585592000e+00 2.6585592000e+00 2.6585592000e+00 2.6585592000e+00 2.6585592000e+00 2.6585592000e+00 2.6585592000e+00 2.6994937000e+00 2.6585592000e+00 2.6585592000e+00 2.6585592000e+00 2.6585592000e+00 2.6585592000e+00 2.6585592000e+00
2.6994937000e+00 2.6585592000e+00 2.6585592000e+00 2.6585592000e+00 2.6585592000e+00 2.6585592000e+00 2.6585592000e+00 2.6585592000e+00 2.6585592000e+00 2.6585592000e+00 2.6585592000e+00 2.6585592000e+00 2.6585592000e+00 2.6585592000e+00 2.6585592000e+00 2.6585592000e+00 2.6585592000e+00 2.6585592000e+00 2.6994937000e+00 2.6585592000e+00 2.6585592000e+00 2.6585592000e+00 2.6585592000e+00 2.6585592000e+00 2.6585592000e+00
