8.7722057000e+03 9.7981186000e+03 9.4859051000e+03 8.3928758000e+03 8.6583008000e+03 8.3335942000e+03 7.2127186000e+03 8.6823558000e+03 8.4307765000e+03 8.8540333000e+03 1.0656298000e+04 9.9115694000e+03 9.9658639000e+03 1.0929846000e+04 9.1563498000e+03 1.0257904000e+04 9.4490811000e+03 9.3941420000e+03 9.8883876000e+03 7.3890467000e+03 1.1203761000e+04 1.0126895000e+04 9.9149921000e+03 8.7176878000e+03 9.8279794000e+03
9.7105662000e+03 1.1742085000e+04 1.0741476000e+04 1.2718827000e+04 1.4090524000e+04 9.9843630000e+03 1.2641787000e+04 1.2393932000e+04 1.3462542000e+04 1.3507261000e+04 1.3398472000e+04 1.2571948000e+04 1.1125889000e+04 1.3253911000e+04 1.3148743000e+04 1.0996085000e+04 1.4512981000e+04 1.4855382000e+04 1.1429386000e+04 1.1476786000e+04 1.1091747000e+04 1.3373338000e+04 1.1519115000e+04 1.1769109000e+04 1.3295186000e+04
1.2200030000e+04 1.4459186000e+04 1.4877863000e+04 1.3681161000e+04 1.4892741000e+04 1.5125266000e+04 1.2162487000e+04 1.3098487000e+04 1.2543777000e+04 1.2487354000e+04 1.5070717000e+04 1.3399416000e+04 1.5993374000e+04 1.7921001000e+04 1.5618607000e+04 1.2312831000e+04 1.4843829000e+04 1.6235039000e+04 1.2843365000e+04 1.5674419000e+04 1.5684540000e+04 1.3000179000e+04 1.5876983000e+04 1.1379142000e+04 1.2862302000e+04
1.3821502000e+04 1.4369530000e+04 1.4302763000e+04 1.4207531000e+04 1.4044412000e+04 1.4569907000e+04 1.4041527000e+04 1.4689103000e+04 1.4056502000e+04 1.4236198000e+04 1.4646478000e+04 1.4273417000e+04 1.4138747000e+04 1.4515319000e+04 1.4002658000e+04 1.4092779000e+04 1.3971515000e+04 1.3721445000e+04 1.3663667000e+04 1.3701116000e+04 1.4373468000e+04 1.4994376000e+04 1.2535437000e+04 1.3699380000e+04 1.2010176000e+04
1.4009028000e+04 1.4225355000e+04 1.4326280000e+04 1.3727782000e+04 1.4145865000e+04 1.3967393000e+04 1.4137651000e+04 1.4060592000e+04 1.4487069000e+04 1.4016317000e+04 1.4252170000e+04 1.4555092000e+04 1.4055779000e+04 1.3894939000e+04 1.3994282000e+04 1.3966245000e+04 1.4172334000e+04 1.3961536000e+04 1.3846274000e+04 1.4302350000e+04 1.4239599000e+04 1.4446868000e+04 1.3954957000e+04 1.4235969000e+04 1.4201176000e+04
1.4346366000e+04 1.4674311000e+04 1.4661871000e+04 1.3883081000e+04 1.3874637000e+04 1.4336811000e+04 1.4446753000e+04 1.3902231000e+04 1.4061923000e+04 1.4257711000e+04 1.4098922000e+04 1.4636950000e+04 1.4387628000e+04 1.3792666000e+04 1.3961464000e+04 1.3914886000e+04 1.4141618000e+04 1.3964712000e+04 1.3683553000e+04 1.4534036000e+04 1.4035109000e+04 1.4164170000e+04 1.3966774000e+04 1.4062151000e+04 1.4201181000e+04
1.4661173000e+04 1.4718126000e+04 1.4732917000e+04 1.3988211000e+04 1.3824428000e+04 1.4589191000e+04 1.4679550000e+04 1.3968822000e+04 1.4104748000e+04 1.4535623000e+04 1.4462522000e+04 1.4604175000e+04 1.4620649000e+04 1.3748407000e+04 1.4052623000e+04 1.4088608000e+04 1.4286182000e+04 1.3923798000e+04 1.3894365000e+04 1.4628750000e+04 1.4509427000e+04 1.4378709000e+04 1.3863164000e+04 1.3979341000e+04 1.4230151000e+04
1.4701929000e+04 1.4766173000e+04 1.4711352000e+04 1.4083925000e+04 1.3775224000e+04 1.4683272000e+04 1.4715331000e+04 1.4201691000e+04 1.4187713000e+04 1.4574227000e+04 1.4611905000e+04 1.4637926000e+04 1.4700147000e+04 1.3802674000e+04 1.4111289000e+04 1.3992990000e+04 1.4455360000e+04 1.4055220000e+04 1.4032394000e+04 1.4652267000e+04 1.4667263000e+04 1.4469485000e+04 1.4038665000e+04 1.4103422000e+04 1.4298435000e+04
1.4762144000e+04 1.4607458000e+04 1.4749065000e+04 1.4250070000e+04 1.3777289000e+04 1.4693250000e+04 1.4739642000e+04 1.4358479000e+04 1.4230157000e+04 1.4657914000e+04 1.4696642000e+04 1.4741888000e+04 1.4759759000e+04 1.3870769000e+04 1.4776587000e+04 1.4108408000e+04 1.4645966000e+04 1.4146307000e+04 1.4160965000e+04 1.4733661000e+04 1.4459163000e+04 1.4684313000e+04 1.4115932000e+04 1.4462132000e+04 1.4415487000e+04
1.4755645000e+04 1.4696583000e+04 1.4764139000e+04 1.4719012000e+04 1.4012506000e+04 1.4753950000e+04 1.4758301000e+04 1.4757776000e+04 1.4502513000e+04 1.4761137000e+04 1.4761146000e+04 1.4753701000e+04 1.4756455000e+04 1.4594196000e+04 1.4761891000e+04 1.4803697000e+04 1.4730966000e+04 1.4307431000e+04 1.4349994000e+04 1.4763539000e+04 1.4759400000e+04 1.4801121000e+04 1.4215820000e+04 1.4567220000e+04 1.4758255000e+04
