2.1784534891e+00 1.8771148424e+00 2.0322754517e+00 1.7993229335e+00 1.7167005307e+00 1.8003378095e+00 1.7678754057e+00 1.7357256571e+00 1.8163121734e+00 2.1519704927e+00 1.7919398016e+00 1.8541869344e+00 1.9285136168e+00 1.6796549292e+00 1.7051451133e+00 1.6895372686e+00 1.7074593264e+00 1.7721697686e+00 1.8950489696e+00 1.5884838724e+00 2.2289228166e+00 2.0086240178e+00 1.5715563233e+00 1.8420177433e+00 1.6443801289e+00
9.4687101097e-01 7.6290247254e-01 1.1354675454e+00 8.1431082786e-01 7.1139608906e-01 7.6837602131e-01 8.3971109719e-01 8.2118252050e-01 7.8622516050e-01 8.2386967056e-01 8.0418031588e-01 1.3097288197e+00 8.2759070314e-01 7.6888344279e-01 7.0817151277e-01 6.7198534959e-01 1.0255848051e+00 8.0981939138e-01 8.7982869244e-01 9.1352147258e-01 1.4236440771e+00 1.2087119335e+00 6.1524322537e-01 6.9638038203e-01 5.0319703962e-01
4.3935884074e-01 4.7838419806e-01 4.2922587119e-01 4.3369173725e-01 3.2115877968e-01 3.1814481203e-01 4.2492018667e-01 3.9018030312e-01 3.7567370101e-01 3.2272902766e-01 4.3732320887e-01 3.6819796948e-01 2.8065393563e-01 2.6011101306e-01 3.0462031368e-01 4.0526387625e-01 3.7639956777e-01 3.3684972413e-01 3.8099135963e-01 3.7044553094e-01 4.2702654556e-01 4.1228356729e-01 3.3591326536e-01 3.7857511845e-01 3.6590432321e-01
3.0611221306e-01 3.9194569898e-01 3.4130381645e-01 3.3959050513e-01 2.9206075566e-01 2.9938187569e-01 3.7595378217e-01 3.5431866897e-01 3.6006491405e-01 3.2102850992e-01 3.0738369708e-01 3.6570139565e-01 2.8065393563e-01 2.5862025397e-01 2.6021804569e-01 4.0526387625e-01 2.9972452922e-01 3.2005555157e-01 3.3488356683e-01 3.7044553094e-01 3.7488532909e-01 3.6785143403e-01 2.6390197815e-01 3.1614839837e-01 3.5107870431e-01
3.0611221306e-01 3.8685092770e-01 3.2740968952e-01 3.0026169010e-01 2.9206075566e-01 2.9938187569e-01 3.5382712240e-01 3.0418622032e-01 3.4721392047e-01 3.2102850992e-01 2.7758705866e-01 3.5428729022e-01 2.8065393563e-01 2.5259764805e-01 2.5108633383e-01 3.6873078827e-01 2.9972452922e-01 3.0832795946e-01 2.8413612012e-01 3.5573945081e-01 3.6400819282e-01 3.5044768875e-01 2.5597449600e-01 3.1614839837e-01 3.5107870431e-01
2.7697091636e-01 3.8281004066e-01 2.8308132828e-01 2.9452173864e-01 2.9206075566e-01 2.9938187569e-01 3.3038418793e-01 2.9959903927e-01 3.2746579120e-01 3.2097480266e-01 2.1879281711e-01 3.2195093954e-01 2.8065393563e-01 2.3194761032e-01 2.5108633383e-01 3.4539956817e-01 2.6853281943e-01 2.6836490356e-01 2.8413612012e-01 3.5573945081e-01 3.6400819282e-01 3.3641283978e-01 2.5597449600e-01 3.1614839837e-01 3.1693694435e-01
2.9437973646e-02 3.0328245802e-02 3.3421521801e-02 2.6442655304e-02 2.9925666561e-02 2.9135330679e-02 2.7418079320e-02 3.6161944166e-02 2.7798065674e-02 3.3624100234e-02 3.0354583571e-02 2.6823246970e-02 3.4415983757e-02 2.9999693288e-02 3.7413208636e-02 3.6211993623e-02 2.9441021944e-02 2.8747031086e-02 3.1173324823e-02 2.9036502979e-02 3.0304621227e-02 3.3014368836e-02 2.9603702376e-02 3.1346051601e-02 3.2385933358e-02
2.3278494332e-02 2.2352711680e-02 2.6758815248e-02 2.2749680678e-02 2.4574751515e-02 2.4221147814e-02 2.4495430919e-02 2.6952143927e-02 2.0476221384e-02 2.3894658676e-02 2.5114806597e-02 2.1848901631e-02 2.4635847120e-02 2.3449846266e-02 2.9081589901e-02 2.8089928484e-02 2.2661281541e-02 2.4161137594e-02 2.2285096968e-02 2.0759285672e-02 2.0741642604e-02 2.4735993059e-02 2.2672546998e-02 2.1919000359e-02 2.2386475389e-02
2.2140837120e-02 2.0466471505e-02 2.4410906341e-02 2.2011230852e-02 2.3906742751e-02 2.2606893752e-02 2.2858598743e-02 2.2134722207e-02 2.0279358532e-02 2.2396880935e-02 2.3448210029e-02 2.0487958668e-02 2.3048966142e-02 2.2874895993e-02 2.5408091388e-02 2.5640692300e-02 2.1574028823e-02 2.2011606391e-02 2.0325267572e-02 2.0193944502e-02 2.0419018268e-02 2.2893982981e-02 2.0868251583e-02 2.1256700390e-02 2.2103347737e-02
2.2089565988e-02 1.9167630950e-02 2.3582534082e-02 2.1988341733e-02 2.3749272524e-02 2.2472321097e-02 2.2717326012e-02 2.0179196007e-02 2.0121919194e-02 2.2146154751e-02 2.2696985903e-02 2.0355513503e-02 2.2852718712e-02 2.2665525492e-02 2.5190047714e-02 2.5210659365e-02 2.0972633845e-02 2.1647034933e-02 1.9833594108e-02 1.9740349825e-02 2.0189568259e-02 2.1617602070e-02 2.0813239308e-02 2.0823437100e-02 2.1569132911e-02
