1.8445478527e+00 1.8008229061e+00 1.9202569619e+00 1.7342896420e+00 1.8813110387e+00 1.9618364125e+00 1.9757942316e+00 2.0319472548e+00 2.0824927741e+00 1.9178205583e+00 1.9892786786e+00 2.0611050184e+00 2.0698576193e+00 2.0177159905e+00 2.0299090197e+00 1.9134073619e+00 1.8224582985e+00 1.9612837544e+00 2.0064686956e+00 1.6226913371e+00 1.8295416966e+00 2.1330667199e+00 2.0033640790e+00 2.1288461993e+00 2.0337944382e+00
1.2558550826e+00 1.0879429150e+00 1.3201449370e+00 1.2961208260e+00 1.1651083979e+00 1.4154460788e+00 1.1209835846e+00 1.1867486103e+00 1.1044177816e+00 1.2576169725e+00 1.2411146252e+00 1.1845665897e+00 1.2748638531e+00 1.1464922334e+00 1.5546778554e+00 1.2296173755e+00 1.2474230297e+00 1.3559213179e+00 1.3442304900e+00 1.1952490779e+00 1.1152082306e+00 1.3103952953e+00 1.3000506206e+00 1.2675700971e+00 1.2640451772e+00
5.5684628715e-01 5.7624082840e-01 6.1386120082e-01 5.1681753326e-01 4.9862950583e-01 7.4154189668e-01 6.4037412123e-01 5.4917072573e-01 4.7460597599e-01 5.4112783119e-01 5.3655152613e-01 5.6223471650e-01 5.3992740701e-01 5.9862440099e-01 9.2966275659e-01 5.7665564293e-01 6.4701935942e-01 7.8154692712e-01 6.4773630032e-01 6.8256928650e-01 5.1038935210e-01 5.9197146897e-01 5.8376530904e-01 4.9635468016e-01 7.2328975855e-01
2.1830120303e-01 2.0818311349e-01 2.4222975658e-01 1.8962165534e-01 1.9371646679e-01 3.0652599608e-01 2.7094604872e-01 1.8307092714e-01 1.7356722035e-01 2.3499869271e-01 1.9508685041e-01 1.7036172673e-01 1.7186381442e-01 2.0312781835e-01 4.5798042552e-01 2.0415530487e-01 2.1435494381e-01 3.9186812511e-01 2.7801374240e-01 2.4123788082e-01 1.7241930002e-01 2.0597389253e-01 2.3330979876e-01 1.4423671581e-01 2.5349246248e-01
9.8873523156e-02 7.8266493554e-02 7.7430678435e-02 9.8745178295e-02 8.4899310958e-02 1.0669734327e-01 1.1123841883e-01 7.0683880079e-02 5.4951182051e-02 9.4773222244e-02 7.8468945461e-02 6.5600097181e-02 8.2283551615e-02 7.5105858549e-02 1.7439324394e-01 9.4829369908e-02 7.0481180734e-02 1.3790029206e-01 1.0824161432e-01 8.3976670341e-02 6.7790485350e-02 7.4357994319e-02 9.2042581933e-02 5.5943809146e-02 8.3975867013e-02
6.5202425156e-02 4.0991757005e-02 3.8653312238e-02 6.0892878540e-02 3.8377406243e-02 5.0046090103e-02 5.4433502689e-02 2.8078979717e-02 2.1128463242e-02 4.0416128357e-02 2.6924494256e-02 3.2253362101e-02 3.8306273719e-02 3.0252097458e-02 6.0189547546e-02 4.5330335507e-02 2.9862935349e-02 4.3731133105e-02 4.4523895254e-02 3.2215592697e-02 4.5303965075e-02 2.5180891534e-02 5.3918174795e-02 2.0036809742e-02 3.6765806688e-02
3.6683738727e-02 1.7393284205e-02 2.3081692717e-02 2.6935865769e-02 2.2270381301e-02 1.6019104932e-02 2.2174496773e-02 8.4837888143e-03 7.2910889754e-03 1.6260273443e-02 7.8810418565e-03 9.2725816215e-03 1.4368190756e-02 9.7163448515e-03 2.7738073576e-02 2.1020722531e-02 1.3718832542e-02 1.3333908648e-02 2.5041998033e-02 1.2537699548e-02 2.7660782954e-02 7.7893168794e-03 3.3649132129e-02 6.9036402385e-03 1.5826350624e-02
2.2267291487e-02 1.2379665158e-02 1.6995300848e-02 1.4498846481e-02 1.5419013981e-02 6.9568356495e-03 1.3740769106e-02 5.4906430476e-03 3.4607282620e-03 1.0640384444e-02 3.9125219191e-03 6.4500688496e-03 7.3056307628e-03 7.3695909393e-03 2.3086927934e-02 1.1919128670e-02 1.1184199872e-02 7.1131797709e-03 2.2858541295e-02 7.5265103241e-03 1.6108016152e-02 3.6322496481e-03 2.9850030316e-02 4.1037320105e-03 9.8608424669e-03
1.5389730665e-02 1.1271260943e-02 1.0231651200e-02 8.2442366105e-03 7.9229134769e-03 4.6898123294e-03 1.0574456079e-02 3.4217543749e-03 2.3427030791e-03 6.5967614737e-03 2.6297838834e-03 5.0895434095e-03 4.9321280187e-03 6.3951829441e-03 1.9191638519e-02 7.2086136236e-03 5.9387099728e-03 5.8707668831e-03 2.1602330494e-02 4.1701525272e-03 8.7718924542e-03 2.4538921145e-03 2.2226555003e-02 2.2133249181e-03 8.2291268939e-03
1.3953278999e-02 9.6184003793e-03 5.7384033249e-03 5.7520524467e-03 4.4798418920e-03 3.2080367205e-03 9.7853283940e-03 2.0108771120e-03 1.5375989562e-03 3.0454811074e-03 2.2050712237e-03 3.9214979815e-03 3.1294668578e-03 5.4643590533e-03 1.6682750118e-02 5.6873372146e-03 2.4423998615e-03 4.0087660931e-03 1.3003272748e-02 1.5953426103e-03 6.5419105727e-03 1.2011785161e-03 1.8770144064e-02 1.3222460862e-03 6.5310564789e-03
