6.6484742000e+03 5.2240188000e+03 6.7651877000e+03 5.9777730000e+03 7.2690089000e+03 5.8406410000e+03 6.1960006000e+03 7.1872419000e+03 6.6773232000e+03 6.5824086000e+03 7.3150380000e+03 5.0515079000e+03 5.9008806000e+03 4.6583832000e+03 6.1338692000e+03 5.2487209000e+03 6.0035602000e+03 7.3333647000e+03 6.4302502000e+03 5.6152046000e+03 6.5444047000e+03 5.8539362000e+03 5.5479596000e+03 7.4438148000e+03 5.8102478000e+03
5.3031628000e+03 5.3847519000e+03 5.5177289000e+03 5.4329587000e+03 5.4964626000e+03 5.3598893000e+03 5.3316722000e+03 5.2267267000e+03 5.5009087000e+03 5.3842465000e+03 5.5877966000e+03 5.4704311000e+03 5.4639172000e+03 5.5945153000e+03 5.6994641000e+03 5.4952427000e+03 5.4087726000e+03 5.9157260000e+03 5.7423933000e+03 5.5882090000e+03 5.5284322000e+03 5.4725835000e+03 5.6318993000e+03 5.4205793000e+03 5.5373491000e+03
5.3136502000e+03 5.5665911000e+03 5.4720827000e+03 5.4715025000e+03 5.8461152000e+03 5.2288244000e+03 5.7547821000e+03 5.5723899000e+03 5.3150676000e+03 5.3782889000e+03 6.0835983000e+03 5.2334277000e+03 5.3970333000e+03 5.3366699000e+03 5.4537763000e+03 5.4077058000e+03 5.3783410000e+03 5.4699111000e+03 5.2129242000e+03 5.3693012000e+03 5.6920731000e+03 5.3273365000e+03 5.5286495000e+03 5.5016427000e+03 5.3770851000e+03
5.3012617000e+03 5.3316440000e+03 5.3755345000e+03 5.6146256000e+03 5.4073419000e+03 5.4157458000e+03 5.3619006000e+03 5.5606856000e+03 5.3881092000e+03 5.3104690000e+03 5.4878841000e+03 5.6476366000e+03 5.4574522000e+03 5.2415977000e+03 5.5456188000e+03 5.3397174000e+03 5.5051177000e+03 5.3420918000e+03 5.3489409000e+03 5.2120525000e+03 5.5164130000e+03 5.6610718000e+03 5.4471899000e+03 5.3803992000e+03 5.6025242000e+03
5.4698675000e+03 5.4450949000e+03 5.4658684000e+03 5.4150133000e+03 5.2617996000e+03 5.3914396000e+03 5.3483569000e+03 5.3963627000e+03 5.5221368000e+03 5.3475566000e+03 5.4743366000e+03 5.2572554000e+03 5.5787075000e+03 5.3812849000e+03 5.3877677000e+03 5.2614069000e+03 5.4989360000e+03 5.6215137000e+03 5.4715161000e+03 5.3638586000e+03 5.3375005000e+03 5.4926837000e+03 5.5555600000e+03 5.4279528000e+03 5.3586186000e+03
5.4608664000e+03 5.5521351000e+03 5.3394145000e+03 5.3457073000e+03 5.2863809000e+03 5.3914396000e+03 5.4748152000e+03 5.4144594000e+03 5.3802381000e+03 5.3790269000e+03 5.4683151000e+03 5.4565122000e+03 5.5625663000e+03 5.4187283000e+03 5.4091992000e+03 5.4071314000e+03 5.4473054000e+03 5.5607536000e+03 5.5066322000e+03 5.4424979000e+03 5.6149343000e+03 5.3733802000e+03 5.2519648000e+03 5.5679531000e+03 5.5335316000e+03
5.6016610000e+03 5.4646783000e+03 5.4789845000e+03 5.6718256000e+03 5.7876384000e+03 5.6862422000e+03 5.5160311000e+03 5.4150899000e+03 5.7193669000e+03 5.5039719000e+03 5.4837246000e+03 5.5233753000e+03 5.7118854000e+03 5.5135523000e+03 5.5890225000e+03 5.4667091000e+03 5.4564918000e+03 5.5080954000e+03 5.4798507000e+03 5.5356511000e+03 5.6904940000e+03 5.5587641000e+03 5.4564696000e+03 6.0573611000e+03 5.4751503000e+03
5.3416945000e+03 5.1693010000e+03 5.2903879000e+03 5.3159073000e+03 5.4571467000e+03 5.4560403000e+03 5.3479567000e+03 5.2134591000e+03 5.3965738000e+03 5.2293844000e+03 5.2768276000e+03 5.4049677000e+03 5.3721137000e+03 5.3503723000e+03 5.4429639000e+03 5.3465985000e+03 5.1718003000e+03 5.3911811000e+03 5.2891992000e+03 5.4377810000e+03 5.4325977000e+03 5.4390055000e+03 5.1913135000e+03 5.5576298000e+03 5.3260755000e+03
5.1303226000e+03 5.0818386000e+03 5.1569606000e+03 5.0905496000e+03 5.3091352000e+03 5.2873019000e+03 5.1445700000e+03 5.1482369000e+03 5.1544474000e+03 5.1238318000e+03 5.1423268000e+03 5.3246329000e+03 5.1921884000e+03 5.1675688000e+03 5.1545524000e+03 5.1541356000e+03 5.0939271000e+03 5.3312009000e+03 5.1455968000e+03 5.2765107000e+03 5.1903277000e+03 5.2101044000e+03 5.0964094000e+03 5.1976463000e+03 5.2286998000e+03
5.0658358000e+03 5.0295203000e+03 5.0686174000e+03 5.0638958000e+03 5.2134947000e+03 5.2414407000e+03 5.0937249000e+03 5.0721202000e+03 5.0938367000e+03 5.0863984000e+03 5.0852221000e+03 5.2268881000e+03 5.1122936000e+03 5.1021872000e+03 5.1090308000e+03 5.0963953000e+03 5.0736896000e+03 5.1514784000e+03 5.0576485000e+03 5.1047369000e+03 5.0656105000e+03 5.1061342000e+03 5.0544258000e+03 5.1544532000e+03 5.2084122000e+03
