5.1632633000e+03 5.5516057000e+03 5.6395996000e+03 5.5805759000e+03 4.9483913000e+03 5.8172750000e+03 5.9930066000e+03 5.6888880000e+03 5.7824451000e+03 5.0680844000e+03 5.0775930000e+03 6.0129911000e+03 6.0231309000e+03 5.3832768000e+03 4.8996406000e+03 5.5506935000e+03 5.3855919000e+03 4.5899103000e+03 5.9812847000e+03 6.0244774000e+03 5.3539412000e+03 5.4946924000e+03 6.6407241000e+03 5.3060026000e+03 5.4130194000e+03
5.5370000000e+03 5.2782174000e+03 5.7072735000e+03 5.0621095000e+03 5.5173392000e+03 5.5474476000e+03 5.1777260000e+03 5.3885991000e+03 5.1760466000e+03 5.4765071000e+03 5.3967084000e+03 5.5282698000e+03 5.2551816000e+03 5.1741426000e+03 5.3943811000e+03 5.4313348000e+03 5.5469154000e+03 5.5403875000e+03 5.8337474000e+03 5.5044708000e+03 5.3403877000e+03 5.3868843000e+03 5.4883932000e+03 5.4877042000e+03 5.3794607000e+03
4.7877680000e+03 4.7619096000e+03 4.7671001000e+03 4.5862514000e+03 4.8020945000e+03 4.9488316000e+03 4.7646163000e+03 4.8707848000e+03 4.7951235000e+03 5.2170878000e+03 4.9261687000e+03 4.9536023000e+03 4.6333654000e+03 5.0618519000e+03 4.6937957000e+03 4.6094866000e+03 4.8812198000e+03 4.8527110000e+03 5.0558329000e+03 4.6150418000e+03 4.9794085000e+03 4.6084226000e+03 4.8549914000e+03 4.8522207000e+03 4.6569094000e+03
4.2460115000e+03 4.3093163000e+03 4.2793175000e+03 4.1797128000e+03 4.3498311000e+03 4.3612126000e+03 4.2198925000e+03 4.2729184000e+03 4.3052822000e+03 4.2272576000e+03 4.3101425000e+03 4.2447854000e+03 4.1460293000e+03 4.2280362000e+03 4.3428705000e+03 4.1392108000e+03 4.2178208000e+03 4.3860804000e+03 4.2344162000e+03 4.3097473000e+03 4.1701914000e+03 4.2711780000e+03 4.4318403000e+03 4.3154307000e+03 4.2841927000e+03
3.8190555000e+03 3.8097139000e+03 3.7424302000e+03 3.7679419000e+03 3.8189363000e+03 3.8389123000e+03 3.7515536000e+03 3.8294844000e+03 3.7559680000e+03 3.6396983000e+03 3.7439345000e+03 3.8514513000e+03 3.7237606000e+03 3.7869039000e+03 3.7993340000e+03 3.7708965000e+03 3.7762904000e+03 3.7614133000e+03 3.8027359000e+03 3.7640592000e+03 3.7190861000e+03 3.7350574000e+03 3.8900561000e+03 3.7775092000e+03 3.7919369000e+03
3.5724480000e+03 3.5708473000e+03 3.5158147000e+03 3.5586886000e+03 3.5829613000e+03 3.5849386000e+03 3.5283528000e+03 3.6157029000e+03 3.5382631000e+03 3.4837479000e+03 3.5520185000e+03 3.6205293000e+03 3.5196399000e+03 3.5156891000e+03 3.5611868000e+03 3.5475767000e+03 3.5284757000e+03 3.5194743000e+03 3.5906943000e+03 3.5376609000e+03 3.5385810000e+03 3.5193460000e+03 3.5673061000e+03 3.5621181000e+03 3.5567644000e+03
3.5119193000e+03 3.5079404000e+03 3.4853115000e+03 3.5102246000e+03 3.5214636000e+03 3.5481332000e+03 3.4717949000e+03 3.5722825000e+03 3.5070476000e+03 3.4415609000e+03 3.4899642000e+03 3.5713133000e+03 3.4678346000e+03 3.4665201000e+03 3.5049579000e+03 3.4782198000e+03 3.4793521000e+03 3.4555259000e+03 3.5268185000e+03 3.4684507000e+03 3.4742929000e+03 3.4600765000e+03 3.5027045000e+03 3.5129650000e+03 3.4857160000e+03
3.4479968000e+03 3.4310323000e+03 3.4165602000e+03 3.4683784000e+03 3.4429026000e+03 3.4753129000e+03 3.4267564000e+03 3.4939286000e+03 3.4560053000e+03 3.4170333000e+03 3.4513648000e+03 3.5125117000e+03 3.4179332000e+03 3.4287560000e+03 3.4651430000e+03 3.4346782000e+03 3.4169726000e+03 3.4023974000e+03 3.4394714000e+03 3.4199996000e+03 3.4266189000e+03 3.4017920000e+03 3.4463587000e+03 3.4716289000e+03 3.4357197000e+03
3.3848616000e+03 3.3935269000e+03 3.3865458000e+03 3.4074837000e+03 3.3840935000e+03 3.4201457000e+03 3.3845129000e+03 3.4227863000e+03 3.3797663000e+03 3.3857592000e+03 3.3994339000e+03 3.4408710000e+03 3.3752592000e+03 3.3864552000e+03 3.4122861000e+03 3.4159122000e+03 3.3937344000e+03 3.3744879000e+03 3.3891721000e+03 3.3817060000e+03 3.3868072000e+03 3.3798151000e+03 3.4027645000e+03 3.3906778000e+03 3.4032165000e+03
3.3594682000e+03 3.3701332000e+03 3.3637446000e+03 3.3958000000e+03 3.3761912000e+03 3.3921441000e+03 3.3789662000e+03 3.4009498000e+03 3.3616199000e+03 3.3725623000e+03 3.3688613000e+03 3.3671914000e+03 3.3522532000e+03 3.3625556000e+03 3.3926842000e+03 3.3817903000e+03 3.3732452000e+03 3.3564669000e+03 3.3757045000e+03 3.3662142000e+03 3.3542236000e+03 3.3556867000e+03 3.3762408000e+03 3.3798310000e+03 3.3685903000e+03
