-1.4504980000e+02 -2.4151433000e+00 -2.2501287000e+02 -1.4529995000e+02 7.7216906000e+01 -1.8879617000e+01 -4.3308079000e+01 -3.4548690000e+02 -4.0212233000e+01 -2.7305874000e+02 -2.7023589000e+02 5.8219046000e+01 -1.0055656000e+02 -2.1839999000e+02 -1.0436619000e+02 -1.1630035000e+02 -3.4032504000e+02 -7.1372309000e+01 -1.2457604000e+02 -1.4030826000e+02 -9.8275672000e+01 -2.9438084000e+01 -2.1357136000e+02 -1.6415478000e+01 -1.4220298000e+02
-4.3160372000e+01 -2.8494833000e+01 3.6874901000e+00 -3.3998411000e+01 -3.6540729000e+01 -1.3664162000e+01 2.8320813000e+00 -4.8243891000e+01 -4.2264111000e+01 -5.4926095000e+01 -4.3249371000e+01 -8.8888536000e+01 -3.5553589000e+01 -1.8089728000e+01 -3.6104570000e+01 -5.7094738000e+01 -5.0124884000e+00 -1.8994315000e+01 -3.4638121000e+01 -5.9050558000e+01 -9.3521361000e+01 -1.7014678000e+01 -1.4310583000e+01 -2.4236914000e+01 -4.0153855000e+01
2.8367433000e+01 2.1169851000e+01 3.5121807000e+01 4.0292531000e+00 1.4674024000e+01 3.6456341000e+01 1.4221976000e+01 9.2352956000e+00 2.5666050000e+01 1.6135124000e+01 2.1394192000e+01 1.5881563000e+01 -4.9221677000e+00 2.6140128000e+01 4.1403936000e+01 2.6841711000e+01 3.5138310000e+01 2.4295000000e+01 3.3268768000e+01 2.7169783000e+01 2.3716759000e+01 7.5884648000e+00 3.3665211000e+01 3.8948952000e+01 2.8412700000e+01
3.0113464000e+01 2.3264008000e+01 3.1926142000e+01 1.6153799000e+01 3.7958412000e+01 4.0440070000e+01 2.3575633000e+01 2.7157350000e+01 3.2412908000e+01 3.1197301000e+01 2.2865381000e+01 2.6243295000e+01 1.6674653000e+01 2.6797245000e+01 4.4936301000e+01 3.2123883000e+01 3.9369658000e+01 2.7891207000e+01 3.4468731000e+01 3.9182152000e+01 2.2584721000e+01 1.8986189000e+01 3.0753229000e+01 3.6154584000e+01 2.5779121000e+01
3.0367440000e+01 2.3492789000e+01 3.0911702000e+01 2.0025948000e+01 3.6221824000e+01 3.8264932000e+01 1.9806746000e+01 2.8602272000e+01 2.9451984000e+01 4.0484992000e+01 2.4189938000e+01 2.8848951000e+01 2.6762540000e+01 2.8944287000e+01 3.7768860000e+01 3.9024763000e+01 3.6995646000e+01 2.8478514000e+01 1.9078802000e+01 2.9993920000e+01 2.8025942000e+01 2.0003279000e+01 2.5686999000e+01 3.5698314000e+01 3.0018010000e+01
3.6296111000e+01 2.3714838000e+01 2.2747515000e+01 2.7238479000e+01 3.4138608000e+01 3.7071118000e+01 1.7435297000e+01 2.1054297000e+01 2.4735663000e+01 3.1207656000e+01 1.8317059000e+01 3.1761395000e+01 2.5918382000e+01 2.3416191000e+01 2.9208988000e+01 3.4629682000e+01 3.6143799000e+01 2.6136545000e+01 2.3238479000e+01 2.4747497000e+01 2.6923077000e+01 1.9948540000e+01 2.4146515000e+01 3.2522842000e+01 3.2267416000e+01
3.5563973000e+01 2.4326029000e+01 2.1483388000e+01 2.5692049000e+01 3.4413711000e+01 3.4975323000e+01 1.7797583000e+01 1.4389013000e+01 2.6102560000e+01 2.5254947000e+01 1.7829488000e+01 3.1718395000e+01 2.6481998000e+01 2.6412236000e+01 2.8326739000e+01 3.2204571000e+01 3.6745822000e+01 2.5301512000e+01 2.3636198000e+01 2.8578300000e+01 2.6079943000e+01 2.0734911000e+01 2.3496147000e+01 2.7002273000e+01 2.7448757000e+01
3.3424600000e+01 2.4352294000e+01 2.0114967000e+01 2.4871117000e+01 3.4550457000e+01 3.3121015000e+01 1.8116172000e+01 1.5374032000e+01 2.5808768000e+01 2.5496444000e+01 1.4415627000e+01 3.0912174000e+01 2.1861505000e+01 2.3345934000e+01 2.7632860000e+01 2.7385363000e+01 3.6751494000e+01 2.4475713000e+01 2.1012762000e+01 2.8083455000e+01 2.3835985000e+01 2.0178642000e+01 2.2801373000e+01 2.5570168000e+01 2.6964841000e+01
3.1256233000e+01 2.3650875000e+01 1.6706199000e+01 2.3795330000e+01 3.3505794000e+01 3.1623463000e+01 1.8626174000e+01 1.5372089000e+01 2.5588256000e+01 2.4320416000e+01 1.3822725000e+01 2.7612582000e+01 1.5579569000e+01 2.3072422000e+01 2.7416835000e+01 2.7595732000e+01 3.6208292000e+01 2.3267133000e+01 2.0436075000e+01 2.8402959000e+01 2.3856407000e+01 2.0004881000e+01 2.2956681000e+01 2.5267749000e+01 2.7212751000e+01
3.0609726000e+01 2.3181977000e+01 1.5136331000e+01 2.3661031000e+01 3.0146814000e+01 3.1513280000e+01 1.8765451000e+01 1.5513014000e+01 2.4697661000e+01 2.2466738000e+01 1.2818386000e+01 2.6206574000e+01 1.6468828000e+01 2.3302259000e+01 2.7388920000e+01 2.7831160000e+01 3.6060285000e+01 2.3022060000e+01 1.9797358000e+01 2.8626600000e+01 2.4801603000e+01 1.9987572000e+01 2.6617555000e+01 2.5087912000e+01 2.7027810000e+01
