2.3162045000e+00 5.4483132000e+00 2.3931232000e+00 5.9414935000e+00 6.5081115000e-01 9.7628877000e+00 4.4071352000e+00 8.5939152000e+00 -2.9235542000e+00 9.0340560000e-01 6.6992874000e-01 2.3797268000e+00 1.1335748000e+00 1.4742976000e+01 4.7277503000e-01 2.1303792000e+00 5.2812529000e-01 3.8564704000e+00 5.5953802000e+00 4.6074354000e-01 2.5770906000e+00 -1.8607594000e+00 2.8322025000e+00 2.9386355000e+00 4.4367865000e+00
3.6573201000e+00 1.5981848000e+00 7.6705346000e-01 2.4316739000e+00 4.6513091000e+00 2.0633245000e+00 2.9100782000e+00 2.4847818000e+00 2.8808709000e+00 7.8243984000e+00 2.2056528000e+00 3.5717894000e+00 5.3079162000e+00 2.3291039000e+00 5.6742112000e+00 6.1758486000e+00 1.4027933000e+00 4.4308396000e+00 2.7911205000e+00 7.1847096000e+00 3.6459170000e+00 1.8668269000e+00 3.8671433000e-01 4.8280055000e-01 7.0077367000e+00
1.4704414000e+00 7.3445422000e-01 2.3365516000e+00 1.0379775000e+00 3.3420260000e+00 2.4851989000e+00 4.2471841000e+00 4.0185526000e+00 4.8125689000e+00 4.7902894000e+00 3.4501930000e+00 4.1197397000e+00 1.8473417000e+00 3.2371368000e+00 3.9654901000e+00 4.2098188000e+00 5.1713121000e+00 2.2557668000e+00 1.6756844000e+00 5.1709591000e+00 7.8011391000e-01 2.7760083000e+00 2.0459467000e+00 1.3540849000e+00 2.7113609000e+00
1.6205126000e+00 1.7800035000e+00 2.4000926000e+00 1.5453693000e+00 3.2230732000e+00 2.4412854000e+00 4.3155622000e+00 3.6588873000e+00 4.0640237000e+00 4.0243052000e+00 3.8015721000e+00 3.3489987000e+00 2.0746764000e+00 2.6014998000e+00 3.2559211000e+00 3.5152314000e+00 3.8837935000e+00 4.1424424000e+00 2.6005870000e+00 3.8421253000e+00 1.5053620000e+00 2.4371342000e+00 1.7539899000e+00 1.6260149000e+00 2.4009181000e+00
2.0848014000e+00 1.8704649000e+00 2.3892178000e+00 1.8000846000e+00 2.4592218000e+00 2.8598516000e+00 4.1287463000e+00 3.1355527000e+00 3.1087734000e+00 3.5964072000e+00 3.9389675000e+00 3.0876585000e+00 2.3781128000e+00 2.6962854000e+00 2.9425148000e+00 2.8196390000e+00 4.0015572000e+00 3.9449018000e+00 2.2935450000e+00 3.9434810000e+00 2.0094315000e+00 2.2753463000e+00 2.1358072000e+00 2.1236517000e+00 2.5925546000e+00
2.0486851000e+00 2.0129192000e+00 2.2577061000e+00 1.1296365000e+00 2.5811196000e+00 2.5023050000e+00 4.0017334000e+00 2.9653316000e+00 2.9444518000e+00 3.1611520000e+00 3.9067708000e+00 3.1405609000e+00 2.0651713000e+00 2.6564702000e+00 2.8573866000e+00 2.5307858000e+00 4.0245178000e+00 3.7534296000e+00 2.3058289000e+00 3.7949663000e+00 2.0030043000e+00 2.2090134000e+00 1.8539452000e+00 2.0557086000e+00 2.0457577000e+00
2.0140532000e+00 2.0240967000e+00 2.2380396000e+00 1.5356349000e+00 2.5405364000e+00 2.5732281000e+00 4.1736920000e+00 2.8880234000e+00 2.9746289000e+00 2.5884042000e+00 3.9034804000e+00 3.3540142000e+00 2.0295520000e+00 2.7347605000e+00 2.7588529000e+00 2.4728294000e+00 4.1792333000e+00 3.8487846000e+00 2.3820282000e+00 3.3335107000e+00 2.2814869000e+00 2.2420506000e+00 1.5983997000e+00 2.1664287000e+00 2.1841232000e+00
1.9902754000e+00 2.2012341000e+00 2.1612910000e+00 1.5216281000e+00 2.4577794000e+00 2.5506463000e+00 4.3183881000e+00 2.8859811000e+00 2.9153391000e+00 2.5615710000e+00 4.0171533000e+00 3.7335969000e+00 2.0220537000e+00 2.7150060000e+00 2.7090093000e+00 2.4709469000e+00 4.2472001000e+00 4.0123066000e+00 2.3564120000e+00 3.1555146000e+00 2.3585308000e+00 2.2319265000e+00 1.5439800000e+00 2.1473982000e+00 2.2554516000e+00
1.9945573000e+00 2.2120397000e+00 2.1399001000e+00 1.5115501000e+00 2.4552260000e+00 2.5315961000e+00 4.3172018000e+00 2.8732701000e+00 2.8701912000e+00 2.4849923000e+00 4.1179464000e+00 3.7688600000e+00 2.0172069000e+00 2.7115916000e+00 2.5803267000e+00 2.4656249000e+00 4.2893110000e+00 3.9618097000e+00 2.2880913000e+00 3.1444023000e+00 2.3650008000e+00 2.2344066000e+00 1.4320924000e+00 2.1563966000e+00 2.2145422000e+00
1.9944218000e+00 2.2082862000e+00 2.1385776000e+00 1.5897678000e+00 2.4564485000e+00 2.5355763000e+00 4.3155120000e+00 2.8411668000e+00 2.8690075000e+00 2.4869110000e+00 4.2130468000e+00 3.7609476000e+00 2.0197138000e+00 2.7123165000e+00 2.5833905000e+00 2.4661347000e+00 4.2890745000e+00 3.9605741000e+00 2.2885988000e+00 3.1454578000e+00 2.3605110000e+00 2.2336929000e+00 1.5549498000e+00 2.1597392000e+00 2.2116840000e+00
