-3.4428183000e+03 -2.9949918000e+03 -2.3976410000e+03 -3.6620950000e+03 -2.7428351000e+03 -3.7830882000e+03 -2.8721082000e+03 -2.9268192000e+03 -4.1000889000e+03 -4.1558490000e+03 -3.4825024000e+03 -2.9718851000e+03 -1.1578623000e+03 -3.2791203000e+03 -2.8640412000e+03 -3.6118000000e+03 -2.8968664000e+03 -3.8421754000e+03 -3.0811130000e+03 -3.2966801000e+03 -2.7083378000e+03 -3.4402226000e+03 -2.9696686000e+03 6.5447973000e+01 -2.4181044000e+03
-4.2630510000e+03 -2.5765066000e+03 -2.4878980000e+03 -3.1556249000e+03 -3.2599632000e+03 -2.8552401000e+03 -4.1202394000e+03 -3.1997882000e+03 -2.9388049000e+03 -3.3736891000e+03 -3.1610359000e+03 -3.8075274000e+03 -3.2280921000e+03 -3.1961079000e+03 -2.6098271000e+03 -3.3573672000e+03 -3.5603261000e+03 -4.1274122000e+03 -2.7790004000e+03 -3.1200378000e+03 -3.5451007000e+03 -2.6027544000e+03 -2.3566997000e+03 -2.3814594000e+03 -2.7792553000e+03
-3.6856060000e+03 -3.5381187000e+03 -2.4000080000e+03 -2.4804199000e+03 -2.7176447000e+03 -2.9909178000e+03 -3.4676534000e+03 -3.7965710000e+03 -3.1217819000e+03 -3.7094865000e+03 -3.2879976000e+03 -3.4896433000e+03 -3.6347468000e+03 -3.2028190000e+03 -3.8956067000e+03 -3.2846487000e+03 -3.1194117000e+03 -3.1230119000e+03 -2.6153919000e+03 -3.6159137000e+03 -3.2168772000e+03 -3.6558357000e+03 -3.1723184000e+03 -2.4694903000e+03 -3.4064103000e+03
-4.1715555000e+03 -3.1235073000e+03 -2.5332054000e+03 -2.5357649000e+03 -3.4408463000e+03 -4.0803614000e+03 -2.9020049000e+03 -2.9071629000e+03 -3.4333914000e+03 -2.7407790000e+03 -4.1444182000e+03 -2.7487827000e+03 -3.0943030000e+03 -2.6117399000e+03 -3.1755201000e+03 -3.4774755000e+03 -2.8349209000e+03 -2.4195649000e+03 -3.4474324000e+03 -4.1109887000e+03 -4.1465454000e+03 -2.5861866000e+03 -3.0956630000e+03 -2.4391630000e+03 -2.9152072000e+03
-4.4542198000e+03 -2.9941072000e+03 -3.4739360000e+03 -2.2922310000e+03 -2.3912470000e+03 -4.0068103000e+03 -3.2533721000e+03 -2.4098213000e+03 -3.5006185000e+03 -3.7337824000e+03 -4.2888742000e+03 -2.6639275000e+03 -3.5356297000e+03 -2.4006387000e+03 -3.4813275000e+03 -3.0886996000e+03 -3.7048265000e+03 -2.3774691000e+03 -2.6956959000e+03 -4.3485539000e+03 -3.9362596000e+03 -3.2965733000e+03 -3.0168196000e+03 -2.5842888000e+03 -3.0545436000e+03
-4.5088490000e+03 -2.9679597000e+03 -3.4003271000e+03 -2.2779554000e+03 -2.2995430000e+03 -3.2833188000e+03 -3.2822605000e+03 -2.6598494000e+03 -3.6192096000e+03 -3.1831600000e+03 -4.2389630000e+03 -3.4874175000e+03 -3.1854867000e+03 -3.0945040000e+03 -3.2782068000e+03 -3.3057484000e+03 -3.5676067000e+03 -2.4054529000e+03 -3.3596069000e+03 -4.2180250000e+03 -3.6799075000e+03 -3.1158136000e+03 -3.4813034000e+03 -2.3320123000e+03 -2.3465977000e+03
-4.5291032000e+03 -3.7127201000e+03 -4.4492923000e+03 -3.6224830000e+03 -3.9354212000e+03 -4.3839366000e+03 -4.5289729000e+03 -3.7144563000e+03 -4.4105540000e+03 -4.4872009000e+03 -4.4261853000e+03 -4.4248774000e+03 -3.0004988000e+03 -3.7132103000e+03 -4.5021617000e+03 -4.3907706000e+03 -4.3422930000e+03 -3.7159033000e+03 -4.3142513000e+03 -4.5245004000e+03 -4.4938476000e+03 -3.7162308000e+03 -4.4151720000e+03 -3.6064535000e+03 -2.7521226000e+03
-4.5291197000e+03 -3.7169077000e+03 -4.5291197000e+03 -4.5291197000e+03 -4.5291197000e+03 -4.5291197000e+03 -4.5291197000e+03 -3.7169077000e+03 -4.5291197000e+03 -4.5291197000e+03 -4.5291197000e+03 -4.5291197000e+03 -4.5291197000e+03 -3.7169077000e+03 -4.5291197000e+03 -4.5291197000e+03 -4.5291197000e+03 -3.7169077000e+03 -4.5290187000e+03 -4.5291197000e+03 -4.5291197000e+03 -3.7169077000e+03 -4.5291197000e+03 -4.5291197000e+03 -4.5291195000e+03
-4.5291197000e+03 -3.7169077000e+03 -4.5291197000e+03 -4.5291197000e+03 -4.5291197000e+03 -4.5291197000e+03 -4.5291197000e+03 -3.7169077000e+03 -4.5291197000e+03 -4.5291197000e+03 -4.5291197000e+03 -4.5291197000e+03 -4.5291197000e+03 -3.7169077000e+03 -4.5291197000e+03 -4.5291197000e+03 -4.5291197000e+03 -3.7169077000e+03 -4.5291197000e+03 -4.5291197000e+03 -4.5291197000e+03 -3.7169077000e+03 -4.5291197000e+03 -4.5291197000e+03 -4.5291197000e+03
-4.5291197000e+03 -3.7169077000e+03 -4.5291197000e+03 -4.5291197000e+03 -4.5291197000e+03 -4.5291197000e+03 -4.5291197000e+03 -3.7169077000e+03 -4.5291197000e+03 -4.5291197000e+03 -4.5291197000e+03 -4.5291197000e+03 -4.5291197000e+03 -3.7169077000e+03 -4.5291197000e+03 -4.5291197000e+03 -4.5291197000e+03 -3.7169077000e+03 -4.5291197000e+03 -4.5291197000e+03 -4.5291197000e+03 -3.7169077000e+03 -4.5291197000e+03 -4.5291197000e+03 -4.5291197000e+03
