2.9958377000e+03 2.9960227000e+03 2.9953113000e+03 2.9953378000e+03 2.9958653000e+03 2.9957753000e+03 2.9951592000e+03 2.9965880000e+03 2.9953326000e+03 2.9957329000e+03 2.9955075000e+03 2.9956005000e+03 2.9958918000e+03 2.9953507000e+03 2.9955919000e+03 2.9955037000e+03 2.9954664000e+03 2.9955516000e+03 2.9958765000e+03 2.9958945000e+03 2.9954741000e+03 2.9948920000e+03 2.9961340000e+03 2.9955175000e+03 2.9953156000e+03
2.9944323000e+03 2.9944320000e+03 2.9944341000e+03 2.9944354000e+03 2.9944320000e+03 2.9944311000e+03 2.9944325000e+03 2.9944319000e+03 2.9944303000e+03 2.9944297000e+03 2.9944293000e+03 2.9944323000e+03 2.9944294000e+03 2.9944308000e+03 2.9944360000e+03 2.9944290000e+03 2.9944313000e+03 2.9944354000e+03 2.9944292000e+03 2.9944354000e+03 2.9944289000e+03 2.9944298000e+03 2.9944427000e+03 2.9944285000e+03 2.9944333000e+03
2.9944245000e+03 2.9944245000e+03 2.9944245000e+03 2.9944245000e+03 2.9944245000e+03 2.9944245000e+03 2.9944245000e+03 2.9944245000e+03 2.9944245000e+03 2.9944245000e+03 2.9944245000e+03 2.9944245000e+03 2.9944245000e+03 2.9944245000e+03 2.9944245000e+03 2.9944245000e+03 2.9944245000e+03 2.9944245000e+03 2.9944245000e+03 2.9944245000e+03 2.9944245000e+03 2.9944245000e+03 2.9944245000e+03 2.9944245000e+03 2.9944245000e+03
2.9944245000e+03 2.9944245000e+03 2.9944245000e+03 2.9944245000e+03 2.9944245000e+03 2.9944245000e+03 2.9944245000e+03 2.9944245000e+03 2.9944245000e+03 2.9944245000e+03 2.9944245000e+03 2.9944245000e+03 2.9944245000e+03 2.9944245000e+03 2.9944245000e+03 2.9944245000e+03 2.9944245000e+03 2.9944245000e+03 2.9944245000e+03 2.9944245000e+03 2.9944245000e+03 2.9944245000e+03 2.9944245000e+03 2.9944245000e+03 2.9944245000e+03
2.9944245000e+03 2.9944245000e+03 2.9944245000e+03 2.9944245000e+03 2.9944245000e+03 2.9944245000e+03 2.9944245000e+03 2.9944245000e+03 2.9944245000e+03 2.9944245000e+03 2.9944245000e+03 2.9944245000e+03 2.9944245000e+03 2.9944245000e+03 2.9944245000e+03 2.9944245000e+03 2.9944245000e+03 2.9944245000e+03 2.9944245000e+03 2.9944245000e+03 2.9944245000e+03 2.9944245000e+03 2.9944245000e+03 2.9944245000e+03 2.9944245000e+03
2.9944245000e+03 2.9944245000e+03 2.9944245000e+03 2.9944245000e+03 2.9944245000e+03 2.9944245000e+03 2.9944245000e+03 2.9944245000e+03 2.9944245000e+03 2.9944245000e+03 2.9944245000e+03 2.9944245000e+03 2.9944245000e+03 2.9944245000e+03 2.9944245000e+03 2.9944245000e+03 2.9944245000e+03 2.9944245000e+03 2.9944245000e+03 2.9944245000e+03 2.9944245000e+03 2.9944245000e+03 2.9944245000e+03 2.9944245000e+03 2.9944245000e+03
2.9944245000e+03 2.9944245000e+03 2.9944245000e+03 2.9944245000e+03 2.9944245000e+03 2.9944245000e+03 2.9944245000e+03 2.9944245000e+03 2.9944245000e+03 2.9944245000e+03 2.9944245000e+03 2.9944245000e+03 2.9944245000e+03 2.9944245000e+03 2.9944245000e+03 2.9944245000e+03 2.9944245000e+03 2.9944245000e+03 2.9944245000e+03 2.9944245000e+03 2.9944245000e+03 2.9944245000e+03 2.9944245000e+03 2.9944245000e+03 2.9944245000e+03
2.9944245000e+03 2.9944245000e+03 2.9944245000e+03 2.9944245000e+03 2.9944245000e+03 2.9944245000e+03 2.9944245000e+03 2.9944245000e+03 2.9944245000e+03 2.9944245000e+03 2.9944245000e+03 2.9944245000e+03 2.9944245000e+03 2.9944245000e+03 2.9944245000e+03 2.9944245000e+03 2.9944245000e+03 2.9944245000e+03 2.9944245000e+03 2.9944245000e+03 2.9944245000e+03 2.9944245000e+03 2.9944245000e+03 2.9944245000e+03 2.9944245000e+03
2.9944245000e+03 2.9944245000e+03 2.9944245000e+03 2.9944245000e+03 2.9944245000e+03 2.9944245000e+03 2.9944245000e+03 2.9944245000e+03 2.9944245000e+03 2.9944245000e+03 2.9944245000e+03 2.9944245000e+03 2.9944245000e+03 2.9944245000e+03 2.9944245000e+03 2.9944245000e+03 2.9944245000e+03 2.9944245000e+03 2.9944245000e+03 2.9944245000e+03 2.9944245000e+03 2.9944245000e+03 2.9944245000e+03 2.9944245000e+03 2.9944245000e+03
2.9944245000e+03 2.9944245000e+03 2.9944245000e+03 2.9944245000e+03 2.9944245000e+03 2.9944245000e+03 2.9944245000e+03 2.9944245000e+03 2.9944245000e+03 2.9944245000e+03 2.9944245000e+03 2.9944245000e+03 2.9944245000e+03 2.9944245000e+03 2.9944245000e+03 2.9944245000e+03 2.9944245000e+03 2.9944245000e+03 2.9944245000e+03 2.9944245000e+03 2.9944245000e+03 2.9944245000e+03 2.9944245000e+03 2.9944245000e+03 2.9944245000e+03
