2.6395741000e+00 2.6394089000e+00 2.6395358000e+00 2.6394668000e+00 2.6395531000e+00 2.6393907000e+00 2.6395863000e+00 2.6393672000e+00 2.6393784000e+00 2.6394886000e+00 2.6398842000e+00 2.6395826000e+00 2.6395943000e+00 2.6400715000e+00 2.6396036000e+00 2.6396444000e+00 2.6394862000e+00 2.6403474000e+00 2.6394975000e+00 2.6395319000e+00 2.6410981000e+00 2.6394951000e+00 2.6394047000e+00 2.6394628000e+00 2.6394183000e+00
2.6393465000e+00 2.6393465000e+00 2.6393465000e+00 2.6393465000e+00 2.6393465000e+00 2.6393465000e+00 2.6393465000e+00 2.6393465000e+00 2.6393465000e+00 2.6393465000e+00 2.6393465000e+00 2.6393465000e+00 2.6393465000e+00 2.6393465000e+00 2.6393465000e+00 2.6393465000e+00 2.6393465000e+00 2.6393465000e+00 2.6393465000e+00 2.6393465000e+00 2.6393465000e+00 2.6393465000e+00 2.6393465000e+00 2.6393465000e+00 2.6393465000e+00
2.6393465000e+00 2.6393465000e+00 2.6393465000e+00 2.6393465000e+00 2.6393465000e+00 2.6393465000e+00 2.6393465000e+00 2.6393465000e+00 2.6393465000e+00 2.6393465000e+00 2.6393465000e+00 2.6393465000e+00 2.6393465000e+00 2.6393465000e+00 2.6393465000e+00 2.6393465000e+00 2.6393465000e+00 2.6393465000e+00 2.6393465000e+00 2.6393465000e+00 2.6393465000e+00 2.6393465000e+00 2.6393465000e+00 2.6393465000e+00 2.6393465000e+00
2.6393465000e+00 2.6393465000e+00 2.6393465000e+00 2.6393465000e+00 2.6393465000e+00 2.6393465000e+00 2.6393465000e+00 2.6393465000e+00 2.6393465000e+00 2.6393465000e+00 2.6393465000e+00 2.6393465000e+00 2.6393465000e+00 2.6393465000e+00 2.6393465000e+00 2.6393465000e+00 2.6393465000e+00 2.6393465000e+00 2.6393465000e+00 2.6393465000e+00 2.6393465000e+00 2.6393465000e+00 2.6393465000e+00 2.6393465000e+00 2.6393465000e+00
2.6393465000e+00 2.6393465000e+00 2.6393465000e+00 2.6393465000e+00 2.6393465000e+00 2.6393465000e+00 2.6393465000e+00 2.6393465000e+00 2.6393465000e+00 2.6393465000e+00 2.6393465000e+00 2.6393465000e+00 2.6393465000e+00 2.6393465000e+00 2.6393465000e+00 2.6393465000e+00 2.6393465000e+00 2.6393465000e+00 2.6393465000e+00 2.6393465000e+00 2.6393465000e+00 2.6393465000e+00 2.6393465000e+00 2.6393465000e+00 2.6393465000e+00
2.6393465000e+00 2.6393465000e+00 2.6393465000e+00 2.6393465000e+00 2.6393465000e+00 2.6393465000e+00 2.6393465000e+00 2.6393465000e+00 2.6393465000e+00 2.6393465000e+00 2.6393465000e+00 2.6393465000e+00 2.6393465000e+00 2.6393465000e+00 2.6393465000e+00 2.6393465000e+00 2.6393465000e+00 2.6393465000e+00 2.6393465000e+00 2.6393465000e+00 2.6393465000e+00 2.6393465000e+00 2.6393465000e+00 2.6393465000e+00 2.6393465000e+00
2.6393465000e+00 2.6393465000e+00 2.6393465000e+00 2.6393465000e+00 2.6393465000e+00 2.6393465000e+00 2.6393465000e+00 2.6393465000e+00 2.6393465000e+00 2.6393465000e+00 2.6393465000e+00 2.6393465000e+00 2.6393465000e+00 2.6393465000e+00 2.6393465000e+00 2.6393465000e+00 2.6393465000e+00 2.6393465000e+00 2.6393465000e+00 2.6393465000e+00 2.6393465000e+00 2.6393465000e+00 2.6393465000e+00 2.6393465000e+00 2.6393465000e+00
2.6393465000e+00 2.6393465000e+00 2.6393465000e+00 2.6393465000e+00 2.6393465000e+00 2.6393465000e+00 2.6393465000e+00 2.6393465000e+00 2.6393465000e+00 2.6393465000e+00 2.6393465000e+00 2.6393465000e+00 2.6393465000e+00 2.6393465000e+00 2.6393465000e+00 2.6393465000e+00 2.6393465000e+00 2.6393465000e+00 2.6393465000e+00 2.6393465000e+00 2.6393465000e+00 2.6393465000e+00 2.6393465000e+00 2.6393465000e+00 2.6393465000e+00
2.6393465000e+00 2.6393465000e+00 2.6393465000e+00 2.6393465000e+00 2.6393465000e+00 2.6393465000e+00 2.6393465000e+00 2.6393465000e+00 2.6393465000e+00 2.6393465000e+00 2.6393465000e+00 2.6393465000e+00 2.6393465000e+00 2.6393465000e+00 2.6393465000e+00 2.6393465000e+00 2.6393465000e+00 2.6393465000e+00 2.6393465000e+00 2.6393465000e+00 2.6393465000e+00 2.6393465000e+00 2.6393465000e+00 2.6393465000e+00 2.6393465000e+00
2.6393465000e+00 2.6393465000e+00 2.6393465000e+00 2.6393465000e+00 2.6393465000e+00 2.6393465000e+00 2.6393465000e+00 2.6393465000e+00 2.6393465000e+00 2.6393465000e+00 2.6393465000e+00 2.6393465000e+00 2.6393465000e+00 2.6393465000e+00 2.6393465000e+00 2.6393465000e+00 2.6393465000e+00 2.6393465000e+00 2.6393465000e+00 2.6393465000e+00 2.6393465000e+00 2.6393465000e+00 2.6393465000e+00 2.6393465000e+00 2.6393465000e+00
