1.0665409000e-15 1.5810957000e-14 1.4139562000e-14 7.0507680000e-14 4.9303238000e-13 3.2946272000e-15 1.2522956000e-11 2.1403188000e-13 2.1931874000e-14 4.7420569000e-15 3.4065488000e-14 5.9683212000e-13 1.1764219000e-15 2.3990603000e-13 9.6309826000e-14 9.7622898000e-14 3.6732830000e-14 7.0613850000e-13 3.4030638000e-13 3.8313626000e-14 1.2561367000e-11 1.4514813000e-12 4.2014358000e-14 4.5017491000e-13 7.0168305000e-13
1.0665409000e-15 2.0275671000e-15 1.4139562000e-14 6.6121820000e-14 1.7767446000e-14 2.8622895000e-15 1.0593286000e-14 1.4644406000e-13 9.2931277000e-16 3.7863997000e-19 1.4290928000e-14 5.7210714000e-14 4.1985274000e-17 1.7201371000e-16 3.8982087000e-15 9.2620602000e-15 4.9400536000e-16 1.4156440000e-16 1.2141136000e-17 2.5377673000e-14 9.2366527000e-15 8.6216475000e-15 4.8954638000e-15 6.6955465000e-15 4.8020392000e-16
1.0665409000e-15 2.0275671000e-15 1.0952850000e-15 5.3979582000e-15 3.3914617000e-15 4.2873178000e-16 1.0355170000e-15 1.7854969000e-14 6.3393870000e-16 3.7863997000e-19 1.3156135000e-14 5.7210714000e-14 4.1985274000e-17 1.7201371000e-16 1.2073724000e-15 8.0868747000e-16 2.8810017000e-17 5.3469193000e-17 1.2141136000e-17 2.5668322000e-16 1.9331133000e-15 5.6986166000e-15 4.8954638000e-15 2.1725032000e-16 1.7301017000e-16
1.0665409000e-15 1.6305393000e-16 1.0952850000e-15 2.8831406000e-16 2.9626706000e-15 4.2873178000e-16 1.0355170000e-15 5.2563110000e-15 5.6096595000e-16 3.7863997000e-19 2.0818041000e-24 1.1181175000e-14 4.1985274000e-17 1.7201371000e-16 1.2073724000e-15 8.0868747000e-16 1.3976257000e-17 5.3469193000e-17 1.2141136000e-17 2.5668322000e-16 1.9331133000e-15 5.6986166000e-15 1.1400175000e-17 0.0000000000e+00 1.7301017000e-16
1.0665409000e-15 0.0000000000e+00 1.0952850000e-15 2.7810428000e-31 2.9626706000e-15 1.4459734000e-16 0.0000000000e+00 5.2522501000e-15 2.1639749000e-30 3.7863997000e-19 9.3215009000e-32 1.1181175000e-14 4.1985274000e-17 1.7201371000e-16 1.2073724000e-15 8.0868747000e-16 2.2635766000e-24 5.3469193000e-17 1.2141136000e-17 0.0000000000e+00 4.3516368000e-19 5.6986166000e-15 1.1400175000e-17 0.0000000000e+00 1.7301017000e-16
1.0665409000e-15 0.0000000000e+00 1.0952850000e-15 0.0000000000e+00 4.6336626000e-16 7.7037198000e-34 0.0000000000e+00 0.0000000000e+00 0.0000000000e+00 3.7863997000e-19 0.0000000000e+00 2.2164595000e-15 3.0814879000e-33 1.7201371000e-16 1.2073724000e-15 8.0868747000e-16 0.0000000000e+00 5.3469193000e-17 6.5390790000e-18 0.0000000000e+00 0.0000000000e+00 9.6513015000e-16 1.1400175000e-17 0.0000000000e+00 1.7301017000e-16
1.0665409000e-15 0.0000000000e+00 1.0952850000e-15 0.0000000000e+00 4.6336626000e-16 7.7037198000e-34 0.0000000000e+00 0.0000000000e+00 0.0000000000e+00 3.7863997000e-19 0.0000000000e+00 2.2164595000e-15 0.0000000000e+00 1.7201371000e-16 1.2073724000e-15 8.0868747000e-16 0.0000000000e+00 5.3469193000e-17 0.0000000000e+00 0.0000000000e+00 0.0000000000e+00 9.6513015000e-16 1.1400175000e-17 0.0000000000e+00 1.7301017000e-16
1.0665409000e-15 0.0000000000e+00 1.0952850000e-15 0.0000000000e+00 4.6336626000e-16 7.7037198000e-34 0.0000000000e+00 0.0000000000e+00 0.0000000000e+00 3.7863997000e-19 0.0000000000e+00 1.3194586000e-16 0.0000000000e+00 1.7201371000e-16 1.2073724000e-15 8.0868747000e-16 0.0000000000e+00 5.3469193000e-17 0.0000000000e+00 0.0000000000e+00 0.0000000000e+00 6.7977542000e-16 1.1400175000e-17 0.0000000000e+00 1.7301017000e-16
1.0665409000e-15 0.0000000000e+00 1.0952850000e-15 0.0000000000e+00 4.6336626000e-16 7.7037198000e-34 0.0000000000e+00 0.0000000000e+00 0.0000000000e+00 3.7863997000e-19 0.0000000000e+00 9.1857199000e-17 0.0000000000e+00 1.7201371000e-16 1.2073724000e-15 8.0868747000e-16 0.0000000000e+00 5.3469193000e-17 0.0000000000e+00 0.0000000000e+00 0.0000000000e+00 6.7977542000e-16 1.1400175000e-17 0.0000000000e+00 1.7301017000e-16
1.0665409000e-15 0.0000000000e+00 1.0952850000e-15 0.0000000000e+00 0.0000000000e+00 7.7037198000e-34 0.0000000000e+00 0.0000000000e+00 0.0000000000e+00 3.7863997000e-19 0.0000000000e+00 9.1857199000e-17 0.0000000000e+00 1.7201371000e-16 1.2073724000e-15 8.0868747000e-16 0.0000000000e+00 5.3469193000e-17 0.0000000000e+00 0.0000000000e+00 0.0000000000e+00 2.1651455000e-17 1.1400175000e-17 0.0000000000e+00 1.7301017000e-16
