1.4977049000e+02 5.5535569000e+02 4.1068559000e+02 5.9200731000e+02 2.4341603000e+02 2.5082520000e+02 2.3257147000e+02 5.6112006000e+00 1.6379552000e+01 1.5654404000e+02 6.9534474000e+02 4.8158533000e+02 3.3678421000e+02 1.1399255000e+02 2.7945746000e+02 3.6123129000e+02 3.4966516000e+02 5.4656474000e+02 1.8200809000e+02 6.2114705000e+02 5.7961252000e+02 5.7162729000e+02 3.7320431000e+02 2.0778939000e+02 2.4916940000e+02
2.1721175000e+02 2.0011635000e+02 2.2490325000e+02 1.6638959000e+02 2.1865257000e+02 1.0807332000e+02 1.9506287000e+02 1.8650333000e+02 1.2364404000e+02 2.6503181000e+02 2.0621047000e+02 1.6749957000e+02 1.7963007000e+02 2.0001919000e+02 1.9817200000e+02 2.3383551000e+02 2.0194186000e+02 1.1909242000e+02 3.1991582000e+02 2.0398542000e+02 2.2271302000e+02 2.2700047000e+02 2.3301858000e+02 2.2600886000e+02 2.1017160000e+02
1.7011283000e+02 1.7201970000e+02 1.8156691000e+02 1.5980465000e+02 1.7168178000e+02 1.7480013000e+02 1.7848215000e+02 1.8429709000e+02 1.7024346000e+02 1.7922217000e+02 1.9119603000e+02 1.8716217000e+02 1.8636359000e+02 1.7389926000e+02 1.7433461000e+02 1.8835934000e+02 1.8022026000e+02 1.9119182000e+02 1.9395590000e+02 1.8572454000e+02 1.8607987000e+02 1.9438781000e+02 1.5174224000e+02 1.7666998000e+02 1.6246933000e+02
1.3083193000e+02 1.3715879000e+02 1.7516081000e+02 1.2531558000e+02 1.4321304000e+02 1.4852472000e+02 1.3850339000e+02 1.3192891000e+02 1.5406096000e+02 1.3047340000e+02 1.4444728000e+02 1.6058425000e+02 1.3772941000e+02 1.4495609000e+02 1.4692362000e+02 1.5440685000e+02 1.4353540000e+02 1.4361255000e+02 1.6036788000e+02 1.4937580000e+02 1.4361646000e+02 1.4887568000e+02 1.1146887000e+02 1.5335013000e+02 1.4135465000e+02
1.0992405000e+02 1.2506473000e+02 1.5823463000e+02 1.1117629000e+02 1.3095674000e+02 1.3442464000e+02 1.2097977000e+02 1.2534347000e+02 1.4034444000e+02 1.2167311000e+02 1.2892138000e+02 1.4010635000e+02 1.2283491000e+02 1.3416061000e+02 1.2604502000e+02 1.3729971000e+02 1.2918139000e+02 1.3530697000e+02 1.3353877000e+02 1.3044273000e+02 1.2453612000e+02 1.3564525000e+02 1.0483877000e+02 1.3885922000e+02 1.2403000000e+02
9.7785614000e+01 1.1600406000e+02 1.4983078000e+02 1.0707318000e+02 1.1723771000e+02 1.2474730000e+02 1.1692807000e+02 1.2255059000e+02 1.2449772000e+02 1.1256629000e+02 1.2573035000e+02 1.2774399000e+02 1.2162032000e+02 1.1169553000e+02 1.1494392000e+02 1.1809114000e+02 1.2191528000e+02 1.2982613000e+02 1.2427915000e+02 1.1618936000e+02 1.0973379000e+02 1.2143663000e+02 9.2792341000e+01 1.3232641000e+02 1.1299106000e+02
9.2765581000e+01 1.0918551000e+02 1.4960979000e+02 1.0466952000e+02 1.0423040000e+02 1.1676716000e+02 1.1232005000e+02 1.2076462000e+02 1.0851229000e+02 1.0634672000e+02 1.0793202000e+02 1.1205782000e+02 1.1849947000e+02 9.6228455000e+01 1.0143022000e+02 1.0523044000e+02 1.1827683000e+02 1.2462168000e+02 1.0796709000e+02 1.1225699000e+02 1.0423591000e+02 1.0830540000e+02 7.7641657000e+01 1.1851895000e+02 1.0766321000e+02
9.3316815000e+01 1.0726006000e+02 1.5008876000e+02 9.3098300000e+01 8.8504867000e+01 1.1468286000e+02 1.1022479000e+02 1.1969864000e+02 1.0022196000e+02 9.7934771000e+01 9.2523881000e+01 1.0553382000e+02 1.1406105000e+02 8.3960815000e+01 7.0997354000e+01 1.0301404000e+02 1.1463840000e+02 1.2391921000e+02 9.5699843000e+01 1.1201818000e+02 1.0213931000e+02 1.0149575000e+02 7.0957596000e+01 1.0168661000e+02 1.0060815000e+02
9.2648561000e+01 1.0395857000e+02 1.5017325000e+02 8.9590211000e+01 7.1719741000e+01 1.1330594000e+02 1.1066615000e+02 1.1982911000e+02 9.8676452000e+01 7.7122612000e+01 7.8857570000e+01 1.0032570000e+02 1.0269413000e+02 7.3480712000e+01 5.6397167000e+01 1.0316607000e+02 1.1117543000e+02 1.2527260000e+02 9.3255472000e+01 1.0991088000e+02 1.0107949000e+02 9.9994907000e+01 5.9964258000e+01 9.3030514000e+01 1.0099543000e+02
9.3526222000e+01 1.0427157000e+02 1.5078072000e+02 9.1904411000e+01 6.9884915000e+01 1.1184166000e+02 1.1105303000e+02 1.2026389000e+02 9.8474606000e+01 7.8538695000e+01 7.6163108000e+01 9.8870860000e+01 1.0244258000e+02 7.1255340000e+01 5.4236981000e+01 1.0387056000e+02 1.1067770000e+02 1.2460630000e+02 7.5111409000e+01 1.0921015000e+02 1.0010449000e+02 9.9138213000e+01 5.6534265000e+01 8.7714906000e+01 1.0137357000e+02
