2.3034249972e+00 2.1801016990e+00 2.1991695992e+00 2.0716014285e+00 2.2520532142e+00 2.1031880573e+00 2.1945070439e+00 2.1570351415e+00 2.1824409463e+00 2.2310888263e+00 2.1838203056e+00 2.1722743915e+00 2.2620663641e+00 1.8057687381e+00 2.1583705044e+00 2.0971792461e+00 2.1523032520e+00 2.1984220080e+00 1.7992232142e+00 1.9767003299e+00 2.1719995459e+00 1.8638937452e+00 2.1950653368e+00 2.1569477334e+00 2.2045834056e+00
9.2020777561e-01 8.7137817329e-01 8.7546852286e-01 8.4353219378e-01 8.4543215175e-01 9.2614903079e-01 9.0692458481e-01 9.5649252816e-01 1.0511507618e+00 9.5577817620e-01 9.3633654296e-01 7.9410455723e-01 1.0128873384e+00 8.2235952469e-01 1.0090280201e+00 9.3442482345e-01 8.9089786127e-01 8.6972761199e-01 8.8072950030e-01 8.3170111556e-01 1.0908214567e+00 9.1955238479e-01 8.8166044983e-01 9.2981899409e-01 9.2350718834e-01
3.2158099892e-01 2.7940212473e-01 3.1241526289e-01 2.5525617638e-01 3.2152316522e-01 2.8194049208e-01 2.5392416579e-01 2.5121680104e-01 3.0805975852e-01 2.8602181765e-01 3.0010946705e-01 2.5395978823e-01 3.3835962767e-01 2.9705998388e-01 3.2607568078e-01 2.5548680199e-01 3.4613152256e-01 2.8450439379e-01 2.7136717743e-01 2.6192804573e-01 3.7844123493e-01 2.7503633846e-01 2.7462298215e-01 3.0995111974e-01 3.2271977214e-01
1.4149258652e-01 1.4247315002e-01 1.0131851393e-01 7.7513687841e-02 1.3445976929e-01 1.5335562096e-01 1.0193275944e-01 9.1338188886e-02 1.0983830511e-01 9.3543536169e-02 8.8641327747e-02 1.2251304976e-01 1.5135226540e-01 1.2961722038e-01 1.2301529226e-01 1.1154727273e-01 1.4895108588e-01 1.3220154437e-01 1.2205744101e-01 7.0009638735e-02 1.1336984588e-01 8.1461776133e-02 8.5179630282e-02 1.3622874555e-01 1.6829859181e-01
9.2741210424e-02 9.5339762257e-02 5.2977689281e-02 3.6860186113e-02 7.6004324406e-02 8.8649839336e-02 4.7835969767e-02 4.4258468443e-02 6.1611761748e-02 5.2984072532e-02 4.3602860635e-02 8.2355084986e-02 1.0505424173e-01 7.9869551784e-02 6.0361581881e-02 5.4926999545e-02 1.0704311690e-01 1.0207179899e-01 8.2348364122e-02 3.7094317515e-02 4.8975136226e-02 5.0500571621e-02 5.0534852827e-02 7.8902923344e-02 1.1948296564e-01
8.8778440785e-02 7.7293143447e-02 4.6722924351e-02 2.4456826552e-02 5.6703182985e-02 6.6378750623e-02 3.5611594472e-02 3.8747398147e-02 3.8452252829e-02 4.2230947220e-02 3.0898007884e-02 4.6351176023e-02 9.5249463907e-02 4.6349966386e-02 4.4267772168e-02 3.2866248484e-02 7.9307761698e-02 7.8668497425e-02 6.5060263030e-02 2.8733303341e-02 2.6296373265e-02 3.7661016244e-02 3.5657109235e-02 5.2870439092e-02 5.6747029694e-02
6.3737301190e-02 6.4656896057e-02 2.2079440430e-02 1.6577222634e-02 2.6313272447e-02 2.8904403739e-02 1.5890681578e-02 1.8361523651e-02 1.9218998166e-02 2.0150315056e-02 1.4515846570e-02 1.7852833583e-02 6.7327643133e-02 2.2524550735e-02 1.9795381470e-02 1.9328437969e-02 3.1477147137e-02 2.6900804615e-02 5.6786686213e-02 1.5871579886e-02 1.4721168080e-02 1.8597007435e-02 1.9371084862e-02 2.0446495638e-02 1.9727536121e-02
3.6928440742e-02 5.8982525493e-02 1.8331616303e-02 1.3600410222e-02 2.1019867095e-02 2.3161593972e-02 1.3834665704e-02 1.5214008276e-02 1.4274258754e-02 1.8337947923e-02 1.1744956274e-02 1.6108787890e-02 6.2883681247e-02 1.8886474143e-02 1.7106105074e-02 1.3984406495e-02 2.4705953068e-02 1.9722166832e-02 5.3890946081e-02 1.1461551853e-02 1.3777836034e-02 1.5217941648e-02 1.8542041213e-02 1.7048277789e-02 1.7343511288e-02
3.1537607475e-02 3.5060703360e-02 1.5932444943e-02 1.0994443684e-02 2.0144558167e-02 2.1427860988e-02 1.2625539497e-02 1.3554668983e-02 1.2750856187e-02 1.5125976446e-02 9.2399250391e-03 1.4773665494e-02 4.2710958144e-02 1.6080016079e-02 1.5703144166e-02 1.1898529675e-02 2.1033314125e-02 1.7138819518e-02 2.9543774199e-02 9.2863019619e-03 1.1167480015e-02 1.4702817192e-02 1.3218828545e-02 1.5329399458e-02 1.5672600597e-02
2.9189891341e-02 3.2101155982e-02 1.4773314724e-02 1.0317522880e-02 1.7274344742e-02 1.8995428828e-02 1.1120273846e-02 1.2073298496e-02 1.1654469351e-02 1.3135868242e-02 7.8760082584e-03 1.3735310980e-02 3.7174255584e-02 1.3818555476e-02 1.4249161934e-02 1.1223966326e-02 1.9003852601e-02 1.5765009733e-02 2.8451827052e-02 8.5449015171e-03 1.0169125549e-02 1.3913526998e-02 1.2164935530e-02 1.4796499625e-02 1.5034891280e-02
