3.4579326000e+03 5.9097653000e+03 3.3985707000e+03 4.9172743000e+03 3.7426100000e+03 3.9928954000e+03 4.1316036000e+03 4.1414885000e+03 3.8351704000e+03 3.6189418000e+03 4.1580584000e+03 6.5673027000e+03 4.3917200000e+03 6.9559206000e+03 3.7784741000e+03 3.3348784000e+03 3.3749569000e+03 4.3272111000e+03 4.6414592000e+03 4.2507874000e+03 5.3673007000e+03 3.5140098000e+03 4.3746518000e+03 3.7135452000e+03 3.4809385000e+03
3.3925389000e+03 3.0529796000e+03 3.1906224000e+03 3.2567633000e+03 4.5096169000e+03 3.8702570000e+03 3.9895125000e+03 3.0569596000e+03 3.3628835000e+03 3.3461749000e+03 3.5296938000e+03 3.7401592000e+03 3.8550537000e+03 4.2159095000e+03 3.0448357000e+03 3.5084460000e+03 2.9387694000e+03 3.0000268000e+03 3.9024734000e+03 3.1337182000e+03 6.1649805000e+03 4.0382194000e+03 3.8502643000e+03 4.0492644000e+03 2.9559845000e+03
3.7713532000e+03 4.3109300000e+03 5.2282979000e+03 4.5083566000e+03 4.2842615000e+03 3.3463822000e+03 3.1785057000e+03 2.8022546000e+03 4.5833447000e+03 3.7517943000e+03 4.5466403000e+03 3.1436236000e+03 5.1986153000e+03 2.8532675000e+03 2.7726457000e+03 3.4574352000e+03 2.5123720000e+03 3.3680108000e+03 5.1213227000e+03 3.8246727000e+03 4.2736380000e+03 4.2340086000e+03 3.3708121000e+03 2.7084163000e+03 2.6553927000e+03
6.8180405000e+03 6.4900483000e+03 6.7276912000e+03 6.7477337000e+03 6.4795855000e+03 6.2668291000e+03 6.4787737000e+03 6.6927269000e+03 6.6053355000e+03 6.6543055000e+03 6.6243989000e+03 6.7460346000e+03 6.8511154000e+03 6.8165444000e+03 6.7436748000e+03 6.5638611000e+03 6.6244842000e+03 6.7060407000e+03 6.9812996000e+03 6.4282726000e+03 6.6767234000e+03 6.4758705000e+03 6.6486202000e+03 6.9238546000e+03 6.7371819000e+03
6.4620198000e+03 6.5185502000e+03 6.5634652000e+03 6.5568815000e+03 6.8880089000e+03 6.6417560000e+03 6.7820771000e+03 6.7123558000e+03 6.8696206000e+03 6.7763356000e+03 6.6511032000e+03 6.8366000000e+03 6.7102077000e+03 6.4345510000e+03 6.7027799000e+03 6.7361309000e+03 6.5113451000e+03 6.6399401000e+03 6.4642679000e+03 6.5627526000e+03 6.6584220000e+03 6.7386733000e+03 6.6742191000e+03 6.9618538000e+03 6.5470642000e+03
6.8933556000e+03 6.5689364000e+03 6.7461539000e+03 6.6238135000e+03 7.0787199000e+03 6.7008360000e+03 6.9886484000e+03 6.7646616000e+03 6.7544567000e+03 6.7245955000e+03 6.6588136000e+03 7.0516193000e+03 6.8043394000e+03 6.5631951000e+03 6.6855192000e+03 6.5906140000e+03 6.8446824000e+03 6.6595247000e+03 6.4861619000e+03 6.7007501000e+03 6.6053528000e+03 6.6553739000e+03 6.5183608000e+03 6.7978745000e+03 6.7668517000e+03
6.9202918000e+03 6.5246157000e+03 6.8118772000e+03 6.5520858000e+03 7.1743578000e+03 6.6551719000e+03 7.0350547000e+03 6.7571814000e+03 6.6424525000e+03 6.7617964000e+03 6.6369138000e+03 7.2521102000e+03 6.8552832000e+03 6.4657406000e+03 6.6084761000e+03 6.6421301000e+03 6.8655638000e+03 6.5389078000e+03 6.3405634000e+03 6.5992210000e+03 6.6210231000e+03 6.6366812000e+03 6.4550312000e+03 6.8843232000e+03 6.7404456000e+03
6.9889809000e+03 6.6289658000e+03 6.7989978000e+03 6.6524643000e+03 7.1465976000e+03 6.6705261000e+03 7.0334544000e+03 6.7541550000e+03 6.6932558000e+03 6.7212282000e+03 6.8252205000e+03 7.3328702000e+03 6.8770634000e+03 6.4676146000e+03 6.6546645000e+03 6.5985846000e+03 6.9695173000e+03 6.5616178000e+03 6.5200276000e+03 6.6089903000e+03 6.6348077000e+03 6.6405249000e+03 6.4666430000e+03 6.9206033000e+03 6.7580150000e+03
6.9700910000e+03 6.7049902000e+03 6.8236743000e+03 6.8210416000e+03 7.1687338000e+03 6.7725153000e+03 6.8151047000e+03 6.7167106000e+03 6.8045647000e+03 6.7198023000e+03 7.0063421000e+03 7.1772312000e+03 6.9627639000e+03 6.5802500000e+03 6.7229710000e+03 6.6595534000e+03 6.8776831000e+03 6.7600759000e+03 6.6945118000e+03 6.7348493000e+03 6.7684901000e+03 6.7208433000e+03 6.4684905000e+03 6.9602585000e+03 6.7157840000e+03
6.7192543000e+03 6.7020737000e+03 6.7137142000e+03 6.7104904000e+03 6.7077330000e+03 6.7633843000e+03 6.7099611000e+03 6.7059974000e+03 6.7170060000e+03 6.7074401000e+03 6.9011101000e+03 6.9224680000e+03 6.7223545000e+03 6.7302811000e+03 6.7058727000e+03 6.7281935000e+03 6.7221586000e+03 6.7048447000e+03 6.7145247000e+03 6.7334921000e+03 6.7326555000e+03 6.7060132000e+03 6.7265449000e+03 6.7070557000e+03 6.6980095000e+03
