2.9648956000e+06 2.9648955000e+06 2.9648966000e+06 2.9648961000e+06 2.9648956000e+06 2.9648957000e+06 2.9648957000e+06 2.9648956000e+06 2.9648960000e+06 2.9648962000e+06 2.9648960000e+06 2.9648957000e+06 2.9648957000e+06 2.9648962000e+06 2.9648957000e+06 2.9648963000e+06 2.9648956000e+06 2.9648955000e+06 2.9648959000e+06 2.9648986000e+06 2.9648960000e+06 2.9648957000e+06 2.9648957000e+06 2.9648970000e+06 2.9648955000e+06
2.9648954000e+06 2.9648954000e+06 2.9648954000e+06 2.9648954000e+06 2.9648954000e+06 2.9648954000e+06 2.9648954000e+06 2.9648954000e+06 2.9648954000e+06 2.9648954000e+06 2.9648954000e+06 2.9648954000e+06 2.9648954000e+06 2.9648954000e+06 2.9648954000e+06 2.9648954000e+06 2.9648954000e+06 2.9648954000e+06 2.9648954000e+06 2.9648954000e+06 2.9648954000e+06 2.9648954000e+06 2.9648954000e+06 2.9648954000e+06 2.9648954000e+06
2.9648954000e+06 2.9648954000e+06 2.9648954000e+06 2.9648954000e+06 2.9648954000e+06 2.9648954000e+06 2.9648954000e+06 2.9648954000e+06 2.9648954000e+06 2.9648954000e+06 2.9648954000e+06 2.9648954000e+06 2.9648954000e+06 2.9648954000e+06 2.9648954000e+06 2.9648954000e+06 2.9648954000e+06 2.9648954000e+06 2.9648954000e+06 2.9648954000e+06 2.9648954000e+06 2.9648954000e+06 2.9648954000e+06 2.9648954000e+06 2.9648954000e+06
2.9648954000e+06 2.9648954000e+06 2.9648954000e+06 2.9648954000e+06 2.9648954000e+06 2.9648954000e+06 2.9648954000e+06 2.9648954000e+06 2.9648954000e+06 2.9648954000e+06 2.9648954000e+06 2.9648954000e+06 2.9648954000e+06 2.9648954000e+06 2.9648954000e+06 2.9648954000e+06 2.9648954000e+06 2.9648954000e+06 2.9648954000e+06 2.9648954000e+06 2.9648954000e+06 2.9648954000e+06 2.9648954000e+06 2.9648954000e+06 2.9648954000e+06
2.9648954000e+06 2.9648954000e+06 2.9648954000e+06 2.9648954000e+06 2.9648954000e+06 2.9648954000e+06 2.9648954000e+06 2.9648954000e+06 2.9648954000e+06 2.9648954000e+06 2.9648954000e+06 2.9648954000e+06 2.9648954000e+06 2.9648954000e+06 2.9648954000e+06 2.9648954000e+06 2.9648954000e+06 2.9648954000e+06 2.9648954000e+06 2.9648954000e+06 2.9648954000e+06 2.9648954000e+06 2.9648954000e+06 2.9648954000e+06 2.9648954000e+06
2.9648954000e+06 2.9648954000e+06 2.9648954000e+06 2.9648954000e+06 2.9648954000e+06 2.9648954000e+06 2.9648954000e+06 2.9648954000e+06 2.9648954000e+06 2.9648954000e+06 2.9648954000e+06 2.9648954000e+06 2.9648954000e+06 2.9648954000e+06 2.9648954000e+06 2.9648954000e+06 2.9648954000e+06 2.9648954000e+06 2.9648954000e+06 2.9648954000e+06 2.9648954000e+06 2.9648954000e+06 2.9648954000e+06 2.9648954000e+06 2.9648954000e+06
2.9648954000e+06 2.9648954000e+06 2.9648954000e+06 2.9648954000e+06 2.9648954000e+06 2.9648954000e+06 2.9648954000e+06 2.9648954000e+06 2.9648954000e+06 2.9648954000e+06 2.9648954000e+06 2.9648954000e+06 2.9648954000e+06 2.9648954000e+06 2.9648954000e+06 2.9648954000e+06 2.9648954000e+06 2.9648954000e+06 2.9648954000e+06 2.9648954000e+06 2.9648954000e+06 2.9648954000e+06 2.9648954000e+06 2.9648954000e+06 2.9648954000e+06
2.9648954000e+06 2.9648954000e+06 2.9648954000e+06 2.9648954000e+06 2.9648954000e+06 2.9648954000e+06 2.9648954000e+06 2.9648954000e+06 2.9648954000e+06 2.9648954000e+06 2.9648954000e+06 2.9648954000e+06 2.9648954000e+06 2.9648954000e+06 2.9648954000e+06 2.9648954000e+06 2.9648954000e+06 2.9648954000e+06 2.9648954000e+06 2.9648954000e+06 2.9648954000e+06 2.9648954000e+06 2.9648954000e+06 2.9648954000e+06 2.9648954000e+06
2.9648954000e+06 2.9648954000e+06 2.9648954000e+06 2.9648954000e+06 2.9648954000e+06 2.9648954000e+06 2.9648954000e+06 2.9648954000e+06 2.9648954000e+06 2.9648954000e+06 2.9648954000e+06 2.9648954000e+06 2.9648954000e+06 2.9648954000e+06 2.9648954000e+06 2.9648954000e+06 2.9648954000e+06 2.9648954000e+06 2.9648954000e+06 2.9648954000e+06 2.9648954000e+06 2.9648954000e+06 2.9648954000e+06 2.9648954000e+06 2.9648954000e+06
2.9648954000e+06 2.9648954000e+06 2.9648954000e+06 2.9648954000e+06 2.9648954000e+06 2.9648954000e+06 2.9648954000e+06 2.9648954000e+06 2.9648954000e+06 2.9648954000e+06 2.9648954000e+06 2.9648954000e+06 2.9648954000e+06 2.9648954000e+06 2.9648954000e+06 2.9648954000e+06 2.9648954000e+06 2.9648954000e+06 2.9648954000e+06 2.9648954000e+06 2.9648954000e+06 2.9648954000e+06 2.9648954000e+06 2.9648954000e+06 2.9648954000e+06
