6.3510915000e+03 7.2482810000e+03 5.4611836000e+03 4.4022052000e+03 4.2575553000e+03 4.4463290000e+03 5.7946813000e+03 5.4085793000e+03 5.8089491000e+03 4.6764863000e+03 5.5193588000e+03 6.5497583000e+03 4.6897356000e+03 5.8536095000e+03 5.4136555000e+03 4.5458163000e+03 5.1101036000e+03 4.4733605000e+03 6.1631081000e+03 6.1313845000e+03 6.7139143000e+03 5.4550347000e+03 4.6487338000e+03 4.4588536000e+03 5.3313540000e+03
4.2300511000e+03 4.2372191000e+03 4.8106868000e+03 4.4063632000e+03 4.5612366000e+03 4.1893110000e+03 4.6727947000e+03 4.4761836000e+03 4.1964776000e+03 4.5256532000e+03 4.2161820000e+03 4.2547643000e+03 4.5404478000e+03 4.2518900000e+03 4.3353817000e+03 4.6340322000e+03 4.5287614000e+03 4.4244424000e+03 4.1478370000e+03 4.3513694000e+03 4.5749734000e+03 4.2084820000e+03 4.3595550000e+03 4.1733240000e+03 4.7063339000e+03
4.2053688000e+03 4.2560511000e+03 4.1261532000e+03 4.1716891000e+03 4.1864515000e+03 4.2244233000e+03 4.1027662000e+03 4.1738140000e+03 4.2615493000e+03 4.1662630000e+03 4.2558819000e+03 4.2908391000e+03 4.2932973000e+03 4.1967568000e+03 4.1913969000e+03 4.2547331000e+03 4.2314126000e+03 4.1551256000e+03 4.2374125000e+03 4.1605833000e+03 4.1310387000e+03 4.1402012000e+03 4.2091549000e+03 4.1739362000e+03 4.1367891000e+03
4.2199275000e+03 4.3345333000e+03 4.2629971000e+03 4.1864682000e+03 4.1882081000e+03 4.1891217000e+03 4.1484277000e+03 4.1921053000e+03 4.2615493000e+03 4.1526414000e+03 4.1606322000e+03 4.2216335000e+03 4.2932973000e+03 4.2743407000e+03 4.2533942000e+03 4.1401901000e+03 4.2876801000e+03 4.1551256000e+03 4.2692212000e+03 4.1516973000e+03 4.1585487000e+03 4.1797837000e+03 4.2754666000e+03 4.1214537000e+03 4.2153573000e+03
4.2199275000e+03 4.3345333000e+03 4.3086325000e+03 4.2832585000e+03 4.3230436000e+03 4.3006414000e+03 4.2323536000e+03 4.2018281000e+03 4.2403913000e+03 4.1714183000e+03 4.2532812000e+03 4.2447036000e+03 4.2457989000e+03 4.3030276000e+03 4.1896055000e+03 4.2513310000e+03 4.3338708000e+03 4.2999445000e+03 4.2874706000e+03 4.3034702000e+03 4.1797908000e+03 4.1797837000e+03 4.2754666000e+03 4.3125367000e+03 4.3919501000e+03
4.2199275000e+03 4.3345333000e+03 4.3504638000e+03 4.2926939000e+03 4.3587876000e+03 4.2864790000e+03 4.3327941000e+03 4.2568839000e+03 4.2403913000e+03 4.1714183000e+03 4.2532812000e+03 4.2447036000e+03 4.2143958000e+03 4.3334343000e+03 4.1896055000e+03 4.2635577000e+03 4.3338708000e+03 4.2999445000e+03 4.1913031000e+03 4.3034702000e+03 4.2355519000e+03 4.3011373000e+03 4.2793837000e+03 4.2379881000e+03 4.2149548000e+03
4.5471245000e+03 4.5421820000e+03 4.5406160000e+03 4.5344384000e+03 4.5480449000e+03 4.5542633000e+03 4.5770534000e+03 4.5444375000e+03 4.5488340000e+03 4.5378417000e+03 4.5619280000e+03 4.5537425000e+03 4.5447602000e+03 4.5459741000e+03 4.5507054000e+03 4.5523950000e+03 4.5381347000e+03 4.5734253000e+03 4.5416466000e+03 4.5393117000e+03 4.5413745000e+03 4.5356515000e+03 4.5455641000e+03 4.5425847000e+03 4.5465600000e+03
4.5633278000e+03 4.5556141000e+03 4.5575597000e+03 4.5497886000e+03 4.5504425000e+03 4.5509359000e+03 4.5508937000e+03 4.5764847000e+03 4.5515683000e+03 4.5489191000e+03 4.5508856000e+03 4.5844748000e+03 4.5509863000e+03 4.5491034000e+03 4.5608131000e+03 4.5509144000e+03 4.5579361000e+03 4.5867409000e+03 4.5513374000e+03 4.5502063000e+03 4.5715769000e+03 4.5502991000e+03 4.5508602000e+03 4.5536110000e+03 4.5508600000e+03
4.5509027000e+03 4.5509091000e+03 4.5509149000e+03 4.5510451000e+03 4.5509483000e+03 4.5509230000e+03 4.5508872000e+03 4.5509271000e+03 4.5509003000e+03 4.5509529000e+03 4.5509628000e+03 4.5509126000e+03 4.5509492000e+03 4.5512478000e+03 4.5509227000e+03 4.5509514000e+03 4.5508938000e+03 4.5503868000e+03 4.5509518000e+03 4.5509168000e+03 4.5509216000e+03 4.5509394000e+03 4.5509084000e+03 4.5509157000e+03 4.5509551000e+03
4.5509087000e+03 4.5509086000e+03 4.5509140000e+03 4.5510482000e+03 4.5509395000e+03 4.5509198000e+03 4.5508930000e+03 4.5509358000e+03 4.5508960000e+03 4.5509680000e+03 4.5509556000e+03 4.5509133000e+03 4.5509670000e+03 4.5512372000e+03 4.5509384000e+03 4.5509651000e+03 4.5509053000e+03 4.5509041000e+03 4.5509340000e+03 4.5509176000e+03 4.5509580000e+03 4.5509382000e+03 4.5509083000e+03 4.5509086000e+03 4.5509456000e+03
