3.7902132000e+00 3.5226371000e+00 2.9545454000e+00 3.8178560000e+00 3.5157759000e+00 3.5226316000e+00 4.0948187000e+00 3.3797413000e+00 3.3092579000e+00 2.9576636000e+00 3.8755562000e+00 2.9387791000e+00 3.8378814000e+00 3.8881675000e+00 3.4951837000e+00 3.9059348000e+00 3.7430099000e+00 3.5639469000e+00 3.7212570000e+00 2.8980547000e+00 3.1415841000e+00 3.9183750000e+00 3.9242844000e+00 3.2247444000e+00 3.5675448000e+00
2.7236123000e+00 2.6293093000e+00 2.6555187000e+00 2.6737156000e+00 2.6638077000e+00 2.6681536000e+00 2.7585899000e+00 2.6381835000e+00 2.5935357000e+00 2.5778125000e+00 2.7642264000e+00 2.5727120000e+00 2.6459560000e+00 2.6800486000e+00 2.6246149000e+00 2.5969228000e+00 2.6849934000e+00 2.6811985000e+00 2.6556294000e+00 2.5983713000e+00 2.6122365000e+00 2.6723535000e+00 2.6064825000e+00 2.6505620000e+00 2.6092078000e+00
2.5480856000e+00 2.5456149000e+00 2.5457565000e+00 2.5475262000e+00 2.5470923000e+00 2.5524454000e+00 2.5553702000e+00 2.5474829000e+00 2.5451352000e+00 2.5442959000e+00 2.5528010000e+00 2.5452521000e+00 2.5462464000e+00 2.5460661000e+00 2.5458883000e+00 2.5451215000e+00 2.5462080000e+00 2.5460140000e+00 2.5466906000e+00 2.5449184000e+00 2.5464084000e+00 2.5522595000e+00 2.5487119000e+00 2.5474542000e+00 2.5463833000e+00
2.5437986000e+00 2.5437949000e+00 2.5437978000e+00 2.5437911000e+00 2.5438020000e+00 2.5438525000e+00 2.5438391000e+00 2.5438188000e+00 2.5437944000e+00 2.5437879000e+00 2.5438497000e+00 2.5437972000e+00 2.5438111000e+00 2.5437932000e+00 2.5437946000e+00 2.5437923000e+00 2.5438114000e+00 2.5438065000e+00 2.5438024000e+00 2.5437968000e+00 2.5438020000e+00 2.5438622000e+00 2.5438127000e+00 2.5438139000e+00 2.5437993000e+00
2.5437856000e+00 2.5437856000e+00 2.5437856000e+00 2.5437856000e+00 2.5437856000e+00 2.5437857000e+00 2.5437857000e+00 2.5437856000e+00 2.5437856000e+00 2.5437856000e+00 2.5437857000e+00 2.5437856000e+00 2.5437856000e+00 2.5437856000e+00 2.5437856000e+00 2.5437856000e+00 2.5437856000e+00 2.5437856000e+00 2.5437856000e+00 2.5437856000e+00 2.5437856000e+00 2.5437857000e+00 2.5437856000e+00 2.5437856000e+00 2.5437856000e+00
2.5437856000e+00 2.5437856000e+00 2.5437856000e+00 2.5437856000e+00 2.5437856000e+00 2.5437856000e+00 2.5437856000e+00 2.5437856000e+00 2.5437856000e+00 2.5437856000e+00 2.5437856000e+00 2.5437856000e+00 2.5437856000e+00 2.5437856000e+00 2.5437856000e+00 2.5437856000e+00 2.5437856000e+00 2.5437856000e+00 2.5437856000e+00 2.5437856000e+00 2.5437856000e+00 2.5437856000e+00 2.5437856000e+00 2.5437856000e+00 2.5437856000e+00
2.5437856000e+00 2.5437856000e+00 2.5437856000e+00 2.5437856000e+00 2.5437856000e+00 2.5437856000e+00 2.5437856000e+00 2.5437856000e+00 2.5437856000e+00 2.5437856000e+00 2.5437856000e+00 2.5437856000e+00 2.5437856000e+00 2.5437856000e+00 2.5437856000e+00 2.5437856000e+00 2.5437856000e+00 2.5437856000e+00 2.5437856000e+00 2.5437856000e+00 2.5437856000e+00 2.5437856000e+00 2.5437856000e+00 2.5437856000e+00 2.5437856000e+00
2.5437856000e+00 2.5437856000e+00 2.5437856000e+00 2.5437856000e+00 2.5437856000e+00 2.5437856000e+00 2.5437856000e+00 2.5437856000e+00 2.5437856000e+00 2.5437856000e+00 2.5437856000e+00 2.5437856000e+00 2.5437856000e+00 2.5437856000e+00 2.5437856000e+00 2.5437856000e+00 2.5437856000e+00 2.5437856000e+00 2.5437856000e+00 2.5437856000e+00 2.5437856000e+00 2.5437856000e+00 2.5437856000e+00 2.5437856000e+00 2.5437856000e+00
2.5437856000e+00 2.5437856000e+00 2.5437856000e+00 2.5437856000e+00 2.5437856000e+00 2.5437856000e+00 2.5437856000e+00 2.5437856000e+00 2.5437856000e+00 2.5437856000e+00 2.5437856000e+00 2.5437856000e+00 2.5437856000e+00 2.5437856000e+00 2.5437856000e+00 2.5437856000e+00 2.5437856000e+00 2.5437856000e+00 2.5437856000e+00 2.5437856000e+00 2.5437856000e+00 2.5437856000e+00 2.5437856000e+00 2.5437856000e+00 2.5437856000e+00
2.5437856000e+00 2.5437856000e+00 2.5437856000e+00 2.5437856000e+00 2.5437856000e+00 2.5437856000e+00 2.5437856000e+00 2.5437856000e+00 2.5437856000e+00 2.5437856000e+00 2.5437856000e+00 2.5437856000e+00 2.5437856000e+00 2.5437856000e+00 2.5437856000e+00 2.5437856000e+00 2.5437856000e+00 2.5437856000e+00 2.5437856000e+00 2.5437856000e+00 2.5437856000e+00 2.5437856000e+00 2.5437856000e+00 2.5437856000e+00 2.5437856000e+00
