6.7740604000e-02 5.5224472000e-02 6.7726066000e-02 4.6226556000e-02 6.5000824000e-02 5.9864177000e-02 5.6986282000e-02 6.9115763000e-02 6.7485535000e-02 5.6843260000e-02 6.2911851000e-02 5.1539292000e-02 5.8043138000e-02 5.3656156000e-02 6.5546637000e-02 6.0003631000e-02 6.3751762000e-02 7.0911132000e-02 7.3243926000e-02 6.0432307000e-02 6.2447300000e-02 7.7896794000e-02 5.3532464000e-02 5.1486795000e-02 7.4221615000e-02
3.4551991000e-02 3.2846305000e-02 3.5828165000e-02 3.3593882000e-02 3.4529880000e-02 3.3506680000e-02 3.3491637000e-02 3.4107837000e-02 3.3492588000e-02 3.4629265000e-02 3.3260987000e-02 3.3057725000e-02 3.3245974000e-02 3.3225480000e-02 3.4367552000e-02 3.3701221000e-02 3.2931405000e-02 3.7554007000e-02 3.3495691000e-02 3.4644137000e-02 3.3430452000e-02 3.4461565000e-02 3.2879468000e-02 3.2773978000e-02 3.3382569000e-02
3.2256675000e-02 3.2220271000e-02 3.2309165000e-02 3.2234371000e-02 3.2277736000e-02 3.2234570000e-02 3.2258465000e-02 3.2245970000e-02 3.2234581000e-02 3.2260234000e-02 3.2231885000e-02 3.2228587000e-02 3.2232467000e-02 3.2230644000e-02 3.2238265000e-02 3.2257767000e-02 3.2231276000e-02 3.2342337000e-02 3.2232572000e-02 3.2274019000e-02 3.2244561000e-02 3.2275650000e-02 3.2225493000e-02 3.2219453000e-02 3.2236367000e-02
3.2213762000e-02 3.2213090000e-02 3.2214143000e-02 3.2213225000e-02 3.2213650000e-02 3.2213345000e-02 3.2213280000e-02 3.2213321000e-02 3.2213272000e-02 3.2213635000e-02 3.2213257000e-02 3.2213239000e-02 3.2213202000e-02 3.2213255000e-02 3.2213298000e-02 3.2213423000e-02 3.2213218000e-02 3.2214373000e-02 3.2213227000e-02 3.2213860000e-02 3.2213484000e-02 3.2213538000e-02 3.2213108000e-02 3.2213072000e-02 3.2213452000e-02
3.2213003000e-02 3.2213001000e-02 3.2213011000e-02 3.2213004000e-02 3.2213004000e-02 3.2213003000e-02 3.2213003000e-02 3.2213003000e-02 3.2213003000e-02 3.2213004000e-02 3.2213003000e-02 3.2213002000e-02 3.2213002000e-02 3.2213002000e-02 3.2213002000e-02 3.2213003000e-02 3.2213002000e-02 3.2213006000e-02 3.2213002000e-02 3.2213006000e-02 3.2213004000e-02 3.2213004000e-02 3.2213002000e-02 3.2213001000e-02 3.2213003000e-02
3.2213001000e-02 3.2213001000e-02 3.2213001000e-02 3.2213001000e-02 3.2213001000e-02 3.2213001000e-02 3.2213001000e-02 3.2213001000e-02 3.2213001000e-02 3.2213001000e-02 3.2213001000e-02 3.2213001000e-02 3.2213001000e-02 3.2213001000e-02 3.2213001000e-02 3.2213001000e-02 3.2213001000e-02 3.2213001000e-02 3.2213001000e-02 3.2213001000e-02 3.2213001000e-02 3.2213001000e-02 3.2213001000e-02 3.2213001000e-02 3.2213001000e-02
3.2213001000e-02 3.2213001000e-02 3.2213001000e-02 3.2213001000e-02 3.2213001000e-02 3.2213001000e-02 3.2213001000e-02 3.2213001000e-02 3.2213001000e-02 3.2213001000e-02 3.2213001000e-02 3.2213001000e-02 3.2213001000e-02 3.2213001000e-02 3.2213001000e-02 3.2213001000e-02 3.2213001000e-02 3.2213001000e-02 3.2213001000e-02 3.2213001000e-02 3.2213001000e-02 3.2213001000e-02 3.2213001000e-02 3.2213001000e-02 3.2213001000e-02
3.2213001000e-02 3.2213001000e-02 3.2213001000e-02 3.2213001000e-02 3.2213001000e-02 3.2213001000e-02 3.2213001000e-02 3.2213001000e-02 3.2213001000e-02 3.2213001000e-02 3.2213001000e-02 3.2213001000e-02 3.2213001000e-02 3.2213001000e-02 3.2213001000e-02 3.2213001000e-02 3.2213001000e-02 3.2213001000e-02 3.2213001000e-02 3.2213001000e-02 3.2213001000e-02 3.2213001000e-02 3.2213001000e-02 3.2213001000e-02 3.2213001000e-02
3.2213001000e-02 3.2213001000e-02 3.2213001000e-02 3.2213001000e-02 3.2213001000e-02 3.2213001000e-02 3.2213001000e-02 3.2213001000e-02 3.2213001000e-02 3.2213001000e-02 3.2213001000e-02 3.2213001000e-02 3.2213001000e-02 3.2213001000e-02 3.2213001000e-02 3.2213001000e-02 3.2213001000e-02 3.2213001000e-02 3.2213001000e-02 3.2213001000e-02 3.2213001000e-02 3.2213001000e-02 3.2213001000e-02 3.2213001000e-02 3.2213001000e-02
3.2213001000e-02 3.2213001000e-02 3.2213001000e-02 3.2213001000e-02 3.2213001000e-02 3.2213001000e-02 3.2213001000e-02 3.2213001000e-02 3.2213001000e-02 3.2213001000e-02 3.2213001000e-02 3.2213001000e-02 3.2213001000e-02 3.2213001000e-02 3.2213001000e-02 3.2213001000e-02 3.2213001000e-02 3.2213001000e-02 3.2213001000e-02 3.2213001000e-02 3.2213001000e-02 3.2213001000e-02 3.2213001000e-02 3.2213001000e-02 3.2213001000e-02
