1.5032095625e-01 9.1838322873e-02 1.2768830407e-01 1.1336345960e-01 1.6306689263e-01 1.3275975013e-01 1.6024440533e-01 1.3743691173e-01 1.5764075946e-01 1.3436744000e-01 1.1517203427e-01 9.6766076913e-02 1.3112548273e-01 1.6349186260e-01 1.4555537147e-01 1.5662254459e-01 1.1063155120e-01 1.6399977193e-01 1.4330665960e-01 1.1361462983e-01 1.5096921499e-01 1.6070924667e-01 1.7147253561e-01 1.5726884000e-01 1.5126809667e-01
4.7322586940e-02 4.1024800153e-02 4.3558468500e-02 4.1689489800e-02 3.8482151200e-02 3.7279797667e-02 4.6433685187e-02 4.0301759000e-02 3.9883022667e-02 3.8019273011e-02 4.5969068627e-02 3.7809869600e-02 4.2614358580e-02 4.4255277660e-02 4.3480898267e-02 3.7660700067e-02 3.9155060113e-02 4.6151067460e-02 3.4886973467e-02 4.0164540400e-02 4.0030763667e-02 4.7632344973e-02 3.8711821507e-02 4.0486909533e-02 3.2303971340e-02
2.9588029667e-02 2.7873892467e-02 3.2952976967e-02 2.8428746800e-02 2.8302444200e-02 3.0772043867e-02 2.8930906098e-02 3.1022346873e-02 2.6463290593e-02 2.8341203967e-02 3.1831897400e-02 2.5342813593e-02 2.3549803373e-02 3.1101276920e-02 2.8205491147e-02 3.0241146467e-02 2.9467157500e-02 3.2134668713e-02 2.6459503267e-02 3.0429401033e-02 2.5579862327e-02 2.9550849733e-02 2.5892077760e-02 2.9451554903e-02 2.8093806587e-02
2.0008896773e-02 1.6162530707e-02 2.0124855000e-02 2.0296245800e-02 1.8739525300e-02 1.8264806400e-02 2.2730104553e-02 1.9437520873e-02 1.9384522433e-02 2.3426333807e-02 1.8667679914e-02 1.9638446360e-02 1.9295077067e-02 2.6454679787e-02 2.0096356229e-02 2.1607276500e-02 1.8739555600e-02 2.2837493527e-02 1.4329225800e-02 2.1290627000e-02 1.9570999773e-02 2.2882690640e-02 2.0021469927e-02 2.0779670333e-02 2.0960399827e-02
1.6419655133e-02 1.4894016533e-02 1.2720443813e-02 1.4541213160e-02 1.3534271267e-02 1.3875034647e-02 1.7684012307e-02 1.2733664267e-02 1.4238571533e-02 1.8680925587e-02 1.2943669307e-02 1.2222565267e-02 1.6257927333e-02 1.3497959800e-02 1.2668650800e-02 1.6529671813e-02 1.4142491617e-02 1.2792586260e-02 1.3130945467e-02 1.6233791120e-02 1.1887736967e-02 1.4557398800e-02 1.4463849213e-02 1.5385733267e-02 1.1691655420e-02
1.0891474867e-02 1.1534691653e-02 8.2530219333e-03 1.1188544333e-02 7.7889065667e-03 1.3875034647e-02 1.0225107553e-02 7.7308499133e-03 1.0706989933e-02 9.3793000400e-03 1.1535269133e-02 8.5752803667e-03 1.2587728133e-02 8.2684358667e-03 1.1620255840e-02 1.2231601533e-02 9.7363278200e-03 9.3453402027e-03 1.1316723733e-02 1.3304319084e-02 1.1132142633e-02 8.9056241333e-03 9.8763732667e-03 1.1432882000e-02 8.8624447967e-03
0.0000000000e+00 0.0000000000e+00 0.0000000000e+00 5.3667376667e-05 0.0000000000e+00 0.0000000000e+00 0.0000000000e+00 0.0000000000e+00 0.0000000000e+00 0.0000000000e+00 0.0000000000e+00 0.0000000000e+00 0.0000000000e+00 0.0000000000e+00 0.0000000000e+00 0.0000000000e+00 0.0000000000e+00 0.0000000000e+00 0.0000000000e+00 0.0000000000e+00 0.0000000000e+00 0.0000000000e+00 0.0000000000e+00 5.1582300667e-05 0.0000000000e+00
0.0000000000e+00 0.0000000000e+00 0.0000000000e+00 0.0000000000e+00 0.0000000000e+00 0.0000000000e+00 0.0000000000e+00 0.0000000000e+00 0.0000000000e+00 0.0000000000e+00 0.0000000000e+00 0.0000000000e+00 0.0000000000e+00 0.0000000000e+00 0.0000000000e+00 0.0000000000e+00 0.0000000000e+00 0.0000000000e+00 0.0000000000e+00 0.0000000000e+00 0.0000000000e+00 0.0000000000e+00 0.0000000000e+00 0.0000000000e+00 0.0000000000e+00
0.0000000000e+00 0.0000000000e+00 0.0000000000e+00 0.0000000000e+00 0.0000000000e+00 0.0000000000e+00 0.0000000000e+00 0.0000000000e+00 0.0000000000e+00 0.0000000000e+00 0.0000000000e+00 0.0000000000e+00 0.0000000000e+00 0.0000000000e+00 0.0000000000e+00 0.0000000000e+00 0.0000000000e+00 0.0000000000e+00 0.0000000000e+00 0.0000000000e+00 0.0000000000e+00 0.0000000000e+00 0.0000000000e+00 0.0000000000e+00 0.0000000000e+00
0.0000000000e+00 0.0000000000e+00 0.0000000000e+00 0.0000000000e+00 0.0000000000e+00 0.0000000000e+00 0.0000000000e+00 0.0000000000e+00 0.0000000000e+00 0.0000000000e+00 0.0000000000e+00 0.0000000000e+00 0.0000000000e+00 0.0000000000e+00 0.0000000000e+00 0.0000000000e+00 0.0000000000e+00 0.0000000000e+00 0.0000000000e+00 0.0000000000e+00 0.0000000000e+00 0.0000000000e+00 0.0000000000e+00 0.0000000000e+00 0.0000000000e+00
