2.2940258000e-01 1.4713117000e+00 4.2453449000e-01 5.7111475000e-01 8.8358928000e-01 1.1992400000e+00 8.0648962000e-01 3.9759816000e-01 7.8433616000e-01 8.4423157000e-01 4.4467416000e-01 6.9995288000e-01 4.4112303000e-01 1.5690830000e-01 5.5879822000e-01 6.7899700000e-01 6.0523811000e-01 8.2057407000e-01 7.3835422000e-01 3.9545091000e-01 6.7469114000e-01 1.0504739000e+00 6.8139036000e-01 8.6169568000e-01 1.3689839000e+00
8.5341346000e-01 6.4681642000e-01 6.8009723000e-01 8.0643066000e-01 6.2635671000e-01 4.3063823000e-01 5.3879234000e-01 7.2313790000e-01 9.0782698000e-01 9.7261217000e-01 8.5823442000e-01 6.4235217000e-01 1.1782596000e+00 9.7112893000e-01 9.5854687000e-01 8.5990432000e-01 8.5146268000e-01 1.2911470000e+00 1.0589755000e+00 1.1986797000e+00 4.9973437000e-01 9.2465867000e-01 1.0171504000e+00 9.7958427000e-01 8.7638516000e-01
6.4000663000e-01 3.0854217000e-01 3.2182535000e-01 3.8053798000e-01 1.8132075000e-01 3.6958967000e-01 2.1780720000e-01 4.0065431000e-01 3.2426176000e-01 3.2766349000e-01 4.1039773000e-01 3.9052773000e-01 4.3803534000e-01 3.9786781000e-01 3.6190938000e-01 3.2870932000e-01 9.0817805000e-01 6.1795417000e-01 1.6071273000e-01 4.2838665000e-01 2.9180497000e-01 3.5758913000e-01 6.1552560000e-01 4.9251214000e-01 3.8613123000e-01
2.1457487000e-01 8.7112560000e-02 1.5136117000e-01 1.1180479000e-01 8.7432417000e-02 2.0058917000e-01 1.0180635000e-01 1.8687676000e-01 9.4843486000e-02 9.3404299000e-02 1.0389302000e-01 1.7267922000e-01 2.5303684000e-01 1.2339470000e-01 1.3132200000e-01 1.1922135000e-01 1.5675711000e-01 2.1002629000e-01 7.9030809000e-02 1.1120626000e-01 1.5990564000e-01 1.0243498000e-01 2.4891764000e-01 9.4684405000e-02 1.6359459000e-01
1.1438869000e-01 4.1425877000e-02 7.5251079000e-02 6.1098759000e-02 5.0963812000e-02 1.0213909000e-01 4.1499220000e-02 8.8751377000e-02 5.2721614000e-02 5.5887018000e-02 6.4008281000e-02 7.6217942000e-02 1.7889381000e-01 6.2343686000e-02 9.3212053000e-02 5.9925172000e-02 6.0569341000e-02 1.1690003000e-01 4.5910232000e-02 4.8530747000e-02 1.0078897000e-01 6.2030031000e-02 1.1154923000e-01 5.0918096000e-02 6.4244511000e-02
4.2770429000e-02 2.8024490000e-02 4.3861174000e-02 3.4338940000e-02 2.4088926000e-02 4.6886495000e-02 2.6570949000e-02 3.3489371000e-02 2.9356950000e-02 2.5813599000e-02 2.6328291000e-02 3.3312250000e-02 6.5802689000e-02 3.2031508000e-02 4.2135128000e-02 2.4431001000e-02 3.0873172000e-02 5.1700400000e-02 2.5520048000e-02 2.8078376000e-02 4.8079225000e-02 2.6406178000e-02 4.7618112000e-02 2.7513914000e-02 2.7296803000e-02
2.7329460000e-02 2.3313661000e-02 3.7272468000e-02 2.7213036000e-02 1.7907329000e-02 3.6577673000e-02 2.4835003000e-02 2.4262442000e-02 2.6372487000e-02 2.1154636000e-02 1.9028277000e-02 2.5965673000e-02 3.4103620000e-02 2.7003878000e-02 3.2743034000e-02 2.0871111000e-02 2.1514131000e-02 3.6057478000e-02 2.1905120000e-02 2.3978106000e-02 3.2985311000e-02 1.9531417000e-02 3.4898670000e-02 2.4238241000e-02 2.3854254000e-02
2.4969059000e-02 2.1867695000e-02 2.7158492000e-02 2.3257583000e-02 1.6978597000e-02 2.9544597000e-02 2.4367609000e-02 2.1393379000e-02 2.3836966000e-02 2.0047417000e-02 1.8721904000e-02 2.2297707000e-02 2.7199183000e-02 2.4212132000e-02 3.0473687000e-02 2.0334893000e-02 1.9393305000e-02 3.2945713000e-02 2.1260789000e-02 1.9532421000e-02 2.9157662000e-02 1.7805381000e-02 3.3038676000e-02 2.3692378000e-02 2.2135134000e-02
2.2797150000e-02 2.1748312000e-02 2.5329473000e-02 2.0735248000e-02 1.6827773000e-02 2.5925207000e-02 2.4353443000e-02 2.0057473000e-02 2.0576151000e-02 1.9777280000e-02 1.8011971000e-02 1.9714154000e-02 2.6552576000e-02 2.3003497000e-02 2.5495142000e-02 1.9931594000e-02 1.9132606000e-02 3.1488711000e-02 2.1149587000e-02 1.7721591000e-02 2.8124883000e-02 1.6967787000e-02 3.1271984000e-02 2.3590819000e-02 2.0306555000e-02
2.2506618000e-02 2.1056664000e-02 2.3554319000e-02 1.9178802000e-02 1.6827348000e-02 2.4740835000e-02 2.4351260000e-02 1.9637185000e-02 2.0211208000e-02 1.9770085000e-02 1.7680310000e-02 1.7581105000e-02 2.6487739000e-02 2.1659853000e-02 2.3849913000e-02 1.9792212000e-02 1.8877285000e-02 3.1407578000e-02 2.1146384000e-02 1.7414754000e-02 2.7953593000e-02 1.6953680000e-02 3.0908410000e-02 2.3582240000e-02 1.9768027000e-02
