7.0831000000e+04 6.9754838000e+04 7.3838243000e+04 7.3505643000e+04 7.0096644000e+04 7.1328502000e+04 6.7556027000e+04 7.0404500000e+04 7.1240547000e+04 6.8914427000e+04 6.9653573000e+04 6.6749843000e+04 7.2163320000e+04 6.3819678000e+04 6.8823730000e+04 7.0035194000e+04 7.0271987000e+04 6.9919717000e+04 7.3089367000e+04 7.2162522000e+04 6.7232848000e+04 6.8522658000e+04 7.1935102000e+04 6.7667238000e+04 7.2750244000e+04
5.8955008000e+04 5.8874747000e+04 5.9388940000e+04 5.8888637000e+04 5.9417469000e+04 5.9178322000e+04 5.9012888000e+04 5.9039737000e+04 5.9033277000e+04 5.9259121000e+04 5.9285422000e+04 5.9019669000e+04 5.9273209000e+04 5.9034124000e+04 5.8879473000e+04 5.9235677000e+04 5.9295758000e+04 5.9031691000e+04 5.9197294000e+04 5.9104316000e+04 5.9008447000e+04 5.8914695000e+04 5.8900501000e+04 5.8787903000e+04 5.8990047000e+04
5.8518263000e+04 5.8520128000e+04 5.8530169000e+04 5.8524426000e+04 5.8524247000e+04 5.8523100000e+04 5.8520234000e+04 5.8519734000e+04 5.8521417000e+04 5.8543208000e+04 5.8523239000e+04 5.8522618000e+04 5.8524867000e+04 5.8524636000e+04 5.8515678000e+04 5.8530607000e+04 5.8525140000e+04 5.8525823000e+04 5.8524393000e+04 5.8523741000e+04 5.8523965000e+04 5.8522216000e+04 5.8522031000e+04 5.8525373000e+04 5.8519994000e+04
5.8505731000e+04 5.8505697000e+04 5.8506199000e+04 5.8506000000e+04 5.8505925000e+04 5.8505984000e+04 5.8505885000e+04 5.8506057000e+04 5.8505680000e+04 5.8505945000e+04 5.8505715000e+04 5.8505920000e+04 5.8505872000e+04 5.8505786000e+04 5.8505662000e+04 5.8506175000e+04 5.8506043000e+04 5.8505823000e+04 5.8506215000e+04 5.8505767000e+04 5.8505882000e+04 5.8505644000e+04 5.8505896000e+04 5.8505756000e+04 5.8505656000e+04
5.8505457000e+04 5.8505453000e+04 5.8505457000e+04 5.8505456000e+04 5.8505455000e+04 5.8505457000e+04 5.8505454000e+04 5.8505455000e+04 5.8505453000e+04 5.8505460000e+04 5.8505453000e+04 5.8505458000e+04 5.8505456000e+04 5.8505454000e+04 5.8505453000e+04 5.8505458000e+04 5.8505459000e+04 5.8505454000e+04 5.8505461000e+04 5.8505457000e+04 5.8505455000e+04 5.8505456000e+04 5.8505456000e+04 5.8505455000e+04 5.8505454000e+04
5.8505450000e+04 5.8505450000e+04 5.8505450000e+04 5.8505450000e+04 5.8505450000e+04 5.8505450000e+04 5.8505450000e+04 5.8505450000e+04 5.8505450000e+04 5.8505450000e+04 5.8505450000e+04 5.8505450000e+04 5.8505450000e+04 5.8505450000e+04 5.8505450000e+04 5.8505450000e+04 5.8505450000e+04 5.8505450000e+04 5.8505450000e+04 5.8505450000e+04 5.8505450000e+04 5.8505450000e+04 5.8505450000e+04 5.8505450000e+04 5.8505450000e+04
5.8505450000e+04 5.8505450000e+04 5.8505450000e+04 5.8505450000e+04 5.8505450000e+04 5.8505450000e+04 5.8505450000e+04 5.8505450000e+04 5.8505450000e+04 5.8505450000e+04 5.8505450000e+04 5.8505450000e+04 5.8505450000e+04 5.8505450000e+04 5.8505450000e+04 5.8505450000e+04 5.8505450000e+04 5.8505450000e+04 5.8505450000e+04 5.8505450000e+04 5.8505450000e+04 5.8505450000e+04 5.8505450000e+04 5.8505450000e+04 5.8505450000e+04
5.8505450000e+04 5.8505450000e+04 5.8505450000e+04 5.8505450000e+04 5.8505450000e+04 5.8505450000e+04 5.8505450000e+04 5.8505450000e+04 5.8505450000e+04 5.8505450000e+04 5.8505450000e+04 5.8505450000e+04 5.8505450000e+04 5.8505450000e+04 5.8505450000e+04 5.8505450000e+04 5.8505450000e+04 5.8505450000e+04 5.8505450000e+04 5.8505450000e+04 5.8505450000e+04 5.8505450000e+04 5.8505450000e+04 5.8505450000e+04 5.8505450000e+04
5.8505450000e+04 5.8505450000e+04 5.8505450000e+04 5.8505450000e+04 5.8505450000e+04 5.8505450000e+04 5.8505450000e+04 5.8505450000e+04 5.8505450000e+04 5.8505450000e+04 5.8505450000e+04 5.8505450000e+04 5.8505450000e+04 5.8505450000e+04 5.8505450000e+04 5.8505450000e+04 5.8505450000e+04 5.8505450000e+04 5.8505450000e+04 5.8505450000e+04 5.8505450000e+04 5.8505450000e+04 5.8505450000e+04 5.8505450000e+04 5.8505450000e+04
5.8505450000e+04 5.8505450000e+04 5.8505450000e+04 5.8505450000e+04 5.8505450000e+04 5.8505450000e+04 5.8505450000e+04 5.8505450000e+04 5.8505450000e+04 5.8505450000e+04 5.8505450000e+04 5.8505450000e+04 5.8505450000e+04 5.8505450000e+04 5.8505450000e+04 5.8505450000e+04 5.8505450000e+04 5.8505450000e+04 5.8505450000e+04 5.8505450000e+04 5.8505450000e+04 5.8505450000e+04 5.8505450000e+04 5.8505450000e+04 5.8505450000e+04
