4.3556512787e+01 4.3908512424e+01 4.1439639786e+01 4.3595660527e+01 4.1358257489e+01 4.6834722057e+01 4.1862072230e+01 4.4630475492e+01 4.4247620934e+01 4.8617458300e+01 5.2453208320e+01 4.2824189799e+01 4.2198877878e+01 4.5803060633e+01 4.3813664544e+01 4.0440596267e+01 3.7136352653e+01 4.5086254085e+01 4.0202929681e+01 4.7109839807e+01 4.4218331684e+01 3.6840833764e+01 3.9452234966e+01 4.1069393594e+01 4.4830606434e+01
1.1492394484e+01 1.1660663828e+01 1.1689034896e+01 1.0882005591e+01 1.1360439621e+01 1.1808536449e+01 9.9233444923e+00 1.0363195069e+01 1.1025183654e+01 1.3015621049e+01 1.2792047891e+01 1.1671863707e+01 1.2568816787e+01 1.1176616579e+01 1.1188591646e+01 9.8867642359e+00 1.1350929405e+01 1.2180576338e+01 1.0804066742e+01 1.1762688334e+01 1.3742681677e+01 1.1852269630e+01 1.1356134867e+01 1.0955025695e+01 1.1342396088e+01
3.2918383033e+00 3.0148206188e+00 2.9781782049e+00 2.8663520655e+00 2.9372526241e+00 3.1702367891e+00 3.0809083492e+00 3.2524159636e+00 3.1434457625e+00 3.2002310426e+00 3.4465624328e+00 2.9316622911e+00 3.3434593551e+00 2.9902421704e+00 2.9759580401e+00 3.0595413824e+00 3.0891633629e+00 3.3109032404e+00 3.2647640398e+00 3.1746017449e+00 3.3025703807e+00 3.4284531321e+00 2.9986128868e+00 2.9236056100e+00 2.8770696717e+00
1.7716946860e+00 2.0722702363e+00 1.8660592805e+00 1.7799757124e+00 1.8320026589e+00 1.8979257336e+00 1.8237880769e+00 1.8148824126e+00 1.8555748351e+00 1.9707093621e+00 1.9199236023e+00 1.8946614332e+00 1.8097363241e+00 1.9366394015e+00 1.9247756348e+00 1.9448726641e+00 1.9195306485e+00 2.0530851099e+00 2.0898535540e+00 1.7789395411e+00 1.8508910483e+00 2.1474721602e+00 1.7631174223e+00 1.7885764439e+00 1.8869362446e+00
1.1847170498e+00 1.6842659415e+00 8.8765509104e-01 1.4553864601e+00 1.5458395015e+00 1.4756519340e+00 1.2653004243e+00 1.0408414705e+00 1.4279699807e+00 1.4391349901e+00 1.4662977333e+00 1.4566876773e+00 1.3464055044e+00 1.5676943303e+00 1.4916862343e+00 1.6607164070e+00 1.1970967120e+00 1.4690396340e+00 1.5218423935e+00 1.1379277979e+00 1.2635292480e+00 1.7324407022e+00 1.4619981210e+00 1.4098630076e+00 1.3957730803e+00
7.1682956977e-01 8.8697163222e-01 5.1159765501e-01 1.3147429371e+00 1.3250305576e+00 9.4465100807e-01 7.7067095688e-01 6.3558060238e-01 1.0030609550e+00 1.1459504789e+00 1.3418438298e+00 1.1901566019e+00 8.2409812305e-01 1.2898766573e+00 1.2292943490e+00 1.3402362713e+00 8.7687399646e-01 1.1132513596e+00 1.2989248273e+00 8.0034415317e-01 8.2866352264e-01 1.2633104988e+00 1.1598563376e+00 1.2021462232e+00 8.2397170533e-01
4.9824770377e-01 5.3772881397e-01 2.1368830051e-01 9.8986363540e-01 1.0210270539e+00 5.3409085880e-01 4.6955544123e-01 3.3985953349e-01 4.8834607555e-01 7.1249699239e-01 9.8130665619e-01 8.3582486424e-01 4.7812999950e-01 9.1193004395e-01 9.5471983715e-01 6.4864073557e-01 6.4806755008e-01 6.3086557458e-01 1.0219952242e+00 4.6991303780e-01 5.8833395923e-01 6.7804560141e-01 5.3873821323e-01 8.0080815188e-01 4.4513139749e-01
2.4191985079e-01 4.6205848793e-01 1.4400806105e-01 6.2823016548e-01 7.6042045075e-01 4.4376264032e-01 4.0240521167e-01 2.4953973013e-01 2.4942958379e-01 5.0629478353e-01 7.7554149646e-01 7.3379828532e-01 3.7484610314e-01 6.7475038599e-01 5.9767772920e-01 3.6007131463e-01 5.1953857213e-01 4.4934534996e-01 8.0822199046e-01 3.7179543619e-01 5.1492384737e-01 4.6503105440e-01 3.9640060354e-01 5.6254777349e-01 1.6811555498e-01
1.0903311462e-01 3.2139282221e-01 9.8920299444e-02 3.0259511557e-01 4.8471866844e-01 1.0658055755e-01 3.2358045648e-01 1.0301312686e-01 1.7749511187e-01 2.4226212664e-01 5.6336397886e-01 6.1329840311e-01 1.7224141645e-01 4.2622541347e-01 3.9009441330e-01 1.6663649444e-01 4.1589061824e-01 1.3461932115e-01 7.0282798590e-01 2.3621297621e-01 4.3871849269e-01 3.7806175399e-01 2.2829792547e-01 3.8077270897e-01 7.8795860174e-02
6.1358144134e-02 8.7979437918e-02 5.1005022853e-02 7.3165401656e-02 1.3317708000e-01 6.8483417101e-02 1.0341729118e-01 6.2306457378e-02 1.1503629225e-01 1.3685684877e-01 2.2418445602e-01 4.6600554684e-01 1.3461630903e-01 1.4600322784e-01 2.4214412231e-01 8.6719199220e-02 9.3241774123e-02 8.2044863849e-02 2.5640250502e-01 7.8992858217e-02 2.7362370753e-01 1.1414850270e-01 8.9414271336e-02 1.9295382700e-01 3.8207157737e-02
