8.7858841674e+01 8.9488173258e+01 7.1801887641e+01 9.3591258287e+01 9.3382025838e+01 8.2993900232e+01 9.2042655942e+01 8.9115837536e+01 8.7644431045e+01 9.3570143474e+01 8.7212813172e+01 9.0729586259e+01 8.5873516889e+01 9.2032576705e+01 8.5872869729e+01 7.8414791728e+01 8.9847805496e+01 9.3733419798e+01 8.6021567404e+01 7.8622247861e+01 9.1980149150e+01 8.0996723960e+01 9.8034077088e+01 8.6990093551e+01 8.4335179629e+01
1.4309672005e+01 1.4336996098e+01 1.9143794715e+01 1.5890330219e+01 1.7102430690e+01 1.3255778437e+01 1.7884896071e+01 1.9004106028e+01 1.7418424247e+01 1.8859705019e+01 1.6837845046e+01 2.1158983735e+01 1.8306051075e+01 1.8584120283e+01 1.6134781795e+01 1.9191434035e+01 1.1178356899e+01 1.8336629098e+01 1.6594923294e+01 1.7280472596e+01 1.7173616435e+01 1.5892984942e+01 1.9538259478e+01 1.4234124990e+01 1.5993373398e+01
3.9419169005e+00 3.9926397664e+00 5.0204905902e+00 4.7676067070e+00 4.3058919517e+00 4.5454589494e+00 4.1207967804e+00 5.3841316070e+00 4.9293219466e+00 4.1605707351e+00 4.4328130912e+00 4.2294425866e+00 4.3391684776e+00 4.6661438168e+00 3.9221558321e+00 5.2847188030e+00 2.9275672427e+00 4.5421434718e+00 4.2868225113e+00 4.2589820107e+00 3.8813469473e+00 4.8411421549e+00 4.2689598013e+00 3.3469877214e+00 4.8164331978e+00
2.5637357856e+00 2.4648184862e+00 3.0863534268e+00 2.2615830426e+00 2.8960836837e+00 2.5064467149e+00 2.7117278344e+00 2.6821521966e+00 2.5926625852e+00 2.8720990658e+00 2.3248950459e+00 2.5214703380e+00 3.0593450397e+00 2.7546525722e+00 2.8057625386e+00 3.0137883088e+00 1.6852147854e+00 2.2879520243e+00 3.0392841944e+00 2.8218283374e+00 2.5332726826e+00 2.6853969494e+00 2.0593695574e+00 2.0227716284e+00 3.2789079172e+00
2.1659661849e+00 1.7142892502e+00 2.3185455342e+00 1.7511289536e+00 2.3518358640e+00 1.9235517927e+00 1.6904469294e+00 2.0332745662e+00 2.1079413942e+00 2.1591631180e+00 1.8814203484e+00 2.0076671993e+00 1.9848336622e+00 2.1731340019e+00 2.3756770972e+00 2.2336257698e+00 1.3153995617e+00 1.7556905363e+00 2.3893642433e+00 1.9560019868e+00 1.7954975682e+00 1.9016692516e+00 1.5570835567e+00 1.7014896280e+00 2.8251934402e+00
1.7894907464e+00 1.4522174398e+00 1.8827228936e+00 1.3284861782e+00 1.9306470000e+00 1.6451965121e+00 1.4185793289e+00 1.2904166012e+00 1.4909557210e+00 1.7892663643e+00 1.4125175881e+00 1.7120487163e+00 1.5655264631e+00 1.8822175901e+00 1.8583568311e+00 1.9257331967e+00 1.2879666170e+00 1.4578967626e+00 1.8644287373e+00 1.6019782527e+00 1.4377515049e+00 1.7130446705e+00 1.4380978300e+00 1.4229272325e+00 2.0477690455e+00
1.2578429126e+00 1.2581204799e+00 1.3532419173e+00 1.0629945351e+00 1.4507061814e+00 1.4020939802e+00 1.2642774723e+00 8.4181901678e-01 1.1269660303e+00 1.2193743819e+00 1.1519230912e+00 1.4135532771e+00 1.3521784379e+00 1.3341842311e+00 1.2174761766e+00 1.5898319015e+00 1.1195670123e+00 1.1623880715e+00 1.2660323692e+00 1.2043876257e+00 1.1842037425e+00 1.4585160608e+00 1.2253485999e+00 1.0046318526e+00 1.5900202051e+00
1.0915081807e+00 1.2161434750e+00 1.2292344934e+00 1.0067695785e+00 1.2270640837e+00 1.2453687538e+00 1.2298227445e+00 7.5597235229e-01 1.0634253399e+00 1.0946031924e+00 1.0503543843e+00 1.3389946597e+00 1.2426738622e+00 1.2035841780e+00 1.1238360119e+00 1.2744877304e+00 1.0887806075e+00 1.0646970198e+00 1.1641120512e+00 1.1448898319e+00 1.0640385622e+00 1.3894877022e+00 1.1609023284e+00 8.1870250254e-01 1.4751962971e+00
1.0048224769e+00 1.1693405261e+00 1.1600307702e+00 9.3817625288e-01 1.1692968637e+00 1.1414547124e+00 1.1936619372e+00 7.2051145806e-01 9.8431989103e-01 1.0250742864e+00 9.5818367744e-01 1.2103019525e+00 1.1826589163e+00 1.1580720286e+00 1.0314150269e+00 1.1607944791e+00 1.0532116169e+00 1.0101619331e+00 1.1129566566e+00 1.0949079707e+00 9.8737290903e-01 1.3588780275e+00 1.1372669990e+00 7.5134747278e-01 1.3302700298e+00
9.6762503415e-01 1.0987259847e+00 1.1398190095e+00 8.8687919493e-01 1.0916381720e+00 1.0832266400e+00 1.1559764310e+00 7.0590641329e-01 9.3364014830e-01 9.2896763008e-01 9.1339098694e-01 1.1716555498e+00 1.1532171886e+00 1.1290752397e+00 9.9082612048e-01 1.1187539137e+00 1.0436607559e+00 9.8010451441e-01 1.0737044357e+00 1.0519274828e+00 8.4039240465e-01 1.3386796841e+00 1.1117050956e+00 7.4246067065e-01 1.2414902676e+00
