1.2744673619e-01 1.2646202679e-01 1.3151139120e-01 1.2605252391e-01 1.2900965685e-01 1.2780901260e-01 1.2863156573e-01 1.2675409447e-01 1.3102751900e-01 1.3298402449e-01 1.2920604626e-01 1.2810118980e-01 1.3672913535e-01 1.1969424338e-01 1.2641546822e-01 1.3546062119e-01 5.4187385692e-02 1.2606391531e-01 1.2632641855e-01 1.3026924072e-01 1.2949579100e-01 8.7197227948e-02 1.2796934220e-01 1.3860186387e-01 8.1226237000e-02
1.2512615698e-01 1.2513235446e-01 1.2516819529e-01 1.2513680123e-01 1.2554866080e-01 1.2540337101e-01 1.2577812869e-01 1.2509979962e-01 1.2564303383e-01 1.2567434710e-01 1.2515852801e-01 1.2560309908e-01 1.2541311791e-01 5.5015308188e-02 7.5078582625e-02 1.2548960684e-01 3.9979432534e-02 1.2518908806e-01 1.2503813541e-01 8.8327346588e-03 1.2676715793e-01 8.7197227948e-02 1.2639481481e-01 1.2561733487e-01 8.1226237000e-02
1.2507378666e-01 1.2500000000e-01 1.2504515323e-01 1.2507703973e-01 1.2513758472e-01 1.2503711197e-01 1.2500000000e-01 1.2504159652e-01 1.2521160016e-01 1.2500000000e-01 1.2500000000e-01 1.2507727363e-01 1.2541311791e-01 5.5015308188e-02 6.2699261625e-02 1.2521260877e-01 3.9117759838e-02 1.2502483689e-01 1.2500000000e-01 8.7144966125e-03 1.2505920160e-01 6.2959015261e-02 1.2510210244e-01 1.2508106361e-01 6.4458882672e-02
1.2500000000e-01 1.2500000000e-01 1.2502753226e-01 1.2503362593e-01 1.2503699671e-01 1.2500000000e-01 1.2500000000e-01 1.2500000000e-01 1.2500000000e-01 1.2500000000e-01 1.2500000000e-01 1.2500000000e-01 1.2503390465e-01 4.6959791100e-02 1.8467741250e-02 1.2510967173e-01 1.1183511639e-02 1.2500000000e-01 1.2500000000e-01 8.7144966125e-03 1.2504560143e-01 3.8501529011e-02 1.2505939954e-01 1.2501824584e-01 2.9737404125e-02
1.2500000000e-01 1.2500000000e-01 1.2500000000e-01 1.2500000000e-01 1.2500000000e-01 1.2500000000e-01 1.2500000000e-01 1.2500000000e-01 1.2500000000e-01 1.2500000000e-01 1.2500000000e-01 1.2500000000e-01 1.2500000000e-01 2.0558663950e-02 1.8467741250e-02 1.2500000000e-01 1.1183511639e-02 1.2500000000e-01 1.2500000000e-01 8.7144966125e-03 1.2504560143e-01 3.5147704578e-02 1.2501550725e-01 1.2500000000e-01 1.7589364011e-02
1.2500000000e-01 1.2500000000e-01 1.2500000000e-01 1.2500000000e-01 1.2500000000e-01 1.2500000000e-01 1.2500000000e-01 1.2500000000e-01 1.2500000000e-01 1.2500000000e-01 1.2500000000e-01 1.2500000000e-01 1.2500000000e-01 1.7042635780e-02 1.1151172175e-02 1.2500000000e-01 8.8264894250e-03 1.2500000000e-01 1.2500000000e-01 7.9818976250e-03 1.2500000000e-01 2.7630763087e-02 1.2501550725e-01 1.2500000000e-01 1.7589364011e-02
1.2500000000e-01 1.2500000000e-01 1.2500000000e-01 1.2500000000e-01 1.2500000000e-01 1.2500000000e-01 1.2500000000e-01 1.2500000000e-01 1.2500000000e-01 1.2500000000e-01 1.2500000000e-01 1.2500000000e-01 1.2500000000e-01 6.3959836400e-06 2.4058831325e-39 1.2500000000e-01 1.4137019750e-21 1.2500000000e-01 1.2500000000e-01 1.8432910250e-05 1.2500000000e-01 1.0936665178e-04 1.2500000000e-01 1.2500000000e-01 2.2498678988e-08
1.2500000000e-01 1.2500000000e-01 1.2500000000e-01 1.2500000000e-01 1.2500000000e-01 1.2500000000e-01 1.2500000000e-01 1.2500000000e-01 1.2500000000e-01 1.2500000000e-01 1.2500000000e-01 1.2500000000e-01 1.2500000000e-01 7.8678046625e-97 8.5370843822e-171 1.2500000000e-01 2.5742937781e-163 1.2500000000e-01 1.2500000000e-01 1.1612812500e-121 1.2500000000e-01 3.3511107500e-99 1.2500000000e-01 1.2500000000e-01 4.6579154320e-138
1.2500000000e-01 1.2500000000e-01 1.2500000000e-01 1.2500000000e-01 1.2500000000e-01 1.2500000000e-01 1.2500000000e-01 1.2500000000e-01 1.2500000000e-01 1.2500000000e-01 1.2500000000e-01 1.2500000000e-01 1.2500000000e-01 1.0396952750e-313 0.0000000000e+00 1.2500000000e-01 0.0000000000e+00 1.2500000000e-01 1.2500000000e-01 0.0000000000e+00 1.2500000000e-01 1.7710735125e-299 1.2500000000e-01 1.2500000000e-01 0.0000000000e+00
1.2500000000e-01 1.2500000000e-01 1.2500000000e-01 1.2500000000e-01 1.2500000000e-01 1.2500000000e-01 1.2500000000e-01 1.2500000000e-01 1.2500000000e-01 1.2500000000e-01 1.2500000000e-01 1.2500000000e-01 1.2500000000e-01 0.0000000000e+00 0.0000000000e+00 1.2500000000e-01 0.0000000000e+00 1.2500000000e-01 1.2500000000e-01 0.0000000000e+00 1.2500000000e-01 0.0000000000e+00 1.2500000000e-01 1.2500000000e-01 0.0000000000e+00
