4.1049727000e-01 3.6909208000e-01 2.9304715000e-01 3.9522004000e-01 4.1267862000e-01 5.0334294000e-01 2.9600028000e-01 3.7329170000e-01 3.5228305000e-01 5.7871585000e-01 1.6388690000e-01 3.3908118000e-01 1.6578022000e-01 6.0830230000e-01 2.5139034000e-01 2.7448298000e-01 4.1926024000e-01 2.3136218000e-01 1.9922673000e-01 2.9065251000e-01 2.3359555000e-01 3.3309765000e-01 4.4163252000e-01 3.0548455000e-01 1.2538575000e-01
1.3991235000e-01 1.8500398000e-01 1.3375974000e-01 1.7306607000e-01 1.1810150000e-01 1.5848477000e-01 3.4229488000e-01 9.9430027000e-02 1.9671652000e-01 1.9974437000e-01 1.6119269000e-01 3.1430842000e-01 1.1992888000e-01 1.4405584000e-01 1.7496404000e-01 2.4360427000e-01 1.7396059000e-01 1.9150345000e-01 2.2311606000e-01 1.4245436000e-01 2.8500509000e-01 1.3543898000e-01 1.5086364000e-01 2.9141846000e-01 1.8318463000e-01
1.5587309000e-01 8.9577968000e-02 1.2510107000e-01 2.0306882000e-01 1.6040930000e-01 1.5739372000e-01 3.6521335000e-01 1.0928166000e-01 9.3599129000e-02 2.3381891000e-01 2.6749618000e-01 3.9757931000e-01 1.4409585000e-01 1.5224945000e-01 2.8568391000e-01 2.9438713000e-01 1.9159743000e-01 2.0253894000e-01 3.1069927000e-01 8.6988966000e-02 3.9431326000e-01 2.8702333000e-01 1.6721164000e-01 3.7488055000e-01 2.0391629000e-01
1.7672672000e-01 1.9111025000e-01 1.1502757000e-01 1.6095993000e-01 1.4802990000e-01 1.7262601000e-01 2.7555424000e-01 1.6096907000e-01 8.6312402000e-02 2.1513048000e-01 2.0407830000e-01 3.6578605000e-01 1.5122451000e-01 1.7348910000e-01 2.5595268000e-01 2.2038614000e-01 2.4129145000e-01 2.0379052000e-01 3.5139892000e-01 1.2510214000e-01 3.8090413000e-01 2.4315428000e-01 1.8482739000e-01 3.1117831000e-01 1.9489557000e-01
1.9109043000e-01 2.0495425000e-01 1.3935921000e-01 1.4702695000e-01 1.6639753000e-01 2.3326371000e-01 2.7461527000e-01 1.5102271000e-01 1.1001283000e-01 2.1881323000e-01 1.5272642000e-01 3.2936647000e-01 6.3302970000e-02 1.9439695000e-01 2.6405144000e-01 1.2329152000e-01 2.0721293000e-01 2.0782414000e-01 2.0337617000e-01 1.9806807000e-01 3.8480653000e-01 2.0081340000e-01 1.9606294000e-01 2.8272579000e-01 1.7798115000e-01
1.1709576000e-01 1.4992801000e-01 2.4505860000e-01 7.4162913000e-02 5.2653968000e-02 2.4360701000e-01 2.2159521000e-01 3.5871869000e-02 9.9243717000e-02 1.9223243000e-01 1.4591181000e-01 1.7778777000e-01 3.0171234000e-02 1.5732553000e-01 2.5809436000e-01 1.1270571000e-01 1.0302143000e-01 1.9710217000e-01 2.0642873000e-01 2.6115493000e-01 2.5958379000e-01 7.4750045000e-02 2.3385422000e-01 2.6656416000e-01 2.8238642000e-01
7.3200181000e-02 1.1471360000e-01 1.7488227000e-01 4.8634753000e-02 2.5601900000e-02 2.4067854000e-01 1.0228954000e-01 2.7001430000e-02 4.2872161000e-02 1.4549616000e-01 1.0570582000e-01 1.3209757000e-01 2.1776283000e-02 1.3210760000e-01 2.0997116000e-01 1.0373422000e-01 7.0892137000e-02 6.1006403000e-02 2.0124241000e-01 2.2466217000e-01 2.1904208000e-01 4.1455597000e-02 1.9868424000e-01 7.6101160000e-02 2.3810720000e-01
5.2291190000e-02 1.0111127000e-01 1.2375180000e-01 4.4094176000e-02 2.1060893000e-02 2.3920175000e-01 7.1801637000e-02 2.3723933000e-02 2.8865263000e-02 1.2165540000e-01 1.0436910000e-01 7.1496187000e-02 2.0975230000e-02 6.3289243000e-02 6.3817538000e-02 1.0089812000e-01 4.9739824000e-02 5.3885696000e-02 1.2479580000e-01 1.7607345000e-01 2.0871508000e-01 3.6845601000e-02 1.4852706000e-01 4.9086912000e-02 2.1070548000e-01
4.2951826000e-02 9.5930487000e-02 8.9241422000e-02 4.1663148000e-02 2.0777601000e-02 2.3881642000e-01 4.5937582000e-02 2.2968901000e-02 2.5813728000e-02 1.0501458000e-01 1.0360255000e-01 6.4652645000e-02 2.0574464000e-02 4.0769600000e-02 4.2034769000e-02 1.0058300000e-01 4.0413493000e-02 3.6969997000e-02 6.5320259000e-02 1.5527653000e-01 1.2086962000e-01 3.5452586000e-02 1.1130290000e-01 4.2186434000e-02 1.5780196000e-01
3.8803898000e-02 9.3883337000e-02 4.0318944000e-02 3.8192691000e-02 2.0655290000e-02 2.3873177000e-01 3.9493753000e-02 2.2860501000e-02 2.3877247000e-02 8.8548842000e-02 1.0354317000e-01 6.2188420000e-02 2.0450222000e-02 3.6928883000e-02 3.8388072000e-02 1.0057825000e-01 3.7297260000e-02 3.5723994000e-02 5.8402335000e-02 1.1544068000e-01 1.0999309000e-01 3.5402026000e-02 5.7278602000e-02 3.9410406000e-02 1.3088680000e-01
