1.2666221000e-02 1.2665348000e-02 1.2665288000e-02 1.2665268000e-02 1.2665472000e-02 1.2665266000e-02 1.2665318000e-02 1.2669675000e-02 1.2665250000e-02 1.2678156000e-02 1.2665306000e-02 1.2665255000e-02 1.2665313000e-02 1.2666153000e-02 1.2668683000e-02 1.2685396000e-02 1.2675505000e-02 1.2665389000e-02 1.2665281000e-02 1.2665353000e-02 1.2665322000e-02 1.2665295000e-02 1.2665321000e-02 1.2665507000e-02 1.2665980000e-02
1.2665233000e-02 1.2665234000e-02 1.2665233000e-02 1.2665233000e-02 1.2665236000e-02 1.2665233000e-02 1.2665233000e-02 1.2666211000e-02 1.2665233000e-02 1.2668155000e-02 1.2665233000e-02 1.2665233000e-02 1.2665233000e-02 1.2665339000e-02 1.2665374000e-02 1.2665992000e-02 1.2667890000e-02 1.2665238000e-02 1.2665233000e-02 1.2665233000e-02 1.2665233000e-02 1.2665233000e-02 1.2665233000e-02 1.2665238000e-02 1.2665233000e-02
1.2665233000e-02 1.2665233000e-02 1.2665233000e-02 1.2665233000e-02 1.2665233000e-02 1.2665233000e-02 1.2665233000e-02 1.2665545000e-02 1.2665233000e-02 1.2665531000e-02 1.2665233000e-02 1.2665233000e-02 1.2665233000e-02 1.2665238000e-02 1.2665263000e-02 1.2665383000e-02 1.2666259000e-02 1.2665234000e-02 1.2665233000e-02 1.2665233000e-02 1.2665233000e-02 1.2665233000e-02 1.2665233000e-02 1.2665234000e-02 1.2665233000e-02
1.2665233000e-02 1.2665233000e-02 1.2665233000e-02 1.2665233000e-02 1.2665233000e-02 1.2665233000e-02 1.2665233000e-02 1.2665268000e-02 1.2665233000e-02 1.2665397000e-02 1.2665233000e-02 1.2665233000e-02 1.2665233000e-02 1.2665234000e-02 1.2665236000e-02 1.2665274000e-02 1.2665912000e-02 1.2665233000e-02 1.2665233000e-02 1.2665233000e-02 1.2665233000e-02 1.2665233000e-02 1.2665233000e-02 1.2665233000e-02 1.2665233000e-02
1.2665233000e-02 1.2665233000e-02 1.2665233000e-02 1.2665233000e-02 1.2665233000e-02 1.2665233000e-02 1.2665233000e-02 1.2665240000e-02 1.2665233000e-02 1.2665332000e-02 1.2665233000e-02 1.2665233000e-02 1.2665233000e-02 1.2665233000e-02 1.2665234000e-02 1.2665244000e-02 1.2665837000e-02 1.2665233000e-02 1.2665233000e-02 1.2665233000e-02 1.2665233000e-02 1.2665233000e-02 1.2665233000e-02 1.2665233000e-02 1.2665233000e-02
1.2665233000e-02 1.2665233000e-02 1.2665233000e-02 1.2665233000e-02 1.2665233000e-02 1.2665233000e-02 1.2665233000e-02 1.2665239000e-02 1.2665233000e-02 1.2665310000e-02 1.2665233000e-02 1.2665233000e-02 1.2665233000e-02 1.2665233000e-02 1.2665233000e-02 1.2665237000e-02 1.2665801000e-02 1.2665233000e-02 1.2665233000e-02 1.2665233000e-02 1.2665233000e-02 1.2665233000e-02 1.2665233000e-02 1.2665233000e-02 1.2665233000e-02
1.2665233000e-02 1.2665233000e-02 1.2665233000e-02 1.2665233000e-02 1.2665233000e-02 1.2665233000e-02 1.2665233000e-02 1.2665239000e-02 1.2665233000e-02 1.2665303000e-02 1.2665233000e-02 1.2665233000e-02 1.2665233000e-02 1.2665233000e-02 1.2665233000e-02 1.2665236000e-02 1.2665780000e-02 1.2665233000e-02 1.2665233000e-02 1.2665233000e-02 1.2665233000e-02 1.2665233000e-02 1.2665233000e-02 1.2665233000e-02 1.2665233000e-02
1.2665233000e-02 1.2665233000e-02 1.2665233000e-02 1.2665233000e-02 1.2665233000e-02 1.2665233000e-02 1.2665233000e-02 1.2665239000e-02 1.2665233000e-02 1.2665303000e-02 1.2665233000e-02 1.2665233000e-02 1.2665233000e-02 1.2665233000e-02 1.2665233000e-02 1.2665236000e-02 1.2665779000e-02 1.2665233000e-02 1.2665233000e-02 1.2665233000e-02 1.2665233000e-02 1.2665233000e-02 1.2665233000e-02 1.2665233000e-02 1.2665233000e-02
1.2665233000e-02 1.2665233000e-02 1.2665233000e-02 1.2665233000e-02 1.2665233000e-02 1.2665233000e-02 1.2665233000e-02 1.2665239000e-02 1.2665233000e-02 1.2665303000e-02 1.2665233000e-02 1.2665233000e-02 1.2665233000e-02 1.2665233000e-02 1.2665233000e-02 1.2665236000e-02 1.2665778000e-02 1.2665233000e-02 1.2665233000e-02 1.2665233000e-02 1.2665233000e-02 1.2665233000e-02 1.2665233000e-02 1.2665233000e-02 1.2665233000e-02
1.2665233000e-02 1.2665233000e-02 1.2665233000e-02 1.2665233000e-02 1.2665233000e-02 1.2665233000e-02 1.2665233000e-02 1.2665239000e-02 1.2665233000e-02 1.2665303000e-02 1.2665233000e-02 1.2665233000e-02 1.2665233000e-02 1.2665233000e-02 1.2665233000e-02 1.2665236000e-02 1.2665774000e-02 1.2665233000e-02 1.2665233000e-02 1.2665233000e-02 1.2665233000e-02 1.2665233000e-02 1.2665233000e-02 1.2665233000e-02 1.2665233000e-02
