-4.1699316000e+02 -4.9701503000e+02 -2.5184341000e+02 -5.5002215000e+02 -4.7738019000e+02 -3.9426916000e+02 -5.5596998000e+02 -2.7927239000e+02 -7.3627604000e+02 -3.9184699000e+02 -3.6144752000e+02 -5.9485020000e+02 -5.9164477000e+02 -4.4975637000e+02 -8.2526576000e+02 -4.6648013000e+02 -3.7197647000e+02 -8.2590557000e+02 -2.9523660000e+02 -3.6923075000e+02 -4.3049882000e+02 -1.2720809000e+02 -4.7923989000e+02 -4.9430725000e+02 -3.5258918000e+02
-9.0735433000e+01 -7.0532046000e+01 -1.1485504000e+02 -9.5394960000e+01 -7.7512614000e+01 -1.9510683000e+02 -9.7214477000e+01 -9.5328668000e+01 -9.8246295000e+01 -1.1313802000e+02 -1.2785020000e+02 -1.3150651000e+02 -7.9895129000e+01 -1.5253236000e+02 -1.1604859000e+02 -1.4688255000e+02 -1.3192727000e+02 -9.4369141000e+01 -9.9069912000e+01 -1.0577019000e+02 -8.0873455000e+01 -1.2810825000e+02 -1.3261586000e+02 -1.2572416000e+02 -9.7579169000e+01
-2.5754660000e+00 -7.7892991000e+00 -1.1180924000e+01 -1.2472929000e+01 -6.3434477000e+00 -7.7184843000e+00 -7.6534267000e+00 -7.0200445000e+00 -4.4054749000e+00 -2.7564145000e+01 -6.6933678000e+00 -4.1105444000e+00 -5.2236447000e+00 -7.9201969000e+00 -5.0032032000e+00 -7.8409194000e+00 -9.0294763000e+00 -2.9667755000e+01 -6.3747215000e+00 -1.4406048000e+01 -2.5587784000e+01 -1.6989256000e+01 -3.2842608000e+01 -1.0841923000e+01 -5.6167513000e+00
-3.5556532000e+00 -5.5179579000e+00 -2.7388123000e+00 -2.6307399000e+00 -2.4080395000e+00 -1.8223708000e+00 -1.1576477000e+01 -2.0570888000e+00 -2.3328649000e+00 -9.0576406000e+00 -2.8788342000e+00 -2.8716181000e+00 -1.9581191000e+00 -3.7855484000e+00 -6.0908801000e+00 -3.9667152000e+00 -1.1743710000e+01 -1.5610851000e+01 -6.1136547000e+00 -1.0278173000e+01 -9.1871461000e+00 -5.7106626000e+00 -2.0117557000e+01 -8.6408484000e+00 -5.5962041000e+00
-3.7127995000e+00 -2.0587493000e+00 -2.3095343000e+00 -2.6833710000e+00 -4.0956142000e+00 -1.9236759000e+00 -1.1011203000e+01 -2.0614915000e+00 -1.6845746000e+00 -6.8531967000e+00 -1.1890174000e+00 -2.5207364000e+00 -1.9799899000e+00 -2.8638612000e+00 -7.0584412000e+00 -5.8300606000e+00 -1.1858846000e+01 -1.4601469000e+01 -7.3014753000e+00 -4.9637670000e+00 -3.0224332000e+00 -3.4383772000e+00 -1.6548307000e+01 -2.2681089000e+00 -3.8706861000e+00
-3.9849734000e+00 -1.7129575000e+00 -2.2063652000e+00 -3.5100031000e+00 -4.5467317000e+00 -2.4861571000e+00 -1.0780334000e+01 -1.8088517000e+00 -1.4560340000e+00 -7.5048663000e+00 -1.0789506000e+00 -2.5655266000e+00 -1.5310566000e+00 -2.7321089000e+00 -6.7402422000e+00 -7.1933964000e+00 -8.4449126000e+00 -1.0709533000e+01 -4.3983241000e+00 -1.8412904000e+00 -2.4810045000e+00 -2.8237083000e+00 -1.1996880000e+01 -1.8849291000e+00 -3.4825245000e+00
-3.6030085000e+00 -1.2235214000e+00 -2.3320715000e+00 -3.8349862000e+00 -3.2862751000e+00 -1.9217701000e+00 -1.1212670000e+01 -1.3481139000e+00 -1.4577031000e+00 -7.8752524000e+00 -1.1422495000e+00 -2.3695827000e+00 -1.4616345000e+00 -2.8469041000e+00 -4.3843742000e+00 -4.2821429000e+00 -7.8479612000e+00 -6.8814541000e+00 -3.5269018000e+00 -1.9338243000e+00 -1.6905346000e+00 -1.3757600000e+00 -7.6050624000e+00 -1.8602542000e+00 -1.6874235000e+00
-2.7567478000e+00 -1.1303664000e+00 -2.0841849000e+00 -3.4636875000e+00 -2.4737666000e+00 -1.6128249000e+00 -9.5202400000e+00 -1.3698875000e+00 -1.4983621000e+00 -7.5780519000e+00 -1.1737917000e+00 -2.2059484000e+00 -1.5517355000e+00 -2.8326727000e+00 -4.8403643000e+00 -2.4589532000e+00 -7.4284133000e+00 -6.5751227000e+00 -1.4448250000e+00 -1.9944685000e+00 -1.7053157000e+00 -1.3021429000e+00 -7.2501961000e+00 -1.7184723000e+00 -1.3820251000e+00
-1.4949900000e+00 -9.9907682000e-01 -1.9004963000e+00 -2.6029490000e+00 -2.1304560000e+00 -1.4015947000e+00 -7.7955565000e+00 -1.3076291000e+00 -1.4973116000e+00 -7.5975175000e+00 -1.2218906000e+00 -1.7546827000e+00 -1.5792181000e+00 -2.7925542000e+00 -3.2538915000e+00 -2.2393908000e+00 -7.2041219000e+00 -6.3038962000e+00 -1.4747111000e+00 -2.0336353000e+00 -1.3894653000e+00 -1.3670107000e+00 -7.1584369000e+00 -1.5114649000e+00 -1.3410274000e+00
-1.3928637000e+00 -9.2283369000e-01 -1.6626171000e+00 -2.5789302000e+00 -1.6088937000e+00 -1.3504647000e+00 -7.7259147000e+00 -1.2967935000e+00 -1.4256554000e+00 -7.2842411000e+00 -1.0213907000e+00 -1.6187345000e+00 -1.2418007000e+00 -1.9648578000e+00 -2.4607397000e+00 -1.8925836000e+00 -6.8615659000e+00 -6.3194880000e+00 -1.4290935000e+00 -1.8149380000e+00 -1.2013750000e+00 -1.1349416000e+00 -6.6019046000e+00 -1.4082282000e+00 -1.1241010000e+00
