1.8926059000e+01 2.4387229000e+00 1.4056872000e+01 7.6956012000e+00 2.2395625000e+01 2.0556566000e+01 1.9054640000e+01 2.3961221000e+01 1.0041265000e+01 1.2219674000e+00 2.8073202000e+01 -2.5120179000e+00 1.7451432000e+01 1.4246893000e+01 9.7926985000e+00 3.7704971000e+01 8.7668166000e+00 1.3993999000e+01 5.4529965000e+00 4.7952308000e+00 1.3334195000e+01 2.6098211000e+01 1.5234287000e+01 -8.3594897000e+00 1.3506019000e+01
1.7790666000e+01 5.1848127000e+00 1.0768179000e+01 9.0932802000e+00 1.5812703000e+01 9.5401704000e+00 1.4446785000e+01 1.5951225000e+01 4.7876517000e+00 1.7372936000e+01 6.7829420000e+00 2.3325591000e+01 1.6024306000e+01 6.2675506000e+00 1.4093675000e+01 1.3826082000e+01 6.7839355000e+00 1.7385327000e+01 1.5561231000e+01 6.0170731000e+00 1.5665972000e+01 1.1518312000e+01 -1.5670931000e+00 1.5901126000e+01 1.0123415000e+01
1.3923748000e+01 7.0157328000e+00 1.7694434000e+01 1.0912653000e+01 5.5547261000e+00 8.8471974000e+00 9.1585439000e+00 5.1249343000e+00 8.8569643000e+00 1.6431609000e+01 4.9897072000e+00 1.6716455000e+01 1.1608394000e+01 8.3253984000e+00 1.1950042000e+01 4.2302747000e+00 7.2163362000e+00 8.5513445000e+00 1.6032889000e+01 7.9293537000e+00 1.4834938000e+01 6.7055557000e+00 4.8486670000e+00 4.9550295000e+00 6.2364082000e+00
1.1052083000e+01 6.6594942000e+00 1.5559415000e+01 1.2177456000e+01 4.5101891000e+00 1.1055780000e+01 7.0106950000e+00 5.1719967000e+00 8.7991552000e+00 1.6913959000e+01 6.1359972000e+00 1.2564764000e+01 1.1102035000e+01 8.2393594000e+00 7.8990998000e+00 4.7670334000e+00 5.2747173000e+00 7.3637916000e+00 1.5033442000e+01 6.8223857000e+00 1.5599563000e+01 4.8090475000e+00 5.2226500000e+00 6.7400718000e+00 7.3599082000e+00
1.0517184000e+01 7.6583385000e+00 1.4688920000e+01 1.1967892000e+01 6.8437291000e+00 1.1589585000e+01 5.9972639000e+00 5.5732747000e+00 9.0286970000e+00 1.6280755000e+01 5.1879809000e+00 1.1567244000e+01 1.1008812000e+01 8.8894567000e+00 8.9502784000e+00 6.4458194000e+00 5.0314615000e+00 6.8751326000e+00 1.3964105000e+01 7.4252502000e+00 1.4778979000e+01 4.8627041000e+00 6.8584646000e+00 9.3957787000e+00 9.1962686000e+00
1.0255784000e+01 7.9731635000e+00 1.3435262000e+01 1.1745441000e+01 7.8492223000e+00 1.2678484000e+01 6.6295129000e+00 6.5665783000e+00 8.9844984000e+00 1.5915805000e+01 3.8516121000e+00 1.0829779000e+01 1.0698243000e+01 9.2839538000e+00 9.6811820000e+00 8.8670591000e+00 4.9311212000e+00 5.3125586000e+00 1.3090465000e+01 7.3099553000e+00 1.4532918000e+01 4.9253022000e+00 8.1464717000e+00 9.2618648000e+00 1.0234941000e+01
1.0164641000e+01 8.2583289000e+00 1.3091051000e+01 1.1662838000e+01 8.2044117000e+00 1.2977339000e+01 6.1398187000e+00 6.6965322000e+00 9.7304538000e+00 1.5766850000e+01 4.2232217000e+00 1.0631676000e+01 1.0558612000e+01 9.7245709000e+00 9.8861124000e+00 8.5855515000e+00 5.3707691000e+00 6.1041312000e+00 1.2507356000e+01 7.4244034000e+00 1.3853457000e+01 5.8185952000e+00 8.1636688000e+00 8.8014848000e+00 1.0081067000e+01
1.0157170000e+01 8.3950920000e+00 1.3051720000e+01 1.1666505000e+01 8.2870827000e+00 1.2971697000e+01 5.8912344000e+00 6.6911785000e+00 9.7635718000e+00 1.5692460000e+01 4.5520839000e+00 1.0598790000e+01 1.0548645000e+01 9.8702366000e+00 9.8749809000e+00 8.5990295000e+00 5.3725364000e+00 6.2546628000e+00 1.2192956000e+01 7.4362760000e+00 1.3811841000e+01 6.2237758000e+00 7.9633030000e+00 8.6196653000e+00 1.0098212000e+01
1.0004982000e+01 8.5654566000e+00 1.2882427000e+01 1.1618895000e+01 8.2708001000e+00 1.3010503000e+01 5.8907530000e+00 6.6944883000e+00 9.7646532000e+00 1.5526764000e+01 4.3528932000e+00 1.0658369000e+01 1.0536779000e+01 9.7316108000e+00 9.6077818000e+00 8.6596781000e+00 5.5608145000e+00 6.2418801000e+00 1.1934264000e+01 6.9759433000e+00 1.3751492000e+01 6.5678816000e+00 8.0763637000e+00 8.5851219000e+00 1.0075306000e+01
9.8350341000e+00 8.2410994000e+00 1.2698824000e+01 1.1564254000e+01 8.2166079000e+00 1.3017646000e+01 5.8866618000e+00 6.7397444000e+00 9.6500075000e+00 1.5118233000e+01 5.3579029000e+00 1.0500936000e+01 1.0385913000e+01 9.7270139000e+00 9.4158021000e+00 8.5719826000e+00 5.8016909000e+00 6.5309048000e+00 1.1744708000e+01 7.1808333000e+00 1.3345118000e+01 6.5379013000e+00 8.0117741000e+00 8.5907828000e+00 1.0062694000e+01
