9.9978432000e-01 1.0034251000e+00 9.9797413000e-01 9.9822224000e-01 1.0067641000e+00 9.9900128000e-01 9.9785310000e-01 9.9835456000e-01 9.9834603000e-01 9.9782000000e-01 9.9854200000e-01 9.9786235000e-01 9.9778900000e-01 9.9782970000e-01 9.9928250000e-01 9.9783814000e-01 9.9854025000e-01 9.9834370000e-01 9.9799981000e-01 9.9735732000e-01 9.9787333000e-01 1.0457886000e+00 9.9863709000e-01 1.0048152000e+00 9.9785144000e-01
1.0963451000e+00 1.4024735000e+00 1.0883960000e+00 1.0596850000e+00 1.0954478000e+00 1.1163993000e+00 1.1359972000e+00 1.2825751000e+00 1.0811940000e+00 1.1019453000e+00 1.1899345000e+00 1.1627190000e+00 1.0996933000e+00 1.2073954000e+00 1.1632418000e+00 1.6074482000e+00 1.0816156000e+00 1.0597642000e+00 1.0968968000e+00 1.1650459000e+00 1.3836904000e+00 1.1308173000e+00 1.0967800000e+00 1.0909900000e+00 1.0748953000e+00
1.4448201000e+00 1.4024735000e+00 1.3581348000e+00 1.2657167000e+00 1.3150481000e+00 1.3735189000e+00 1.4510060000e+00 1.3238406000e+00 1.3339430000e+00 1.2675485000e+00 1.4034091000e+00 1.3324348000e+00 1.4894082000e+00 1.4660001000e+00 1.3195585000e+00 1.3318206000e+00 1.4562166000e+00 1.2853633000e+00 1.5406806000e+00 1.4509128000e+00 1.4023837000e+00 1.4685650000e+00 1.4238537000e+00 1.3372809000e+00 1.2233757000e+00
1.5789489000e+00 1.7843505000e+00 1.4620226000e+00 1.6756515000e+00 1.4233926000e+00 1.3657552000e+00 1.5535522000e+00 1.3436562000e+00 1.4916242000e+00 1.4524008000e+00 1.6434217000e+00 1.4214230000e+00 1.4014852000e+00 1.8213056000e+00 1.5465897000e+00 1.5518159000e+00 1.4750245000e+00 1.5097853000e+00 1.5882378000e+00 1.5163829000e+00 1.3934059000e+00 1.4625961000e+00 1.5700136000e+00 1.4557615000e+00 1.5020421000e+00
1.7323693000e+00 1.9713280000e+00 1.5501707000e+00 1.7754390000e+00 1.3425819000e+00 1.7663557000e+00 1.8882820000e+00 1.5043972000e+00 1.7294571000e+00 1.3643958000e+00 2.0513233000e+00 1.3380931000e+00 1.4959369000e+00 1.8905408000e+00 1.7191374000e+00 1.7419700000e+00 1.6331933000e+00 1.4249643000e+00 1.6372190000e+00 1.5795042000e+00 1.3555627000e+00 1.4690833000e+00 1.7234946000e+00 1.5515689000e+00 1.6346516000e+00
1.8727279000e+00 1.9759373000e+00 1.6833465000e+00 1.8552952000e+00 1.4732733000e+00 2.0016995000e+00 1.9545880000e+00 1.7341381000e+00 2.1558357000e+00 1.3807873000e+00 2.2252174000e+00 1.4734046000e+00 1.7688042000e+00 1.8670374000e+00 1.8858331000e+00 1.8548887000e+00 1.7541275000e+00 1.5094489000e+00 1.9083919000e+00 1.8176947000e+00 1.3824831000e+00 1.6344628000e+00 1.7270919000e+00 1.6404086000e+00 1.9125003000e+00
1.9847769000e+00 1.9234621000e+00 1.7623541000e+00 1.8383386000e+00 1.5730157000e+00 2.0213754000e+00 1.9878467000e+00 1.8635398000e+00 2.1580304000e+00 1.4069461000e+00 2.2551471000e+00 1.5155449000e+00 1.8144139000e+00 1.9130816000e+00 1.9373042000e+00 1.7967671000e+00 1.9027745000e+00 1.5642020000e+00 1.9742477000e+00 1.8615885000e+00 1.3979226000e+00 1.7165785000e+00 1.9192888000e+00 1.6266723000e+00 1.9099980000e+00
1.9862879000e+00 1.9373503000e+00 1.7639212000e+00 1.8491968000e+00 1.5735495000e+00 2.0285669000e+00 2.0000858000e+00 1.8691170000e+00 2.1566689000e+00 1.4154752000e+00 2.2439930000e+00 1.5254898000e+00 1.8186492000e+00 1.9107843000e+00 1.9363561000e+00 1.7467827000e+00 1.9013160000e+00 1.5782318000e+00 1.9761592000e+00 1.8656886000e+00 1.3603754000e+00 1.7231876000e+00 1.9364353000e+00 1.6414707000e+00 1.8962488000e+00
1.9876311000e+00 1.9474447000e+00 1.7917688000e+00 1.8483616000e+00 1.5641854000e+00 2.0423038000e+00 2.0086205000e+00 1.8908955000e+00 2.1610403000e+00 1.3918414000e+00 2.2218964000e+00 1.5306385000e+00 1.7958515000e+00 1.9063103000e+00 1.9336361000e+00 1.6957805000e+00 1.8977682000e+00 1.5771022000e+00 1.9770395000e+00 1.8714010000e+00 1.3383441000e+00 1.7274680000e+00 1.9477079000e+00 1.6455867000e+00 1.8956855000e+00
1.9840195000e+00 1.9548478000e+00 1.8137689000e+00 1.8485472000e+00 1.5651025000e+00 2.0436782000e+00 2.0075406000e+00 1.8900765000e+00 2.1830567000e+00 1.3838266000e+00 2.2228857000e+00 1.5417572000e+00 1.7958266000e+00 1.9063259000e+00 1.9017920000e+00 1.6945501000e+00 1.8991158000e+00 1.5824485000e+00 1.9788308000e+00 1.8701796000e+00 1.7049634000e+00 1.7297031000e+00 1.9564938000e+00 1.6433595000e+00 1.8979344000e+00
