1.0664748870e+00 1.1800667777e+00 1.0953566682e+00 1.0643290998e+00 1.0496134823e+00 1.0127672672e+00 1.1402913842e+00 7.0578283667e-01 1.0997120427e+00 9.8610282367e-01 1.1540016693e+00 9.8237609233e-01 9.2410259600e-01 1.0856032847e+00 1.1643611629e+00 1.1353207133e+00 9.6630045597e-01 1.1451832863e+00 8.8043881267e-01 1.0816502027e+00 8.3013200033e-01 9.8555507067e-01 1.2233972660e+00 9.1435987233e-01 1.0560581620e+00
4.0849666667e-02 3.9557152167e-02 3.4681126667e-02 3.6336560000e-02 3.5177946667e-02 3.5251310000e-02 3.8117253333e-02 3.4971072660e-02 3.6014430000e-02 4.2334035867e-02 3.3783460000e-02 4.0776163333e-02 3.4608690000e-02 3.9544920000e-02 3.4195033333e-02 3.6443236667e-02 3.7900656667e-02 3.5594086667e-02 3.7632216667e-02 4.3116573800e-02 4.0537793333e-02 3.5073106667e-02 3.4717274563e-02 3.5468916667e-02 3.6158666667e-02
2.2560372313e-02 2.0558017667e-02 2.1053325000e-02 1.1720829660e-02 1.2857369333e-02 1.7032092667e-02 1.5740404000e-02 1.7407480333e-02 1.6804882667e-02 2.3094955053e-02 1.8810728333e-02 1.8278145667e-02 1.4738455667e-02 2.0275097333e-02 1.3054332333e-02 1.8665679200e-02 1.9011640667e-02 1.7795168667e-02 1.9682681000e-02 1.9295094998e-02 2.1611437693e-02 1.4326096640e-02 1.6285474000e-02 1.5440856000e-02 1.8885905527e-02
1.6354565667e-02 1.1428050987e-02 1.6694684667e-02 1.8764156913e-03 2.3279524667e-03 9.1870790000e-03 3.5334290790e-03 1.0681292566e-02 1.0217690113e-02 1.7815210283e-02 3.2070196033e-03 1.1742629018e-02 9.1588173333e-03 1.5628801333e-02 3.2233670810e-03 6.8274576667e-03 1.0457889000e-02 1.2768436284e-02 1.4408589787e-02 1.3938152333e-02 1.8450073850e-02 4.5213920000e-03 8.1954573967e-03 6.3546423333e-03 1.3465572333e-02
1.1268908575e-02 0.0000000000e+00 1.3964068217e-02 0.0000000000e+00 0.0000000000e+00 4.3242453333e-03 2.6679108333e-03 7.6571220000e-03 5.5706708300e-03 1.5581333855e-02 1.7114513467e-03 8.4831466233e-03 0.0000000000e+00 8.4694380000e-03 2.3666071333e-03 1.2177226333e-03 6.5079977600e-03 1.0110935000e-02 2.7206850280e-03 7.6288621400e-03 1.7590270997e-02 1.8543728133e-03 5.2363723000e-03 2.7037666288e-03 9.4951589900e-03
3.4838170000e-06 0.0000000000e+00 0.0000000000e+00 0.0000000000e+00 0.0000000000e+00 5.9444101667e-04 1.9850864757e-03 0.0000000000e+00 0.0000000000e+00 1.4412628000e-03 1.1155943288e-03 1.7255039000e-03 0.0000000000e+00 4.7114590000e-03 2.1910791000e-03 4.8558690000e-04 0.0000000000e+00 6.7874967700e-03 1.8478946221e-03 3.5581800000e-06 9.8798526667e-03 1.0646364833e-04 0.0000000000e+00 2.3042379000e-03 0.0000000000e+00
0.0000000000e+00 0.0000000000e+00 0.0000000000e+00 0.0000000000e+00 0.0000000000e+00 0.0000000000e+00 0.0000000000e+00 0.0000000000e+00 0.0000000000e+00 0.0000000000e+00 3.0172859733e-04 8.6123080000e-04 0.0000000000e+00 2.8218210000e-03 1.8673149140e-03 0.0000000000e+00 0.0000000000e+00 0.0000000000e+00 1.6592147667e-03 0.0000000000e+00 7.9195136667e-03 0.0000000000e+00 0.0000000000e+00 5.7809679667e-06 0.0000000000e+00
0.0000000000e+00 0.0000000000e+00 0.0000000000e+00 0.0000000000e+00 0.0000000000e+00 0.0000000000e+00 0.0000000000e+00 0.0000000000e+00 0.0000000000e+00 0.0000000000e+00 0.0000000000e+00 0.0000000000e+00 0.0000000000e+00 0.0000000000e+00 0.0000000000e+00 0.0000000000e+00 0.0000000000e+00 0.0000000000e+00 6.6773410983e-04 0.0000000000e+00 7.1911940000e-03 0.0000000000e+00 0.0000000000e+00 0.0000000000e+00 0.0000000000e+00
0.0000000000e+00 0.0000000000e+00 0.0000000000e+00 0.0000000000e+00 0.0000000000e+00 0.0000000000e+00 0.0000000000e+00 0.0000000000e+00 0.0000000000e+00 0.0000000000e+00 0.0000000000e+00 0.0000000000e+00 0.0000000000e+00 0.0000000000e+00 0.0000000000e+00 0.0000000000e+00 0.0000000000e+00 0.0000000000e+00 0.0000000000e+00 0.0000000000e+00 1.5632643000e-03 0.0000000000e+00 0.0000000000e+00 0.0000000000e+00 0.0000000000e+00
0.0000000000e+00 0.0000000000e+00 0.0000000000e+00 0.0000000000e+00 0.0000000000e+00 0.0000000000e+00 0.0000000000e+00 0.0000000000e+00 0.0000000000e+00 0.0000000000e+00 0.0000000000e+00 0.0000000000e+00 0.0000000000e+00 0.0000000000e+00 0.0000000000e+00 0.0000000000e+00 0.0000000000e+00 0.0000000000e+00 0.0000000000e+00 0.0000000000e+00 1.0040138462e-03 0.0000000000e+00 0.0000000000e+00 0.0000000000e+00 0.0000000000e+00
