5.8896346383e-01 5.6235638317e-01 6.0015499317e-01 6.6939779383e-01 5.6246536117e-01 6.5073503567e-01 6.6620055450e-01 6.0859886767e-01 7.2527062717e-01 5.7879064670e-01 5.8805517150e-01 5.7344136050e-01 6.2107228033e-01 6.1302991800e-01 6.5052785733e-01 5.7997546217e-01 6.0176318450e-01 6.8116990633e-01 7.3091919900e-01 6.8156479600e-01 7.2706985450e-01 5.4387052983e-01 7.5031174050e-01 5.6593841417e-01 4.8204026133e-01
3.2508951033e-01 3.0918234983e-01 2.8293860270e-01 3.5005787100e-01 2.9078410000e-01 2.7391890367e-01 3.1342584417e-01 2.9668082867e-01 2.8129950300e-01 3.1821043300e-01 2.8677532783e-01 2.7624986760e-01 2.8830983667e-01 2.6669216150e-01 2.6778016922e-01 3.6128748283e-01 2.8107794718e-01 2.7193806383e-01 2.9371249933e-01 2.9961687267e-01 3.0380873433e-01 2.8267835683e-01 4.0499342417e-01 2.9063646160e-01 2.5430815267e-01
1.1914876780e-01 1.0524658500e-01 5.2836788517e-02 1.5788819780e-01 6.8061295167e-02 8.7648727167e-02 1.0665001333e-01 5.0324540333e-02 1.2723245892e-01 1.0499977117e-01 1.0300599455e-01 1.0479876700e-01 8.0510612517e-02 1.1224533503e-01 1.1771130600e-01 1.2696698283e-01 8.7087167333e-02 1.0825590417e-01 1.0184788883e-01 1.2059340783e-01 1.1320000073e-01 9.0180180117e-02 1.8562322283e-01 1.2103320900e-01 3.5122048545e-02
7.7811411667e-03 7.1142865100e-03 6.6789498017e-03 1.0200539065e-02 6.9259245333e-03 7.0179266667e-03 7.4717697483e-03 6.2473148500e-03 9.1726495067e-03 8.4383739317e-03 6.8479680217e-03 8.0494768183e-03 7.5222952317e-03 8.6748605167e-03 9.5553711833e-03 9.2184151000e-03 8.5086869667e-03 9.5241208717e-03 9.7188075333e-03 7.2268706667e-03 7.8673251333e-03 7.2436554500e-03 1.5116644285e-02 8.3462145883e-03 6.6240115833e-03
3.4022678900e-03 2.9749712617e-03 2.9287315317e-03 4.3818965233e-03 2.3934820050e-03 3.4966918550e-03 3.9876764200e-03 3.1289750300e-03 4.2219753783e-03 3.4424904667e-03 2.8309881517e-03 4.4061802717e-03 3.6697074500e-03 4.8903256250e-03 4.3350684900e-03 3.8302663917e-03 4.3056794850e-03 4.6571924667e-03 4.4108495200e-03 4.3625911567e-03 2.7826765350e-03 3.9561276833e-03 5.4001615150e-03 3.8147678183e-03 3.4367413467e-03
1.1806772467e-03 1.1812955000e-03 1.2824045000e-03 1.5952749750e-03 1.1595390233e-03 1.7456698717e-03 1.5594912917e-03 1.0711876433e-03 1.7064291983e-03 1.2975704500e-03 1.4290053550e-03 2.1938581067e-03 1.1535181233e-03 1.9004682883e-03 1.5375439200e-03 1.4855895550e-03 1.6872481500e-03 1.4319123750e-03 2.2552191883e-03 1.4932170167e-03 1.2364020800e-03 1.1559780200e-03 2.1470143167e-03 1.6836539883e-03 1.0116995667e-03
5.6179149000e-04 5.6621493333e-04 6.2215725000e-04 6.9176061000e-04 6.6390494000e-04 9.7503099000e-04 9.0563975000e-04 4.6655877500e-04 7.3739878000e-04 5.2035897000e-04 7.8201032000e-04 1.0242801433e-03 6.4354001500e-04 8.8817458333e-04 4.2144863833e-04 6.8440043833e-04 5.5012694333e-04 5.6809567667e-04 7.6137479167e-04 6.3787428333e-04 5.8799816500e-04 4.0324103833e-04 9.0836761833e-04 8.3493675667e-04 3.6044402833e-04
3.5511496167e-04 3.4437244333e-04 4.3614885167e-04 4.9517316167e-04 5.6165369500e-04 5.8867128333e-04 6.1049545500e-04 2.1988188167e-04 3.0669049000e-04 2.3545271833e-04 5.6591317667e-04 5.4611210000e-04 4.0486861167e-04 6.9417872667e-04 2.2643500500e-04 4.6163057833e-04 3.5480923500e-04 2.9317513833e-04 4.6712919167e-04 3.8872495333e-04 2.7608585000e-04 2.0358419500e-04 6.6706627500e-04 5.3027877500e-04 1.5570145667e-04
2.4832446000e-04 1.0638097500e-04 2.9501528000e-04 2.4418405000e-04 4.8192317000e-04 3.9513820167e-04 2.3290536667e-04 0.0000000000e+00 8.7697325000e-05 3.4865493333e-05 3.9017652167e-04 3.9466691833e-04 1.8668651667e-04 5.7623310333e-04 0.0000000000e+00 2.1802184667e-04 1.8882505333e-04 7.6629791667e-05 1.5210732167e-04 1.0297134500e-04 1.5710144333e-04 0.0000000000e+00 4.0683656667e-04 1.8197570000e-04 0.0000000000e+00
0.0000000000e+00 0.0000000000e+00 0.0000000000e+00 0.0000000000e+00 0.0000000000e+00 9.5051183333e-05 0.0000000000e+00 0.0000000000e+00 0.0000000000e+00 0.0000000000e+00 1.6009536000e-04 1.6762500667e-04 0.0000000000e+00 3.0134871667e-05 0.0000000000e+00 0.0000000000e+00 0.0000000000e+00 0.0000000000e+00 0.0000000000e+00 0.0000000000e+00 0.0000000000e+00 0.0000000000e+00 0.0000000000e+00 0.0000000000e+00 0.0000000000e+00
