1.8009489000e+01 1.7935778000e+01 1.7401640000e+01 1.7712752000e+01 1.7622261000e+01 1.6798593000e+01 1.7619437000e+01 1.7142794000e+01 1.6797392000e+01 1.6860251000e+01 1.8277312000e+01 1.7598420000e+01 1.6387363000e+01 1.6639739000e+01 1.8047961000e+01 1.7628493000e+01 1.8329068000e+01 1.7169048000e+01 1.7563549000e+01 1.7825699000e+01 1.7492867000e+01 1.6334454000e+01 1.7517208000e+01 1.8518088000e+01 1.8325287000e+01
1.7237012000e+01 1.6567163000e+01 1.7464477000e+01 1.6973068000e+01 1.7140473000e+01 1.6798593000e+01 1.7227633000e+01 1.6568174000e+01 1.6799600000e+01 1.6860251000e+01 1.6640239000e+01 1.7116891000e+01 1.6387363000e+01 1.6575587000e+01 1.6598104000e+01 1.7736101000e+01 1.7138364000e+01 1.6258052000e+01 1.6554354000e+01 1.7160552000e+01 1.6590450000e+01 1.7893224000e+01 1.7352467000e+01 1.6906903000e+01 1.8337127000e+01
1.6638536000e+01 1.6292876000e+01 1.6154488000e+01 1.6587770000e+01 1.6239627000e+01 1.6342179000e+01 1.6484477000e+01 1.6180081000e+01 1.6361137000e+01 1.6609525000e+01 1.6408680000e+01 1.6604475000e+01 1.6886878000e+01 1.6456919000e+01 1.6418993000e+01 1.6329920000e+01 1.7117959000e+01 1.6310366000e+01 1.6440985000e+01 1.6390053000e+01 1.6656599000e+01 1.6934364000e+01 1.6838988000e+01 1.6288902000e+01 1.6336203000e+01
1.6093654000e+01 1.6104636000e+01 1.6133354000e+01 1.6161013000e+01 1.6096683000e+01 1.6143260000e+01 1.6337945000e+01 1.6131211000e+01 1.6306689000e+01 1.6103566000e+01 1.6104900000e+01 1.6106714000e+01 1.6107416000e+01 1.6094870000e+01 1.6106262000e+01 1.6126579000e+01 1.6096212000e+01 1.6108497000e+01 1.6087675000e+01 1.6105944000e+01 1.6274102000e+01 1.6107434000e+01 1.6134654000e+01 1.6089281000e+01 1.6151219000e+01
1.6074754000e+01 1.6079904000e+01 1.6078199000e+01 1.6079467000e+01 1.6078145000e+01 1.6073806000e+01 1.6075720000e+01 1.6077667000e+01 1.6078935000e+01 1.6075606000e+01 1.6075672000e+01 1.6077501000e+01 1.6076215000e+01 1.6076477000e+01 1.6076708000e+01 1.6075783000e+01 1.6078206000e+01 1.6075545000e+01 1.6074323000e+01 1.6075988000e+01 1.6078664000e+01 1.6075741000e+01 1.6074940000e+01 1.6074748000e+01 1.6075760000e+01
1.6070584000e+01 1.6070205000e+01 1.6070414000e+01 1.6070248000e+01 1.6070047000e+01 1.6070558000e+01 1.6070381000e+01 1.6070193000e+01 1.6070247000e+01 1.6070297000e+01 1.6070548000e+01 1.6070225000e+01 1.6070142000e+01 1.6070256000e+01 1.6070162000e+01 1.6070122000e+01 1.6070248000e+01 1.6070512000e+01 1.6070383000e+01 1.6070355000e+01 1.6070105000e+01 1.6070354000e+01 1.6070276000e+01 1.6070057000e+01 1.6070424000e+01
1.6069869000e+01 1.6069869000e+01 1.6069869000e+01 1.6069869000e+01 1.6069869000e+01 1.6069869000e+01 1.6069869000e+01 1.6069869000e+01 1.6069869000e+01 1.6069869000e+01 1.6069869000e+01 1.6069869000e+01 1.6069869000e+01 1.6069869000e+01 1.6069869000e+01 1.6069869000e+01 1.6069869000e+01 1.6069869000e+01 1.6069869000e+01 1.6069869000e+01 1.6069869000e+01 1.6069869000e+01 1.6069869000e+01 1.6069869000e+01 1.6069869000e+01
1.6069869000e+01 1.6069869000e+01 1.6069869000e+01 1.6069869000e+01 1.6069869000e+01 1.6069869000e+01 1.6069869000e+01 1.6069869000e+01 1.6069869000e+01 1.6069869000e+01 1.6069869000e+01 1.6069869000e+01 1.6069869000e+01 1.6069869000e+01 1.6069869000e+01 1.6069869000e+01 1.6069869000e+01 1.6069869000e+01 1.6069869000e+01 1.6069869000e+01 1.6069869000e+01 1.6069869000e+01 1.6069869000e+01 1.6069869000e+01 1.6069869000e+01
1.6069869000e+01 1.6069869000e+01 1.6069869000e+01 1.6069869000e+01 1.6069869000e+01 1.6069869000e+01 1.6069869000e+01 1.6069869000e+01 1.6069869000e+01 1.6069869000e+01 1.6069869000e+01 1.6069869000e+01 1.6069869000e+01 1.6069869000e+01 1.6069869000e+01 1.6069869000e+01 1.6069869000e+01 1.6069869000e+01 1.6069869000e+01 1.6069869000e+01 1.6069869000e+01 1.6069869000e+01 1.6069869000e+01 1.6069869000e+01 1.6069869000e+01
1.6069869000e+01 1.6069869000e+01 1.6069869000e+01 1.6069869000e+01 1.6069869000e+01 1.6069869000e+01 1.6069869000e+01 1.6069869000e+01 1.6069869000e+01 1.6069869000e+01 1.6069869000e+01 1.6069869000e+01 1.6069869000e+01 1.6069869000e+01 1.6069869000e+01 1.6069869000e+01 1.6069869000e+01 1.6069869000e+01 1.6069869000e+01 1.6069869000e+01 1.6069869000e+01 1.6069869000e+01 1.6069869000e+01 1.6069869000e+01 1.6069869000e+01
