2.5304669979e+00 2.4651227340e+00 2.4351618999e+00 2.4345975462e+00 2.5232641677e+00 2.4372637967e+00 2.4482115243e+00 2.4886044794e+00 2.4330301537e+00 2.4963637136e+00 2.4152830299e+00 2.4844592563e+00 2.4458498958e+00 2.5535804282e+00 2.4594544790e+00 2.4274721297e+00 2.7133997718e+00 2.4880007300e+00 2.4692750169e+00 2.4694453951e+00 2.4396975560e+00 2.6520668374e+00 2.4387791357e+00 2.3804919879e+00 2.4396118410e+00
2.0982857912e+00 1.8612393605e+00 2.0283418744e+00 1.9967738322e+00 1.9829130082e+00 1.9835694483e+00 1.9757849991e+00 2.0241215178e+00 2.1642792038e+00 1.9920513251e+00 1.9857442160e+00 2.0669361302e+00 1.9995024470e+00 1.9670071807e+00 2.0375751314e+00 1.8746583600e+00 2.0149358418e+00 2.0734053009e+00 1.9777418846e+00 1.9240990860e+00 2.1384069191e+00 2.0310195171e+00 2.0063356371e+00 1.9983632574e+00 2.1534912223e+00
1.6416556571e+00 1.8612393605e+00 1.3100020369e+00 1.6476995339e+00 1.4737918354e+00 1.5906274710e+00 1.4648739127e+00 1.6315090579e+00 1.5811058696e+00 1.7985399347e+00 1.1919622972e+00 1.4530137593e+00 1.1566763718e+00 1.6374926444e+00 1.4037511431e+00 1.7830435230e+00 1.0133145072e+00 1.6961110390e+00 6.2028959903e-01 1.0656231000e+00 1.7517042094e+00 1.0383178838e+00 1.3227775522e+00 1.1713539204e+00 1.7642015064e+00
8.0048611063e-01 7.0634193165e-01 7.8770993108e-01 5.9193346142e-01 6.5404809618e-01 6.1663852535e-01 8.0424230116e-01 1.1558397648e+00 6.5670564837e-01 1.0556364835e+00 6.0640119336e-01 9.4824781588e-01 4.8458073455e-01 5.9386825441e-01 5.8246698593e-01 1.5725831215e+00 5.9761124676e-01 9.3387032101e-01 4.1855193377e-01 5.9193833971e-01 1.2792384058e+00 5.4902377924e-01 6.3284242224e-01 5.4136923521e-01 9.1358161355e-01
5.7389010069e-01 3.5556057116e-01 4.1457348232e-01 2.9698918257e-01 2.9531625614e-01 3.3788557946e-01 2.9791674555e-01 8.5804660249e-01 2.9581832663e-01 6.8512665204e-01 3.2023213808e-01 6.8779293864e-01 3.0856495276e-01 3.1534764037e-01 3.7896299015e-01 7.5405094908e-01 3.3387482772e-01 4.6531521615e-01 3.2025607600e-01 4.8725835788e-01 1.2214917052e+00 3.1512578505e-01 2.8194071511e-01 4.0583127977e-01 5.8896734861e-01
2.5771024028e-01 3.4863652513e-01 2.4030342822e-01 1.7602232271e-01 2.0937804057e-01 5.4494714295e-02 2.3956293513e-01 4.0414445166e-01 2.5467886086e-01 5.2785056927e-01 1.8502851861e-01 4.9701165459e-01 1.8331176411e-01 2.7500159437e-01 2.0469810511e-01 3.3144874611e-01 2.2551348626e-01 3.1367526794e-01 1.2092152806e-01 2.0773310250e-01 8.7877456579e-01 2.6539837025e-01 2.7763194761e-01 1.9392226306e-01 2.9840683078e-01
2.2932681604e-02 3.4192677345e-02 2.5590024540e-02 2.2937360438e-02 2.1061336484e-02 9.5279654666e-03 3.5329945675e-02 4.3319967739e-02 2.1543267178e-02 1.1791031970e-01 1.5900509517e-02 2.9006406727e-02 1.3277580696e-02 3.1431879348e-02 1.7816238469e-02 4.3999869779e-02 1.4450851887e-02 4.3363508016e-02 1.1105524651e-02 3.0764711982e-02 5.6883452392e-01 1.8997334621e-02 3.2484115651e-02 2.5683540716e-02 4.7036003769e-02
2.0609853483e-02 2.6669819124e-02 2.3919427714e-02 1.9989042943e-02 1.8417066681e-02 7.5867056895e-03 3.1071148873e-02 3.9334568155e-02 1.9620582589e-02 4.2373817069e-02 1.3976143837e-02 2.1631294862e-02 1.2318721400e-02 2.7288284880e-02 1.2951044504e-02 3.4532301625e-02 1.2197411720e-02 3.6686969103e-02 6.5111622521e-03 2.8449767016e-02 5.3889340995e-01 1.6272978644e-02 2.6693571158e-02 2.3169095665e-02 2.4493877776e-02
1.8737657873e-02 1.9988053796e-02 2.0070392629e-02 1.8474105665e-02 1.5371705117e-02 4.2914094116e-03 2.8804574535e-02 3.4751743143e-02 1.9167785412e-02 3.6928166022e-02 1.2912489598e-02 1.9103266414e-02 1.0527538040e-02 2.5837250801e-02 1.1806995548e-02 2.9404290111e-02 1.1208288856e-02 3.5495206988e-02 5.6555306337e-03 2.7618491094e-02 5.3515540297e-01 1.5484565304e-02 2.3787728812e-02 2.2328008718e-02 2.1555062259e-02
1.5186670148e-02 1.7791307412e-02 1.7862018811e-02 1.8257451744e-02 1.5200352676e-02 3.9152540697e-03 2.7521166136e-02 3.3470732350e-02 1.7892645575e-02 3.3068625655e-02 1.2747953886e-02 1.7466267845e-02 9.9243483237e-03 2.5513163575e-02 1.0247647650e-02 2.8458410838e-02 1.0442021913e-02 3.4173818218e-02 5.2717488250e-03 2.7143816466e-02 5.3328972485e-01 1.4955706827e-02 2.2884544771e-02 2.1826625465e-02 2.1065920883e-02
