4.0507714327e+03 3.7008513638e+03 3.0139025229e+03 3.7619911745e+03 3.1365427531e+03 2.9356314346e+03 2.8784858060e+03 2.0094432435e+03 2.1167126375e+03 3.6231219323e+03 2.9586658942e+03 3.3732690972e+03 5.0128445860e+03 2.5274419577e+03 4.5460352530e+03 3.2537502015e+03 3.2132832994e+03 2.7757556191e+03 3.0249467960e+03 2.3472785911e+03 2.7907924586e+03 4.7932399023e+03 3.1497724098e+03 4.3062249850e+03 4.2639125046e+03
8.1085010837e+01 7.1834398055e+01 6.3336971915e+01 5.8218859460e+01 7.0529744380e+01 6.1714784270e+01 7.9467876682e+01 6.4868766902e+01 4.0279349386e+01 7.2633901596e+01 7.5937560252e+01 7.4008939035e+01 6.3160854338e+01 5.6089420153e+01 7.0366882363e+01 7.3006549979e+01 5.6933964484e+01 7.4808823149e+01 6.1018336003e+01 8.2978485611e+01 6.2007170289e+01 6.7006554637e+01 8.7149898922e+01 8.3196971766e+01 6.3355489945e+01
1.2490366252e+00 2.2794940689e-01 1.2064231261e+00 9.2612092595e-01 1.4821008609e+00 1.2820227806e+00 5.9694208217e-01 1.0432537899e+00 1.0276864457e+00 1.1016546443e+00 1.3672508555e+00 1.0784105225e+00 1.4026222539e+00 1.3099771630e+00 1.2899670769e+00 1.5322522474e+00 1.3366250405e+00 1.3576884863e+00 1.0696662003e+00 1.2568314715e+00 1.0993444327e+00 1.2199530234e+00 1.0187673088e+00 1.1607214251e+00 1.1242883978e+00
2.1611136244e-02 2.6508223778e-02 1.8094898433e-02 2.5834779411e-02 3.6614109333e-02 2.4725132111e-02 1.4296029267e-02 1.9401283678e-02 2.1451159778e-02 1.8899518778e-02 2.3669185444e-02 2.2111284278e-02 2.6204872600e-02 2.5371390222e-02 2.6437906522e-02 2.6929750789e-02 1.7332153167e-02 1.3934795544e-02 2.1981492089e-02 2.1202534200e-02 1.3529915511e-02 2.4131961444e-02 2.4075760778e-02 1.3633524711e-02 1.8707862953e-02
4.9639232333e-04 3.9329506889e-04 3.6678030000e-04 1.8331959444e-04 3.3817106222e-04 2.9454527667e-04 4.4165948556e-04 5.5311746556e-04 5.1321419556e-04 2.5782316333e-04 3.6804104778e-04 3.2341893444e-04 4.5906783111e-04 6.1043139333e-04 4.4797076444e-04 2.8854245000e-04 5.1902127556e-04 4.6087133556e-04 3.6386271000e-04 4.5460994444e-04 3.5634639444e-04 3.7784710667e-04 3.8641786000e-04 3.7993496111e-04 3.0806881778e-04
0.0000000000e+00 0.0000000000e+00 0.0000000000e+00 0.0000000000e+00 0.0000000000e+00 0.0000000000e+00 0.0000000000e+00 0.0000000000e+00 0.0000000000e+00 0.0000000000e+00 0.0000000000e+00 0.0000000000e+00 0.0000000000e+00 0.0000000000e+00 0.0000000000e+00 0.0000000000e+00 0.0000000000e+00 0.0000000000e+00 0.0000000000e+00 0.0000000000e+00 0.0000000000e+00 0.0000000000e+00 0.0000000000e+00 0.0000000000e+00 0.0000000000e+00
0.0000000000e+00 0.0000000000e+00 0.0000000000e+00 0.0000000000e+00 0.0000000000e+00 0.0000000000e+00 0.0000000000e+00 0.0000000000e+00 0.0000000000e+00 0.0000000000e+00 0.0000000000e+00 0.0000000000e+00 0.0000000000e+00 0.0000000000e+00 0.0000000000e+00 0.0000000000e+00 0.0000000000e+00 0.0000000000e+00 0.0000000000e+00 0.0000000000e+00 0.0000000000e+00 0.0000000000e+00 0.0000000000e+00 0.0000000000e+00 0.0000000000e+00
0.0000000000e+00 0.0000000000e+00 0.0000000000e+00 0.0000000000e+00 0.0000000000e+00 0.0000000000e+00 0.0000000000e+00 0.0000000000e+00 0.0000000000e+00 0.0000000000e+00 0.0000000000e+00 0.0000000000e+00 0.0000000000e+00 0.0000000000e+00 0.0000000000e+00 0.0000000000e+00 0.0000000000e+00 0.0000000000e+00 0.0000000000e+00 0.0000000000e+00 0.0000000000e+00 0.0000000000e+00 0.0000000000e+00 0.0000000000e+00 0.0000000000e+00
0.0000000000e+00 0.0000000000e+00 0.0000000000e+00 0.0000000000e+00 0.0000000000e+00 0.0000000000e+00 0.0000000000e+00 0.0000000000e+00 0.0000000000e+00 0.0000000000e+00 0.0000000000e+00 0.0000000000e+00 0.0000000000e+00 0.0000000000e+00 0.0000000000e+00 0.0000000000e+00 0.0000000000e+00 0.0000000000e+00 0.0000000000e+00 0.0000000000e+00 0.0000000000e+00 0.0000000000e+00 0.0000000000e+00 0.0000000000e+00 0.0000000000e+00
0.0000000000e+00 0.0000000000e+00 0.0000000000e+00 0.0000000000e+00 0.0000000000e+00 0.0000000000e+00 0.0000000000e+00 0.0000000000e+00 0.0000000000e+00 0.0000000000e+00 0.0000000000e+00 0.0000000000e+00 0.0000000000e+00 0.0000000000e+00 0.0000000000e+00 0.0000000000e+00 0.0000000000e+00 0.0000000000e+00 0.0000000000e+00 0.0000000000e+00 0.0000000000e+00 0.0000000000e+00 0.0000000000e+00 0.0000000000e+00 0.0000000000e+00
