9.0909090909e+04 9.0909090909e+04 9.0909090909e+04 9.0909090909e+04 9.0909090909e+04 9.0909090909e+04 9.0909090909e+04 9.0909090909e+04 9.0909090909e+04 9.0909090909e+04 9.0909090909e+04 9.0909090909e+04 9.0909090909e+04 9.0909090909e+04 9.0909090909e+04 9.0909090909e+04 9.0909090909e+04 9.0909090909e+04 9.0909090909e+04 9.0909090909e+04 9.0909090909e+04 9.0909090909e+04 9.0909090909e+04 9.0909090909e+04 9.0909090909e+04
9.0909090909e+04 9.0909090909e+04 9.0909090909e+04 9.0909090909e+04 9.0909090909e+04 9.0909090909e+04 9.0909090909e+04 9.0909090909e+04 9.0909090909e+04 9.0909090909e+04 9.0909090909e+04 9.0909090909e+04 9.0909090909e+04 9.0909090909e+04 9.0909090909e+04 9.0909090909e+04 9.0909090909e+04 9.0909090909e+04 9.0909090909e+04 9.0909090909e+04 9.0909090909e+04 9.0909090909e+04 9.0909090909e+04 9.0909090909e+04 9.0909090909e+04
9.0909090909e+04 9.0909090909e+04 9.0909090909e+04 9.0909090909e+04 9.0909090909e+04 9.0909090909e+04 9.0909090909e+04 9.0909090909e+04 9.0909090909e+04 9.0909090909e+04 9.0909090909e+04 9.0909090909e+04 9.0909090909e+04 9.0909090909e+04 9.0909090909e+04 9.0909090909e+04 9.0909090909e+04 9.0909090909e+04 9.0909090909e+04 9.0909090909e+04 9.0909090909e+04 9.0909090909e+04 9.0909090909e+04 9.0909090909e+04 9.0909090909e+04
9.0909090909e+04 9.0909090909e+04 9.0909090909e+04 9.0909090909e+04 9.0909090909e+04 9.0909090909e+04 9.0909090909e+04 9.0909090909e+04 9.0909090909e+04 9.0909090909e+04 9.0909090909e+04 9.0909090909e+04 9.0909090909e+04 9.0909090909e+04 9.0909090909e+04 9.0909090909e+04 9.0909090909e+04 9.0909090909e+04 9.0909090909e+04 9.0909090909e+04 9.0909090909e+04 9.0909090909e+04 9.0909090909e+04 9.0909090909e+04 9.0909090909e+04
9.0909090909e+04 9.0909090909e+04 9.0909090909e+04 9.0909090909e+04 9.0909090909e+04 9.0909090909e+04 9.0909090909e+04 9.0909090909e+04 9.0909090909e+04 9.0909090909e+04 9.0909090909e+04 9.0909090909e+04 9.0909090909e+04 9.0909090909e+04 9.0909090909e+04 9.0909090909e+04 9.0909090909e+04 9.0909090909e+04 9.0909090909e+04 9.0909090909e+04 9.0909090909e+04 9.0909090909e+04 9.0909090909e+04 9.0909090909e+04 9.0909090909e+04
9.0909090909e+04 9.0909090909e+04 9.0909090909e+04 9.0909090909e+04 9.0909090909e+04 9.0909090909e+04 9.0909090909e+04 9.0909090909e+04 9.0909090909e+04 9.0909090909e+04 9.0909090909e+04 9.0909090909e+04 9.0909090909e+04 9.0909090909e+04 9.0909090909e+04 9.0909090909e+04 9.0909090909e+04 9.0909090909e+04 9.0909090909e+04 9.0909090909e+04 9.0909090909e+04 9.0909090909e+04 9.0909090909e+04 9.0909090909e+04 9.0909090909e+04
9.0909090909e+04 9.0909090909e+04 9.0909090909e+04 9.0909090909e+04 9.0909090909e+04 9.0909090909e+04 9.0909090909e+04 9.0909090909e+04 9.0909090909e+04 9.0909090909e+04 9.0909090909e+04 9.0909090909e+04 9.0909090909e+04 9.0909090909e+04 9.0909090909e+04 9.0909090909e+04 9.0909090909e+04 9.0909090909e+04 9.0909090909e+04 9.0909090909e+04 9.0909090909e+04 9.0909090909e+04 9.0909090909e+04 9.0909090909e+04 9.0909090909e+04
9.0909090909e+04 9.0909090909e+04 9.0909090909e+04 9.0909090909e+04 9.0909090909e+04 9.0909090909e+04 9.0909090909e+04 9.0909090909e+04 9.0909090909e+04 9.0909090909e+04 9.0909090909e+04 9.0909090909e+04 9.0909090909e+04 9.0909090909e+04 9.0909090909e+04 0.0000000000e+00 9.0909090909e+04 9.0909090909e+04 9.0909090909e+04 9.0909090909e+04 9.0909090909e+04 9.0909090909e+04 9.0909090909e+04 9.0909090909e+04 9.0909090909e+04
9.0909090909e+04 0.0000000000e+00 9.0909090909e+04 9.0909090909e+04 0.0000000000e+00 9.0909090909e+04 0.0000000000e+00 9.0909090909e+04 9.0909090909e+04 0.0000000000e+00 0.0000000000e+00 0.0000000000e+00 9.0909090909e+04 9.0909090909e+04 9.0909090909e+04 0.0000000000e+00 9.0909090909e+04 9.0909090909e+04 9.0909090909e+04 9.0909090909e+04 9.0909090909e+04 9.0909090909e+04 0.0000000000e+00 0.0000000000e+00 0.0000000000e+00
0.0000000000e+00 0.0000000000e+00 0.0000000000e+00 0.0000000000e+00 0.0000000000e+00 0.0000000000e+00 0.0000000000e+00 0.0000000000e+00 0.0000000000e+00 0.0000000000e+00 0.0000000000e+00 0.0000000000e+00 0.0000000000e+00 0.0000000000e+00 0.0000000000e+00 0.0000000000e+00 0.0000000000e+00 0.0000000000e+00 0.0000000000e+00 0.0000000000e+00 0.0000000000e+00 0.0000000000e+00 0.0000000000e+00 0.0000000000e+00 0.0000000000e+00
