8.4323915833e+01 8.3036687937e+01 8.8489634983e+01 8.7782005609e+01 8.5820262294e+01 8.3698146812e+01 8.4373022207e+01 8.1833508604e+01 8.1928205284e+01 8.6522800604e+01 8.7485080098e+01 9.0871971891e+01 8.7762051328e+01 8.8066324675e+01 8.7818915457e+01 8.8794855401e+01 9.0049103830e+01 8.6686975776e+01 8.7711661658e+01 8.0953388902e+01 9.1025388922e+01 7.4293976026e+01 8.6888154741e+01 8.7798673557e+01 7.9110478569e+01
1.5339985582e+01 1.9816958697e+01 2.1516948446e+01 1.4979429457e+01 1.5155887515e+01 1.6501362224e+01 1.3736014511e+01 1.5597715650e+01 1.2439710892e+01 1.7623501433e+01 1.5982682247e+01 1.5256801053e+01 1.6463081361e+01 1.7409115470e+01 1.8836792675e+01 1.8273281241e+01 1.4704184741e+01 1.7509006343e+01 1.4393786089e+01 1.9602633378e+01 1.7756392843e+01 1.6493190413e+01 1.6349035415e+01 1.7190931040e+01 1.4574274719e+01
5.5872527446e+00 6.3759875730e+00 3.8894095050e+00 3.8488215641e+00 4.1469914420e+00 3.8378157886e+00 5.2647170385e+00 3.3992294606e+00 3.8117944435e+00 4.2681654017e+00 4.3113086933e+00 3.9269335058e+00 3.9891077759e+00 5.3572476547e+00 7.2076121730e+00 4.9690265779e+00 4.4356691757e+00 4.0811509117e+00 4.1016880653e+00 5.7371831584e+00 5.0021200570e+00 4.1632570204e+00 4.3597907613e+00 4.8671967148e+00 4.4984094573e+00
2.8864287665e+00 3.3160121600e+00 1.9876475116e+00 2.4497191427e+00 2.5871211234e+00 2.3934353817e+00 3.6082969853e+00 2.4426234302e+00 2.3843112638e+00 2.7447490606e+00 2.4531869780e+00 2.7498088371e+00 2.5054902499e+00 3.3433661822e+00 4.1712981301e+00 2.5351923998e+00 2.3782867832e+00 2.3285585338e+00 2.5658345434e+00 2.3915929596e+00 2.9502268379e+00 2.4615997042e+00 2.9963574009e+00 3.1684454285e+00 2.4395394298e+00
1.7991075603e+00 2.2768234625e+00 1.4850647661e+00 1.8608956069e+00 1.8806840856e+00 1.9890234143e+00 2.0106708900e+00 1.7627071481e+00 1.8680690280e+00 2.2468530446e+00 1.9820654260e+00 2.2391917770e+00 2.1693793820e+00 2.0557917362e+00 2.8583341197e+00 1.9713964076e+00 1.7390954487e+00 1.9720793113e+00 1.5402710686e+00 1.6029964589e+00 1.8841524842e+00 1.8183176460e+00 2.3794396565e+00 2.5154478102e+00 1.7557453490e+00
1.5633538299e+00 1.4385590220e+00 1.2482825271e+00 1.6240368774e+00 1.3867293352e+00 1.8012711499e+00 1.4518053178e+00 1.4648020848e+00 1.5571204842e+00 1.8419779944e+00 1.7199307117e+00 1.2919407578e+00 1.8559541473e+00 1.6159037951e+00 2.1841501192e+00 1.3344669710e+00 1.5025070005e+00 1.7671101211e+00 1.0831848245e+00 1.2332535031e+00 1.2666870357e+00 1.6212592942e+00 2.0148104113e+00 2.2211966006e+00 1.4695265037e+00
1.3211172506e+00 1.1150006055e+00 8.1837766090e-01 1.2858211302e+00 1.1760765528e+00 1.3266225520e+00 1.1258114155e+00 1.2222484709e+00 1.2878953148e+00 1.5292177866e+00 1.5440603092e+00 9.7049314299e-01 1.5693275869e+00 1.2983001307e+00 1.2651698146e+00 1.0611481522e+00 1.3585786294e+00 1.4117990996e+00 8.9204985361e-01 9.7614929400e-01 1.0562925201e+00 1.3395521700e+00 1.3861862549e+00 1.6895972325e+00 1.1361355111e+00
1.2396163524e+00 1.0429986275e+00 7.4609153032e-01 1.1883857431e+00 1.1365746355e+00 1.2126259431e+00 8.8164688583e-01 1.1150287260e+00 1.1724577626e+00 1.4277895133e+00 1.4964782327e+00 9.0329592898e-01 1.3701736549e+00 1.2402551415e+00 1.0953391445e+00 9.4737359016e-01 1.3053964642e+00 1.3628666437e+00 7.8131705343e-01 8.8940501875e-01 1.0011773911e+00 1.2266663827e+00 1.2047399928e+00 1.5132144420e+00 1.0637187298e+00
1.1645513920e+00 9.8767328913e-01 7.1899210605e-01 1.1252473465e+00 1.0910259881e+00 1.1545647684e+00 7.7039162450e-01 1.0061853818e+00 1.1469962609e+00 1.4119429530e+00 1.4563481819e+00 8.8220901503e-01 1.2821376830e+00 1.2018938835e+00 9.5403778637e-01 9.1267683159e-01 1.2478563743e+00 1.3236715388e+00 7.3523139473e-01 8.6337184068e-01 9.2161476531e-01 1.0951451131e+00 1.1869341326e+00 1.3609340824e+00 1.0531330354e+00
1.0994284729e+00 8.2280670040e-01 7.0199121137e-01 1.0542135703e+00 1.0258493734e+00 1.0755448875e+00 7.5413897587e-01 8.9849556033e-01 1.1275992080e+00 1.3796678667e+00 1.4387331215e+00 8.2752473042e-01 1.2357208303e+00 1.1602359572e+00 8.8707078475e-01 8.3827608156e-01 1.2219343846e+00 1.2697596317e+00 7.1811696223e-01 8.3221238315e-01 8.1928728688e-01 1.0171339243e+00 1.1717809714e+00 1.3256527389e+00 1.0192815044e+00
