1.0580202000e+04 8.1549293000e+03 4.9138906000e+03 1.2195997000e+04 4.5077614000e+03 6.8529574000e+03 7.8569317000e+03 9.8185438000e+03 1.9068535000e+04 5.4253768000e+03 1.2080643000e+04 7.3045210000e+03 6.0771506000e+03 6.5170676000e+03 3.2558099000e+04 1.0442174000e+04 7.5254471000e+03 4.8259301000e+03 8.0055803000e+03 1.5730633000e+04 8.9521174000e+03 8.5257653000e+03 5.4011260000e+03 1.3091204000e+04 3.6113044000e+03
3.4408863000e+02 1.9994074000e+02 2.9486814000e+02 1.9904107000e+02 1.7222797000e+02 1.5917315000e+02 2.6359480000e+02 2.0061742000e+02 1.8510374000e+02 3.9250784000e+02 2.0280353000e+02 1.5325558000e+02 1.7467139000e+02 3.3861574000e+02 1.8511033000e+02 1.8285824000e+02 1.9167895000e+02 2.8432834000e+02 3.4684590000e+02 3.6127124000e+02 3.0329392000e+02 1.9301168000e+02 2.9720332000e+02 3.8521558000e+02 2.5598349000e+02
4.0735702000e+01 1.6427052000e+02 9.6645955000e+01 7.6473849000e+01 6.7628353000e+01 9.4434561000e+01 1.0450449000e+02 4.3659004000e+01 8.7814457000e+01 1.1389897000e+02 8.1938570000e+01 1.1355405000e+02 9.2470515000e+01 1.2003065000e+02 8.4234395000e+01 1.2163974000e+02 8.8461106000e+01 8.7211714000e+01 1.2875146000e+02 1.5132756000e+02 6.9691460000e+01 1.1184781000e+02 6.8354520000e+01 1.8284111000e+02 1.1401947000e+02
5.9357973000e+01 1.4075957000e+02 5.6001566000e+01 3.9747395000e+01 8.3147297000e+01 8.3806193000e+01 8.5641425000e+01 5.9536432000e+01 5.0759532000e+01 8.9935033000e+01 8.6036386000e+01 6.6205289000e+01 9.1104177000e+01 8.9216792000e+01 1.1981781000e+02 6.6792574000e+01 9.7540978000e+01 1.0288245000e+02 5.2280562000e+01 1.2048667000e+02 6.7924345000e+01 1.0609642000e+02 4.2355129000e+01 1.3095982000e+02 8.3300759000e+01
1.7559928000e+01 9.6458363000e+01 1.1423402000e+02 1.0085737000e+02 1.2984977000e+01 1.0581777000e+02 8.8901376000e+01 7.2388270000e+01 5.7647861000e+01 3.3655277000e+01 9.9985187000e+01 7.2316413000e+01 9.2662111000e+01 7.9793865000e+01 8.0136283000e+01 1.0261765000e+02 9.1375572000e+01 4.8459800000e+01 1.3483216000e+02 1.1352574000e+02 7.0213485000e+01 5.3013749000e+01 3.6317886000e+01 1.3962735000e+02 9.1960720000e+01
3.1245547000e+00 2.3730298000e+01 5.7627141000e+01 3.5232745000e+01 4.8865075000e+00 2.6269708000e+01 1.1671385000e+02 4.4982215000e+00 8.1955662000e+01 4.2983318000e+01 5.0956979000e+01 6.8742658000e+01 2.5636034000e+01 8.5989777000e+01 3.4706053000e+01 4.4228627000e+01 2.7463634000e+01 5.5842596000e+01 8.0480433000e+00 9.0483456000e+01 1.4405399000e+01 3.3014376000e+01 8.8965602000e+00 6.6146421000e+01 1.2017047000e+02
3.7442403000e+00 9.1173451000e+00 4.8794334000e+01 4.9162831000e+01 3.7692003000e+00 2.4413446000e+01 6.8828509000e+01 4.2837841000e+00 8.8934664000e+00 2.5237783000e+01 3.7356485000e+01 2.2618420000e+01 2.5576003000e+01 8.7549003000e+01 4.4802579000e+01 6.3092752000e+00 5.1336830000e+01 2.5557611000e+01 4.4996469000e+00 4.3878983000e+01 5.6704525000e+00 1.4317856000e+01 8.4221425000e+00 2.7368904000e+01 1.0503542000e+02
3.7685677000e+00 1.0715527000e+01 3.6476349000e+01 3.7601180000e+01 2.4755921000e+00 2.1472030000e+01 4.6455335000e+01 4.7926172000e+00 9.7398676000e+00 2.9792969000e+01 2.8814956000e+01 1.7442826000e+01 3.0439457000e+01 9.4585553000e+01 3.0117142000e+01 6.1563945000e+00 4.3444856000e+01 3.6484511000e+01 5.7684286000e+00 2.9396914000e+01 4.7220615000e+00 1.6657134000e+01 6.9467770000e+00 2.0496369000e+01 2.4945389000e+01
3.9307069000e+00 7.8594832000e+00 3.5318867000e+01 4.3669020000e+01 2.8302627000e+00 2.2758160000e+01 2.5600705000e+01 6.3983254000e+00 1.0407736000e+01 2.8573478000e+01 1.4781977000e+01 3.9643311000e+00 2.5817214000e+01 4.4542774000e+01 3.1926943000e+01 6.7751078000e+00 8.2886233000e+00 5.1419968000e+01 6.9209032000e+00 1.2698911000e+01 3.1724019000e+00 1.9562846000e+01 6.7145656000e+00 1.2955235000e+01 1.9965954000e+01
3.6929124000e+00 7.6272592000e+00 3.7548808000e+01 4.5356177000e+01 4.9007664000e+00 2.4202564000e+01 2.3528428000e+01 6.9463592000e+00 1.0384841000e+01 2.7822061000e+01 1.2411108000e+01 2.1875631000e+00 1.9302354000e+01 5.0669077000e+01 3.1588939000e+01 6.1680673000e+00 7.1159845000e+00 5.2907246000e+01 7.3209723000e+00 1.2412230000e+01 2.6185378000e+00 1.8946522000e+01 9.6171887000e+00 6.9798120000e+00 2.4656363000e+01
