2.6389584000e+02 2.6389584000e+02 2.6389584000e+02 2.6389584000e+02 2.6389584000e+02 2.6389584000e+02 2.6389584000e+02 2.6389584000e+02 2.6389584000e+02 2.6389584000e+02 2.6389584000e+02 2.6389584000e+02 2.6389584000e+02 2.6389584000e+02 2.6389584000e+02 2.6389584000e+02 2.6389584000e+02 2.6389584000e+02 2.6389584000e+02 2.6389584000e+02 2.6389584000e+02 2.6389584000e+02 2.6389584000e+02 2.6389584000e+02 2.6389584000e+02
2.6389584000e+02 2.6389584000e+02 2.6389584000e+02 2.6389584000e+02 2.6389584000e+02 2.6389584000e+02 2.6389584000e+02 2.6389584000e+02 2.6389584000e+02 2.6389584000e+02 2.6389584000e+02 2.6389584000e+02 2.6389584000e+02 2.6389584000e+02 2.6389584000e+02 2.6389584000e+02 2.6389584000e+02 2.6389584000e+02 2.6389584000e+02 2.6389584000e+02 2.6389584000e+02 2.6389584000e+02 2.6389584000e+02 2.6389584000e+02 2.6389584000e+02
2.6389584000e+02 2.6389584000e+02 2.6389584000e+02 2.6389584000e+02 2.6389584000e+02 2.6389584000e+02 2.6389584000e+02 2.6389584000e+02 2.6389584000e+02 2.6389584000e+02 2.6389584000e+02 2.6389584000e+02 2.6389584000e+02 2.6389584000e+02 2.6389584000e+02 2.6389584000e+02 2.6389584000e+02 2.6389584000e+02 2.6389584000e+02 2.6389584000e+02 2.6389584000e+02 2.6389584000e+02 2.6389584000e+02 2.6389584000e+02 2.6389584000e+02
2.6389584000e+02 2.6389584000e+02 2.6389584000e+02 2.6389584000e+02 2.6389584000e+02 2.6389584000e+02 2.6389584000e+02 2.6389584000e+02 2.6389584000e+02 2.6389584000e+02 2.6389584000e+02 2.6389584000e+02 2.6389584000e+02 2.6389584000e+02 2.6389584000e+02 2.6389584000e+02 2.6389584000e+02 2.6389584000e+02 2.6389584000e+02 2.6389584000e+02 2.6389584000e+02 2.6389584000e+02 2.6389584000e+02 2.6389584000e+02 2.6389584000e+02
2.6389584000e+02 2.6389584000e+02 2.6389584000e+02 2.6389584000e+02 2.6389584000e+02 2.6389584000e+02 2.6389584000e+02 2.6389584000e+02 2.6389584000e+02 2.6389584000e+02 2.6389584000e+02 2.6389584000e+02 2.6389584000e+02 2.6389584000e+02 2.6389584000e+02 2.6389584000e+02 2.6389584000e+02 2.6389584000e+02 2.6389584000e+02 2.6389584000e+02 2.6389584000e+02 2.6389584000e+02 2.6389584000e+02 2.6389584000e+02 2.6389584000e+02
2.6389584000e+02 2.6389584000e+02 2.6389584000e+02 2.6389584000e+02 2.6389584000e+02 2.6389584000e+02 2.6389584000e+02 2.6389584000e+02 2.6389584000e+02 2.6389584000e+02 2.6389584000e+02 2.6389584000e+02 2.6389584000e+02 2.6389584000e+02 2.6389584000e+02 2.6389584000e+02 2.6389584000e+02 2.6389584000e+02 2.6389584000e+02 2.6389584000e+02 2.6389584000e+02 2.6389584000e+02 2.6389584000e+02 2.6389584000e+02 2.6389584000e+02
2.6389584000e+02 2.6389584000e+02 2.6389584000e+02 2.6389584000e+02 2.6389584000e+02 2.6389584000e+02 2.6389584000e+02 2.6389584000e+02 2.6389584000e+02 2.6389584000e+02 2.6389584000e+02 2.6389584000e+02 2.6389584000e+02 2.6389584000e+02 2.6389584000e+02 2.6389584000e+02 2.6389584000e+02 2.6389584000e+02 2.6389584000e+02 2.6389584000e+02 2.6389584000e+02 2.6389584000e+02 2.6389584000e+02 2.6389584000e+02 2.6389584000e+02
2.6389584000e+02 2.6389584000e+02 2.6389584000e+02 2.6389584000e+02 2.6389584000e+02 2.6389584000e+02 2.6389584000e+02 2.6389584000e+02 2.6389584000e+02 2.6389584000e+02 2.6389584000e+02 2.6389584000e+02 2.6389584000e+02 2.6389584000e+02 2.6389584000e+02 2.6389584000e+02 2.6389584000e+02 2.6389584000e+02 2.6389584000e+02 2.6389584000e+02 2.6389584000e+02 2.6389584000e+02 2.6389584000e+02 2.6389584000e+02 2.6389584000e+02
2.6389584000e+02 2.6389584000e+02 2.6389584000e+02 2.6389584000e+02 2.6389584000e+02 2.6389584000e+02 2.6389584000e+02 2.6389584000e+02 2.6389584000e+02 2.6389584000e+02 2.6389584000e+02 2.6389584000e+02 2.6389584000e+02 2.6389584000e+02 2.6389584000e+02 2.6389584000e+02 2.6389584000e+02 2.6389584000e+02 2.6389584000e+02 2.6389584000e+02 2.6389584000e+02 2.6389584000e+02 2.6389584000e+02 2.6389584000e+02 2.6389584000e+02
2.6389584000e+02 2.6389584000e+02 2.6389584000e+02 2.6389584000e+02 2.6389584000e+02 2.6389584000e+02 2.6389584000e+02 2.6389584000e+02 2.6389584000e+02 2.6389584000e+02 2.6389584000e+02 2.6389584000e+02 2.6389584000e+02 2.6389584000e+02 2.6389584000e+02 2.6389584000e+02 2.6389584000e+02 2.6389584000e+02 2.6389584000e+02 2.6389584000e+02 2.6389584000e+02 2.6389584000e+02 2.6389584000e+02 2.6389584000e+02 2.6389584000e+02
