-1.0712754000e-02 -8.7328643000e-03 -6.8043237000e-03 -5.9619677000e-03 -8.0562105000e-03 -2.9790989000e-02 -1.1452406000e-03 -1.3728540000e-02 -1.3296238000e-02 -1.9701839000e-02 -7.8718968000e-03 -5.2971912000e-03 -7.9625113000e-03 -1.0577130000e-02 -2.5730117000e-02 -1.7326019000e-02 -1.2949784000e-02 -1.0359435000e-03 -5.2939162000e-03 -1.9971047000e-02 -6.5530279000e-03 -1.7873892000e-02 -1.9028692000e-03 -1.8015355000e-02 -6.0830203000e-03
-1.2481409000e-02 -8.8663111000e-03 -1.3750067000e-02 -2.0486796000e-02 -8.0562105000e-03 -2.9790989000e-02 -7.9599200000e-03 -1.3728540000e-02 -1.3962303000e-02 -8.0300261000e-02 -1.0253774000e-02 -5.2971912000e-03 -2.0157385000e-02 -1.0577130000e-02 -2.5790217000e-02 -1.7326019000e-02 -2.8546907000e-02 -1.0359435000e-03 -1.0308173000e-02 -1.9971047000e-02 -2.2724369000e-02 -2.6560354000e-02 -3.3357522000e-03 -1.8406985000e-02 -1.6700310000e-02
-3.5398511000e-02 -8.8836459000e-03 -1.4962783000e-02 -2.0617759000e-02 -8.0562105000e-03 -2.9790989000e-02 -7.9805746000e-03 -1.3728540000e-02 -8.2035750000e-02 -8.0423371000e-02 -1.0952825000e-01 -5.2971912000e-03 -2.0157385000e-02 -1.0577130000e-02 -1.7875147000e-01 -1.7329713000e-02 -5.6749900000e-02 -1.1010821000e-03 -1.0308173000e-02 -1.9971047000e-02 -2.4758478000e-02 -2.6560354000e-02 -3.3357522000e-03 -3.7456745000e-02 -1.7109390000e-02
-8.2972680000e-02 -8.8836459000e-03 -2.6457054000e-02 -2.0617759000e-02 -8.0562105000e-03 -3.8786415000e-01 -7.9805746000e-03 -3.7610158000e-01 -8.2035750000e-02 -2.7662983000e-01 -3.7465978000e-01 -5.2971912000e-03 -2.0384082000e-02 -3.6045953000e-02 -3.8788999000e-01 -2.0603821000e-01 -5.6749900000e-02 -2.8464973000e-01 -3.3587113000e-01 -5.6503995000e-02 -2.4758648000e-02 -2.8954200000e-01 -3.3357522000e-03 -3.7456745000e-02 -1.7114002000e-02
-2.9423788000e-01 -3.8622841000e-01 -2.3625751000e-01 -3.0742869000e-01 -3.8814575000e-01 -3.8820610000e-01 -3.8815402000e-01 -3.8812052000e-01 -3.8818302000e-01 -3.8646844000e-01 -3.8815658000e-01 -3.8819252000e-01 -3.4935329000e-01 -3.1625807000e-01 -3.8821194000e-01 -3.8805113000e-01 -3.3995765000e-01 -3.8351987000e-01 -3.8671254000e-01 -2.8775009000e-01 -3.8814184000e-01 -3.7911802000e-01 -3.8816042000e-01 -3.5824417000e-01 -3.8022413000e-01
-3.7687798000e-01 -3.8825424000e-01 -3.3925123000e-01 -3.5914225000e-01 -3.8825250000e-01 -3.8824971000e-01 -3.8824523000e-01 -3.8825106000e-01 -3.8824860000e-01 -3.8825062000e-01 -3.8824916000e-01 -3.8824627000e-01 -3.8781298000e-01 -3.7901481000e-01 -3.8824557000e-01 -3.8825582000e-01 -3.7782088000e-01 -3.8825134000e-01 -3.8825128000e-01 -3.6504442000e-01 -3.8825336000e-01 -3.8823115000e-01 -3.8825172000e-01 -3.8817933000e-01 -3.8823120000e-01
-3.8816783000e-01 -3.8826044000e-01 -3.6248482000e-01 -3.6494601000e-01 -3.8826044000e-01 -3.8826044000e-01 -3.8826044000e-01 -3.8826044000e-01 -3.8826044000e-01 -3.8826044000e-01 -3.8826044000e-01 -3.8826044000e-01 -3.8826043000e-01 -3.8393695000e-01 -3.8826044000e-01 -3.8826044000e-01 -3.8441490000e-01 -3.8826044000e-01 -3.8826044000e-01 -3.7597248000e-01 -3.8826044000e-01 -3.8826044000e-01 -3.8826044000e-01 -3.8826037000e-01 -3.8826044000e-01
-3.8826044000e-01 -3.8826044000e-01 -3.7276265000e-01 -3.7027153000e-01 -3.8826044000e-01 -3.8826044000e-01 -3.8826044000e-01 -3.8826044000e-01 -3.8826044000e-01 -3.8826044000e-01 -3.8826044000e-01 -3.8826044000e-01 -3.8826044000e-01 -3.8734467000e-01 -3.8826044000e-01 -3.8826044000e-01 -3.8826038000e-01 -3.8826044000e-01 -3.8826044000e-01 -3.8105924000e-01 -3.8826044000e-01 -3.8826044000e-01 -3.8826044000e-01 -3.8826044000e-01 -3.8826044000e-01
-3.8826044000e-01 -3.8826044000e-01 -3.7876913000e-01 -3.7276637000e-01 -3.8826044000e-01 -3.8826044000e-01 -3.8826044000e-01 -3.8826044000e-01 -3.8826044000e-01 -3.8826044000e-01 -3.8826044000e-01 -3.8826044000e-01 -3.8826044000e-01 -3.8825921000e-01 -3.8826044000e-01 -3.8826044000e-01 -3.8826044000e-01 -3.8826044000e-01 -3.8826044000e-01 -3.8655018000e-01 -3.8826044000e-01 -3.8826044000e-01 -3.8826044000e-01 -3.8826044000e-01 -3.8826044000e-01
-3.8826044000e-01 -3.8826044000e-01 -3.8437583000e-01 -3.7396482000e-01 -3.8826044000e-01 -3.8826044000e-01 -3.8826044000e-01 -3.8826044000e-01 -3.8826044000e-01 -3.8826044000e-01 -3.8826044000e-01 -3.8826044000e-01 -3.8826044000e-01 -3.8825933000e-01 -3.8826044000e-01 -3.8826044000e-01 -3.8826044000e-01 -3.8826044000e-01 -3.8826044000e-01 -3.8656109000e-01 -3.8826044000e-01 -3.8826044000e-01 -3.8826044000e-01 -3.8826044000e-01 -3.8826044000e-01
