1.2500000000e+00 1.2500000000e+00 1.0765431000e+00 1.0765431000e+00 1.0765431000e+00 1.0765431000e+00 1.0765431000e+00 1.0765431000e+00 1.0765431000e+00 1.0765431000e+00 1.0765431000e+00 1.0765431000e+00 1.0765431000e+00 1.0765431000e+00 1.2500000000e+00 1.0765431000e+00 1.0765431000e+00 1.0765431000e+00 1.2500000000e+00 1.0765431000e+00 1.0765431000e+00 1.0765431000e+00 1.0765431000e+00 1.0765431000e+00 1.0765431000e+00
1.2500000000e+00 1.2500000000e+00 1.0765431000e+00 1.0765431000e+00 1.0765431000e+00 1.0765431000e+00 1.0765431000e+00 1.0765431000e+00 1.0765431000e+00 1.0765431000e+00 1.0765431000e+00 1.0765431000e+00 1.0765431000e+00 1.0765431000e+00 1.2500000000e+00 1.0765431000e+00 1.0765431000e+00 1.0765431000e+00 1.2500000000e+00 1.0765431000e+00 1.0765431000e+00 1.0765431000e+00 1.0765431000e+00 1.0765431000e+00 1.0765431000e+00
1.2500000000e+00 1.2500000000e+00 1.0765431000e+00 1.0765431000e+00 1.0765431000e+00 1.0765431000e+00 1.0765431000e+00 1.0765431000e+00 1.0765431000e+00 1.0765431000e+00 1.0765431000e+00 1.0765431000e+00 1.0765431000e+00 1.0765431000e+00 1.2500000000e+00 1.0765431000e+00 1.0765431000e+00 1.0765431000e+00 1.2500000000e+00 1.0765431000e+00 1.0765431000e+00 1.0765431000e+00 1.0765431000e+00 1.0765431000e+00 1.0765431000e+00
1.2500000000e+00 1.2500000000e+00 1.0765431000e+00 1.0765431000e+00 1.0765431000e+00 1.0765431000e+00 1.0765431000e+00 1.0765431000e+00 1.0765431000e+00 1.0765431000e+00 1.0765431000e+00 1.0765431000e+00 1.0765431000e+00 1.0765431000e+00 1.2500000000e+00 1.0765431000e+00 1.0765431000e+00 1.0765431000e+00 1.2500000000e+00 1.0765431000e+00 1.0765431000e+00 1.0765431000e+00 1.0765431000e+00 1.0765431000e+00 1.0765431000e+00
1.2500000000e+00 1.2500000000e+00 1.0765431000e+00 1.0765431000e+00 1.0765431000e+00 1.0765431000e+00 1.0765431000e+00 1.0765431000e+00 1.0765431000e+00 1.0765431000e+00 1.0765431000e+00 1.0765431000e+00 1.0765431000e+00 1.0765431000e+00 1.2500000000e+00 1.0765431000e+00 1.0765431000e+00 1.0765431000e+00 1.2500000000e+00 1.0765431000e+00 1.0765431000e+00 1.0765431000e+00 1.0765431000e+00 1.0765431000e+00 1.0765431000e+00
1.2500000000e+00 1.2500000000e+00 1.0765431000e+00 1.0765431000e+00 1.0765431000e+00 1.0765431000e+00 1.0765431000e+00 1.0765431000e+00 1.0765431000e+00 1.0765431000e+00 1.0765431000e+00 1.0765431000e+00 1.0765431000e+00 1.0765431000e+00 1.2500000000e+00 1.0765431000e+00 1.0765431000e+00 1.0765431000e+00 1.2500000000e+00 1.0765431000e+00 1.0765431000e+00 1.0765431000e+00 1.0765431000e+00 1.0765431000e+00 1.0765431000e+00
1.2500000000e+00 1.2500000000e+00 1.0765431000e+00 1.0765431000e+00 1.0765431000e+00 1.0765431000e+00 1.0765431000e+00 1.0765431000e+00 1.0765431000e+00 1.0765431000e+00 1.0765431000e+00 1.0765431000e+00 1.0765431000e+00 1.0765431000e+00 1.2500000000e+00 1.0765431000e+00 1.0765431000e+00 1.0765431000e+00 1.2500000000e+00 1.0765431000e+00 1.0765431000e+00 1.0765431000e+00 1.0765431000e+00 1.0765431000e+00 1.0765431000e+00
1.2500000000e+00 1.2500000000e+00 1.0765431000e+00 1.0765431000e+00 1.0765431000e+00 1.0765431000e+00 1.0765431000e+00 1.0765431000e+00 1.0765431000e+00 1.0765431000e+00 1.0765431000e+00 1.0765431000e+00 1.0765431000e+00 1.0765431000e+00 1.2500000000e+00 1.0765431000e+00 1.0765431000e+00 1.0765431000e+00 1.2500000000e+00 1.0765431000e+00 1.0765431000e+00 1.0765431000e+00 1.0765431000e+00 1.0765431000e+00 1.0765431000e+00
1.2500000000e+00 1.2500000000e+00 1.0765431000e+00 1.0765431000e+00 1.0765431000e+00 1.0765431000e+00 1.0765431000e+00 1.0765431000e+00 1.0765431000e+00 1.0765431000e+00 1.0765431000e+00 1.0765431000e+00 1.0765431000e+00 1.0765431000e+00 1.2500000000e+00 1.0765431000e+00 1.0765431000e+00 1.0765431000e+00 1.2500000000e+00 1.0765431000e+00 1.0765431000e+00 1.0765431000e+00 1.0765431000e+00 1.0765431000e+00 1.0765431000e+00
1.2500000000e+00 1.2500000000e+00 1.0765431000e+00 1.0765431000e+00 1.0765431000e+00 1.0765431000e+00 1.0765431000e+00 1.0765431000e+00 1.0765431000e+00 1.0765431000e+00 1.0765431000e+00 1.0765431000e+00 1.0765431000e+00 1.0765431000e+00 1.2500000000e+00 1.0765431000e+00 1.0765431000e+00 1.0765431000e+00 1.2500000000e+00 1.0765431000e+00 1.0765431000e+00 1.0765431000e+00 1.0765431000e+00 1.0765431000e+00 1.0765431000e+00
