1.4333150047e-01 1.6975477575e-01 1.2968863643e-01 1.0504050071e-01 1.3302628007e-01 1.6571339467e-01 1.5682339933e-01 8.6139382200e-02 1.5783385827e-01 1.4858660660e-01 1.4253135947e-01 1.4308330853e-01 1.4753442500e-01 1.0752746833e-01 1.3987727106e-01 1.3810196420e-01 1.1518049742e-01 1.7810721680e-01 1.6118161667e-01 1.5434923053e-01 1.5706788367e-01 8.7472234667e-02 4.9914399320e-02 1.4574167954e-01 1.4584622799e-01
4.9748723347e-02 4.1779285273e-02 6.5810373333e-02 4.0339207333e-02 6.0216129133e-02 5.6922806500e-02 7.7391986115e-02 4.3788161940e-02 3.9103382533e-02 5.5858045940e-02 4.3417867400e-02 3.6036440633e-02 4.2376613840e-02 6.1686692667e-02 4.6511288040e-02 6.1089068667e-02 4.5521188827e-02 4.6862385039e-02 5.2279433067e-02 4.5352351333e-02 7.3504342440e-02 4.0442230907e-02 3.9219974667e-02 4.8271444013e-02 6.4982182000e-02
1.4041493887e-02 1.2512099243e-02 1.5262739700e-02 1.4429048147e-02 1.3995950367e-02 1.3744672633e-02 1.4721185820e-02 1.4137570880e-02 9.1368483933e-03 1.4449759087e-02 1.3812775070e-02 1.1852746493e-02 1.2350069867e-02 1.4217576467e-02 1.3899852187e-02 1.5609736933e-02 1.2295363193e-02 1.2972263433e-02 1.2807682940e-02 1.3269461294e-02 1.6729474180e-02 1.4323494513e-02 1.4748489053e-02 1.2514342453e-02 1.4837615520e-02
1.0776448000e-02 1.1077661513e-02 1.3529412853e-02 1.3035351487e-02 1.3425009733e-02 1.1987032319e-02 1.2561862273e-02 1.3651230653e-02 9.1368483933e-03 1.2173941320e-02 1.2414883253e-02 1.1349647667e-02 1.2350069867e-02 1.1732608733e-02 1.1068322593e-02 1.4095837220e-02 1.1708731053e-02 1.2972263433e-02 1.2698709193e-02 1.2465593947e-02 1.2956745467e-02 1.2761271551e-02 1.1467727927e-02 1.2342100460e-02 1.1872835700e-02
1.0776448000e-02 1.1077661513e-02 1.1377374420e-02 1.2631953910e-02 1.2360685247e-02 1.0740493260e-02 1.1952819067e-02 1.2759495380e-02 8.4277279667e-03 1.1347797880e-02 1.0708588020e-02 1.0863683473e-02 1.0571047780e-02 9.7960974960e-03 1.0602261591e-02 1.2754522293e-02 1.0295444373e-02 1.2190122307e-02 1.1844447073e-02 1.0436419173e-02 1.0926654693e-02 1.2761271551e-02 1.1467727927e-02 1.0829081607e-02 1.1636962600e-02
1.0776448000e-02 1.1077661513e-02 1.0942222520e-02 1.1188331867e-02 1.1635111593e-02 1.0320605607e-02 1.0052800987e-02 1.2478494887e-02 8.4277279667e-03 1.1347797880e-02 1.0708588020e-02 1.0863683473e-02 9.8180979067e-03 8.6759574600e-03 1.0602261591e-02 9.5786492600e-03 1.0295444373e-02 1.2190122307e-02 1.1215101027e-02 1.0436419173e-02 1.0919345960e-02 1.1765816400e-02 1.0977031207e-02 1.0176799867e-02 1.1265828105e-02
1.5786091560e-04 1.8235763993e-04 2.1641249333e-04 2.4186327387e-04 1.8383842727e-04 1.3563587667e-04 7.2287945333e-05 2.0884557427e-04 1.7650226733e-04 1.9346779000e-04 1.2075781667e-04 2.0855230400e-04 1.2380127911e-04 1.2360194533e-04 1.9755685000e-04 1.5590674800e-04 2.0007774209e-04 1.1775709800e-04 1.6106509600e-04 1.8924563867e-04 2.2127565800e-04 2.1994133800e-04 1.1052883200e-04 1.9369552971e-04 1.2762211313e-04
1.7397940067e-05 1.4342833133e-05 1.2735281067e-05 1.8914741273e-05 3.6355504585e-05 1.0788310807e-05 1.5789063467e-05 3.4818733807e-05 6.6825520667e-06 3.2759170667e-05 3.3146604667e-06 2.6659343073e-05 4.5429072500e-06 2.7912155267e-05 1.6489263867e-05 3.7544951333e-06 1.1512267366e-05 2.3763949983e-05 3.6121213313e-06 1.1872672493e-05 2.4293924707e-05 1.1992192867e-05 4.3687910667e-06 1.1283711733e-05 3.8105902207e-06
2.8271902005e-06 2.8262041414e-06 2.8241775684e-06 2.8234600230e-06 2.8578750912e-06 2.8246403677e-06 2.8241339775e-06 2.8471968667e-06 2.8238192235e-06 2.8381069202e-06 2.8227093449e-06 3.1669696912e-06 2.8242955218e-06 2.9137072819e-06 2.8231318894e-06 9.4899319880e-06 2.8548919133e-06 8.4297970000e-06 2.8227333872e-06 2.8240807142e-06 2.9396966867e-06 2.8227910165e-06 2.8233706007e-06 2.8245831835e-06 2.8230109333e-06
2.8224638002e-06 2.8224639333e-06 2.8224638000e-06 2.8224638000e-06 2.8224639334e-06 2.8224737334e-06 2.8224638003e-06 2.8224646000e-06 2.8225046071e-06 2.8224638000e-06 2.8224638000e-06 2.8224690000e-06 2.8224638000e-06 2.8224638000e-06 2.8224679334e-06 2.8224638000e-06 2.8224639333e-06 2.8329309860e-06 2.8224638667e-06 2.8224696667e-06 2.8225738450e-06 2.8224639333e-06 2.8224646667e-06 2.8224638002e-06 2.8224638667e-06
