4.2101295000e+03 2.9332360000e+03 5.4563601000e+03 4.8496763000e+03 3.5503315000e+03 5.1922459000e+03 4.1584222000e+03 6.6400816000e+03 4.0777346000e+03 5.0550402000e+03 5.7519126000e+03 4.9637454000e+03 3.7589668000e+03 4.7305640000e+03 4.6038633000e+03 5.5378678000e+03 6.5482548000e+03 5.9374451000e+03 3.9055413000e+03 3.4921801000e+03 6.1647109000e+03 5.2878545000e+03 4.4459213000e+03 4.3858015000e+03 4.2350550000e+03
4.0225720000e+03 4.2625457000e+03 4.0719614000e+03 4.5358300000e+03 4.3169568000e+03 4.4800076000e+03 5.5991971000e+03 5.2086944000e+03 5.3320418000e+03 4.7866288000e+03 4.4172384000e+03 4.7050315000e+03 4.6423092000e+03 4.7370424000e+03 5.3850971000e+03 3.5602956000e+03 4.7855326000e+03 5.0977314000e+03 5.2323933000e+03 4.5809039000e+03 4.9957506000e+03 4.1579552000e+03 4.5757534000e+03 3.7876298000e+03 5.0016562000e+03
3.6369301000e+03 5.2536502000e+03 4.5558696000e+03 4.8764348000e+03 4.7003132000e+03 4.9521328000e+03 4.6669624000e+03 4.1015140000e+03 4.3984522000e+03 4.4160392000e+03 4.8902508000e+03 3.8976995000e+03 5.1924608000e+03 4.6251312000e+03 4.6279086000e+03 4.0472808000e+03 4.0098453000e+03 3.7993361000e+03 3.1061122000e+03 5.1965037000e+03 4.0949651000e+03 3.2121211000e+03 4.3922847000e+03 3.7411297000e+03 3.7840849000e+03
3.7050786000e+03 5.3473176000e+03 4.0602818000e+03 4.9024501000e+03 4.0645305000e+03 4.1760526000e+03 4.5317151000e+03 3.5191890000e+03 4.3694332000e+03 3.7112067000e+03 4.3435981000e+03 5.0431634000e+03 3.9052143000e+03 3.5425713000e+03 4.6412579000e+03 5.0519011000e+03 3.7619901000e+03 3.8113015000e+03 4.3259691000e+03 3.8730192000e+03 3.6657439000e+03 4.1990699000e+03 4.1862225000e+03 3.8811879000e+03 4.5634281000e+03
3.8463153000e+03 4.5114392000e+03 4.1250945000e+03 3.7920135000e+03 4.1903174000e+03 4.2674969000e+03 3.8245964000e+03 3.8472128000e+03 3.8338945000e+03 3.9300034000e+03 3.9231169000e+03 4.3208512000e+03 3.6457835000e+03 4.0969498000e+03 3.8896042000e+03 4.3114601000e+03 4.2934064000e+03 4.0996055000e+03 3.3692235000e+03 3.9779947000e+03 3.7951072000e+03 4.5138074000e+03 3.6988167000e+03 4.0523999000e+03 4.2025534000e+03
3.6233820000e+03 4.0001045000e+03 3.5495238000e+03 3.8225496000e+03 3.9902531000e+03 3.9902140000e+03 3.9512241000e+03 4.4537557000e+03 4.1357958000e+03 3.9715144000e+03 3.6407088000e+03 4.5457977000e+03 4.0505628000e+03 3.8135250000e+03 3.9091977000e+03 3.7543670000e+03 3.9361235000e+03 4.0996055000e+03 4.0690529000e+03 4.2465460000e+03 4.0041673000e+03 4.1121274000e+03 3.3177426000e+03 4.0898556000e+03 4.0695114000e+03
4.2680320000e+03 4.2508331000e+03 4.2645973000e+03 4.2600493000e+03 4.2535751000e+03 4.2590122000e+03 4.2472946000e+03 4.2460657000e+03 4.2147717000e+03 4.2592246000e+03 4.2597920000e+03 4.2004338000e+03 4.2532222000e+03 4.2318709000e+03 4.2494840000e+03 4.2489377000e+03 4.2500923000e+03 4.2531559000e+03 4.2562594000e+03 4.2433377000e+03 4.2383107000e+03 4.2645032000e+03 4.2562073000e+03 4.2484075000e+03 4.1708457000e+03
4.2510334000e+03 4.2528293000e+03 4.2535418000e+03 4.2554756000e+03 4.2513909000e+03 4.2508711000e+03 4.2595146000e+03 4.2479017000e+03 4.2511861000e+03 4.2586542000e+03 4.2526467000e+03 4.2609961000e+03 4.2560564000e+03 4.2568388000e+03 4.2515389000e+03 4.2555300000e+03 4.2596237000e+03 4.2542357000e+03 4.2530548000e+03 4.2565132000e+03 4.2572990000e+03 4.2540992000e+03 4.2465779000e+03 4.2476150000e+03 4.2518964000e+03
4.2471266000e+03 4.2473974000e+03 4.2445196000e+03 4.2456466000e+03 4.2470882000e+03 4.2435352000e+03 4.2519833000e+03 4.2431578000e+03 4.2445986000e+03 4.2509358000e+03 4.2493005000e+03 4.2537923000e+03 4.2433418000e+03 4.2453452000e+03 4.2462155000e+03 4.2479601000e+03 4.2566782000e+03 4.2467576000e+03 4.2447386000e+03 4.2502131000e+03 4.2504056000e+03 4.2519901000e+03 4.2421699000e+03 4.2435737000e+03 4.2480047000e+03
4.2463702000e+03 4.2465694000e+03 4.2438157000e+03 4.2442811000e+03 4.2453613000e+03 4.2417446000e+03 4.2517561000e+03 4.2426539000e+03 4.2416650000e+03 4.2504610000e+03 4.2471051000e+03 4.2486522000e+03 4.2424919000e+03 4.2435072000e+03 4.2446922000e+03 4.2469811000e+03 4.2546273000e+03 4.2450499000e+03 4.2428218000e+03 4.2486718000e+03 4.2483621000e+03 4.2510573000e+03 4.2417283000e+03 4.2431440000e+03 4.2448403000e+03
