9.5191315000e-01 1.3175211000e+00 3.3404866000e-01 6.0398464000e-01 8.6979389000e-01 8.1869664000e-01 5.0149913000e-01 4.6864358000e-01 4.9719512000e-01 1.7289259000e+00 1.0615864000e+00 1.1966550000e+00 6.1202139000e-01 9.8103706000e-01 1.4795485000e+00 8.7697585000e-01 1.1034164000e+00 9.0550870000e-01 1.4941176000e+00 1.1843437000e+00 5.2573029000e-01 9.9954168000e-01 8.0131463000e-01 4.6065372000e-01 1.3932172000e+00
1.8809514000e-01 2.9982350000e-01 2.0354418000e-01 1.7901622000e-01 3.1195734000e-01 1.7697661000e-01 2.0060453000e-01 2.0918972000e-01 1.8693028000e-01 1.8278089000e-01 2.3068826000e-01 2.0867965000e-01 2.3010440000e-01 1.9539483000e-01 1.9316013000e-01 1.8324637000e-01 2.0461492000e-01 1.9431309000e-01 2.0251715000e-01 1.8806160000e-01 2.2014516000e-01 2.2924793000e-01 2.0417543000e-01 2.2929928000e-01 1.6914933000e-01
1.4558638000e-01 1.3863068000e-01 1.4521362000e-01 1.5250207000e-01 1.3591687000e-01 1.3507194000e-01 1.2451468000e-01 1.3572451000e-01 1.3966786000e-01 1.5365791000e-01 1.5944651000e-01 1.3101730000e-01 1.4992538000e-01 1.5602584000e-01 1.2220317000e-01 1.4184544000e-01 1.4721145000e-01 1.1817670000e-01 1.5648755000e-01 1.4150637000e-01 1.5264650000e-01 1.4162244000e-01 1.4576762000e-01 1.1701544000e-01 1.2359357000e-01
1.2156009000e-01 1.0116574000e-01 1.2096086000e-01 1.2489265000e-01 1.1466812000e-01 1.1617720000e-01 1.1836212000e-01 1.3445519000e-01 9.8709699000e-02 1.0472634000e-01 1.3688235000e-01 1.0295170000e-01 1.3134169000e-01 1.3471213000e-01 1.2177146000e-01 1.1913540000e-01 1.3229005000e-01 1.0636510000e-01 1.1166178000e-01 1.3143827000e-01 1.2731459000e-01 1.1765120000e-01 1.2105518000e-01 1.1701544000e-01 1.1341699000e-01
8.8765348000e-02 6.9211870000e-02 7.4288398000e-02 8.2642557000e-02 8.2341213000e-02 7.3181845000e-02 7.4703956000e-02 9.3228441000e-02 7.9682063000e-02 7.4529301000e-02 1.1625165000e-01 6.9196966000e-02 9.1645565000e-02 9.1548241000e-02 8.8977603000e-02 8.0133445000e-02 8.5968072000e-02 8.4231288000e-02 7.8324429000e-02 1.1063488000e-01 9.8111914000e-02 9.3789075000e-02 8.9651216000e-02 8.2961669000e-02 7.7360380000e-02
5.0098917000e-02 4.6758155000e-02 4.5772959000e-02 3.9226286000e-02 3.9160725000e-02 4.9721262000e-02 4.2840772000e-02 5.8939315000e-02 3.9384000000e-02 4.1915497000e-02 6.2032378000e-02 5.6971361000e-02 5.2148198000e-02 4.9411880000e-02 5.3593315000e-02 5.5930908000e-02 4.5017337000e-02 4.4094464000e-02 4.3450627000e-02 5.8657685000e-02 5.7895821000e-02 5.5791940000e-02 4.2874151000e-02 4.3396591000e-02 5.2350405000e-02
3.9933920000e-02 4.3648485000e-02 4.3045213000e-02 3.6126493000e-02 3.4368597000e-02 4.5837883000e-02 3.8332676000e-02 5.1807320000e-02 3.6209575000e-02 3.8619421000e-02 3.7234256000e-02 5.2098287000e-02 4.1743508000e-02 4.6894169000e-02 4.6338199000e-02 5.4915072000e-02 3.9689727000e-02 4.0609974000e-02 4.1376773000e-02 4.7175278000e-02 5.1489307000e-02 4.1961034000e-02 3.8568685000e-02 4.0029114000e-02 5.0129372000e-02
3.9585464000e-02 4.3637789000e-02 4.3027164000e-02 3.6126383000e-02 3.4368041000e-02 4.5837293000e-02 3.8332411000e-02 5.1733279000e-02 3.6209092000e-02 3.8619174000e-02 3.7164044000e-02 5.1530398000e-02 4.1742190000e-02 4.6889985000e-02 4.6336750000e-02 5.4915055000e-02 3.9460511000e-02 4.0600947000e-02 4.1372245000e-02 4.0435217000e-02 5.1487906000e-02 4.1792824000e-02 3.8568408000e-02 4.0028166000e-02 5.0129073000e-02
3.9585226000e-02 4.3635633000e-02 4.3019174000e-02 3.6126383000e-02 3.4368040000e-02 4.5837292000e-02 3.8332410000e-02 5.1733258000e-02 3.6209092000e-02 3.8619174000e-02 3.7164036000e-02 5.1525147000e-02 4.1742189000e-02 4.6889979000e-02 4.6336750000e-02 5.4915055000e-02 3.9455400000e-02 4.0600944000e-02 4.1372244000e-02 4.0400958000e-02 5.1487905000e-02 4.1792761000e-02 3.8568408000e-02 4.0028165000e-02 5.0129073000e-02
3.9585218000e-02 4.3635584000e-02 4.3018684000e-02 3.6126383000e-02 3.4368040000e-02 4.5837292000e-02 3.8332410000e-02 5.1733257000e-02 3.6209091000e-02 3.8619174000e-02 3.7164036000e-02 5.1524897000e-02 4.1742189000e-02 4.6889979000e-02 4.6336750000e-02 5.4915055000e-02 3.9455318000e-02 4.0600944000e-02 4.1372244000e-02 4.0400807000e-02 5.1487905000e-02 4.1792756000e-02 3.8568408000e-02 4.0028165000e-02 5.0129073000e-02
