1.8055579359e-02 1.2268162523e-02 1.2242878871e-01 2.3315609064e-02 7.1339509357e-02 2.8943940564e-02 2.9462866969e-02 2.9609402594e-02 2.4519289435e-02 9.1727977857e-03 8.8968337334e-01 8.7417797714e-02 1.3418484921e+00 2.8762544643e-02 2.7399741338e-02 2.9689358019e-02 4.2968386071e-02 2.1206236562e-03 2.8038836935e-01 1.3603587214e-01 1.3685088137e-02 1.3502394800e-02 7.5638357857e-03 4.2683221771e-01 1.6586935714e+00
5.8717480786e-14 1.8306074814e-18 1.5458035686e-11 6.9966670071e-13 2.0669127214e-11 6.9120235857e-10 1.2732980286e-14 2.2421685639e-20 1.1141603986e-14 1.3992487214e-14 4.3414443907e-08 1.0085824643e-09 9.4135871429e-06 1.7344183871e-08 1.5863479286e-06 2.8394687371e-08 2.4946985143e-07 4.9433977786e-20 5.2394807000e-10 1.5736384929e-09 2.6622021000e-17 1.1409691857e-15 1.5626559786e-10 3.8046000443e-03 4.2826027533e-04
8.5868286714e-58 5.4166368571e-69 2.6446434643e-54 8.2900595000e-57 4.5127457357e-54 2.3918261200e-58 1.4920508357e-53 1.0008706464e-72 3.2177320000e-50 5.9273445643e-66 3.5579465714e-39 8.2974939286e-57 5.0311079929e-19 2.6566286571e-49 3.0174489921e-48 3.8276590879e-48 1.6549505714e-38 1.8954373286e-66 1.1848545414e-48 9.3314670000e-62 9.3839537643e-59 8.8899990000e-61 4.7281449857e-55 5.5431119929e-29 7.5788949643e-35
2.5241158571e-103 9.6881931929e-141 3.1209200714e-105 1.4229191279e-108 7.4111938550e-109 1.1720294879e-116 3.4727342293e-119 6.0766702071e-138 1.2046132929e-108 1.5310487857e-120 4.1725731857e-105 3.5216594286e-110 7.5038726643e-71 3.9897182143e-101 1.8393968564e-97 1.0326732429e-102 2.1731929243e-92 8.4198176429e-126 9.2335554571e-104 9.6740150714e-122 1.1195091857e-112 1.1480823679e-117 4.5077066357e-113 1.8507543071e-86 9.8772412857e-74
0.0000000000e+00 1.5957089843e-207 6.1005113036e-186 2.5135892071e-193 3.4938858214e-177 1.0127374693e-180 1.7661626929e-202 1.3098789786e-210 4.2831708357e-172 6.4238937214e-201 6.7461855071e-179 7.9538857857e-180 6.0125758214e-139 7.7503330429e-181 1.5602144929e-185 8.3759911214e-171 6.7139427786e-150 1.9929919893e-205 1.9161140143e-176 3.6038904650e-185 8.7722479286e-191 2.5269714979e-190 4.6956336143e-184 6.2866521786e-173 1.4827166143e-133
0.0000000000e+00 7.4126668214e-276 1.2318404214e-276 2.8606774429e-289 8.0772861429e-269 6.6771480429e-265 5.3028874500e-297 3.4228628429e-281 4.7338895714e-254 2.9094611793e-306 1.8724912000e-270 4.4755563929e-251 7.7540802500e-231 8.1491274214e-267 3.2489807286e-267 0.0000000000e+00 5.5441104471e-224 6.3277289143e-302 1.3521816643e-264 1.4315152550e-281 1.3085121000e-278 2.4396107786e-283 1.3225915929e-265 1.3402628286e-254 4.0818550500e-203
0.0000000000e+00 0.0000000000e+00 0.0000000000e+00 0.0000000000e+00 0.0000000000e+00 0.0000000000e+00 0.0000000000e+00 0.0000000000e+00 0.0000000000e+00 0.0000000000e+00 0.0000000000e+00 0.0000000000e+00 0.0000000000e+00 0.0000000000e+00 0.0000000000e+00 0.0000000000e+00 0.0000000000e+00 0.0000000000e+00 0.0000000000e+00 0.0000000000e+00 0.0000000000e+00 0.0000000000e+00 0.0000000000e+00 0.0000000000e+00 1.4080003071e-307
0.0000000000e+00 0.0000000000e+00 0.0000000000e+00 0.0000000000e+00 0.0000000000e+00 0.0000000000e+00 0.0000000000e+00 0.0000000000e+00 0.0000000000e+00 0.0000000000e+00 0.0000000000e+00 0.0000000000e+00 0.0000000000e+00 0.0000000000e+00 0.0000000000e+00 0.0000000000e+00 0.0000000000e+00 0.0000000000e+00 0.0000000000e+00 0.0000000000e+00 0.0000000000e+00 0.0000000000e+00 0.0000000000e+00 0.0000000000e+00 0.0000000000e+00
0.0000000000e+00 0.0000000000e+00 0.0000000000e+00 0.0000000000e+00 0.0000000000e+00 0.0000000000e+00 0.0000000000e+00 0.0000000000e+00 0.0000000000e+00 0.0000000000e+00 0.0000000000e+00 0.0000000000e+00 0.0000000000e+00 0.0000000000e+00 0.0000000000e+00 0.0000000000e+00 0.0000000000e+00 0.0000000000e+00 0.0000000000e+00 0.0000000000e+00 0.0000000000e+00 0.0000000000e+00 0.0000000000e+00 0.0000000000e+00 0.0000000000e+00
0.0000000000e+00 0.0000000000e+00 0.0000000000e+00 0.0000000000e+00 0.0000000000e+00 0.0000000000e+00 0.0000000000e+00 0.0000000000e+00 0.0000000000e+00 0.0000000000e+00 0.0000000000e+00 0.0000000000e+00 0.0000000000e+00 0.0000000000e+00 0.0000000000e+00 0.0000000000e+00 0.0000000000e+00 0.0000000000e+00 0.0000000000e+00 0.0000000000e+00 0.0000000000e+00 0.0000000000e+00 0.0000000000e+00 0.0000000000e+00 0.0000000000e+00
