6.0624375000e+03 6.0607376000e+03 6.0609215000e+03 6.0910863000e+03 6.0635723000e+03 6.0607194000e+03 6.0618331000e+03 6.0610937000e+03 6.0618015000e+03 6.0668414000e+03 6.0601661000e+03 6.0629409000e+03 6.0601301000e+03 6.0626263000e+03 6.0602518000e+03 6.0719311000e+03 6.0670522000e+03 6.0637404000e+03 6.0604174000e+03 6.0616798000e+03 6.0626938000e+03 6.0612571000e+03 6.0598039000e+03 6.0629917000e+03 6.0918146000e+03
6.0597144000e+03 6.0597143000e+03 6.0597144000e+03 6.0905262000e+03 6.0597143000e+03 6.0597143000e+03 6.0597143000e+03 6.0597143000e+03 6.0597143000e+03 6.0597144000e+03 6.0597143000e+03 6.0597144000e+03 6.0597143000e+03 6.0597143000e+03 6.0597143000e+03 6.0597156000e+03 6.0597173000e+03 6.0597144000e+03 6.0597143000e+03 6.0597144000e+03 6.0597143000e+03 6.0597144000e+03 6.0597143000e+03 6.0597144000e+03 6.0905262000e+03
6.0597143000e+03 6.0597143000e+03 6.0597143000e+03 6.0905262000e+03 6.0597143000e+03 6.0597143000e+03 6.0597143000e+03 6.0597143000e+03 6.0597143000e+03 6.0597143000e+03 6.0597143000e+03 6.0597143000e+03 6.0597143000e+03 6.0597143000e+03 6.0597143000e+03 6.0597143000e+03 6.0597143000e+03 6.0597143000e+03 6.0597143000e+03 6.0597143000e+03 6.0597143000e+03 6.0597143000e+03 6.0597143000e+03 6.0597143000e+03 6.0905262000e+03
6.0597143000e+03 6.0597143000e+03 6.0597143000e+03 6.0905262000e+03 6.0597143000e+03 6.0597143000e+03 6.0597143000e+03 6.0597143000e+03 6.0597143000e+03 6.0597143000e+03 6.0597143000e+03 6.0597143000e+03 6.0597143000e+03 6.0597143000e+03 6.0597143000e+03 6.0597143000e+03 6.0597143000e+03 6.0597143000e+03 6.0597143000e+03 6.0597143000e+03 6.0597143000e+03 6.0597143000e+03 6.0597143000e+03 6.0597143000e+03 6.0905262000e+03
6.0597143000e+03 6.0597143000e+03 6.0597143000e+03 6.0905262000e+03 6.0597143000e+03 6.0597143000e+03 6.0597143000e+03 6.0597143000e+03 6.0597143000e+03 6.0597143000e+03 6.0597143000e+03 6.0597143000e+03 6.0597143000e+03 6.0597143000e+03 6.0597143000e+03 6.0597143000e+03 6.0597143000e+03 6.0597143000e+03 6.0597143000e+03 6.0597143000e+03 6.0597143000e+03 6.0597143000e+03 6.0597143000e+03 6.0597143000e+03 6.0905262000e+03
6.0597143000e+03 6.0597143000e+03 6.0597143000e+03 6.0905262000e+03 6.0597143000e+03 6.0597143000e+03 6.0597143000e+03 6.0597143000e+03 6.0597143000e+03 6.0597143000e+03 6.0597143000e+03 6.0597143000e+03 6.0597143000e+03 6.0597143000e+03 6.0597143000e+03 6.0597143000e+03 6.0597143000e+03 6.0597143000e+03 6.0597143000e+03 6.0597143000e+03 6.0597143000e+03 6.0597143000e+03 6.0597143000e+03 6.0597143000e+03 6.0905262000e+03
6.0597143000e+03 6.0597143000e+03 6.0597143000e+03 6.0905262000e+03 6.0597143000e+03 6.0597143000e+03 6.0597143000e+03 6.0597143000e+03 6.0597143000e+03 6.0597143000e+03 6.0597143000e+03 6.0597143000e+03 6.0597143000e+03 6.0597143000e+03 6.0597143000e+03 6.0597143000e+03 6.0597143000e+03 6.0597143000e+03 6.0597143000e+03 6.0597143000e+03 6.0597143000e+03 6.0597143000e+03 6.0597143000e+03 6.0597143000e+03 6.0905262000e+03
6.0597143000e+03 6.0597143000e+03 6.0597143000e+03 6.0905262000e+03 6.0597143000e+03 6.0597143000e+03 6.0597143000e+03 6.0597143000e+03 6.0597143000e+03 6.0597143000e+03 6.0597143000e+03 6.0597143000e+03 6.0597143000e+03 6.0597143000e+03 6.0597143000e+03 6.0597143000e+03 6.0597143000e+03 6.0597143000e+03 6.0597143000e+03 6.0597143000e+03 6.0597143000e+03 6.0597143000e+03 6.0597143000e+03 6.0597143000e+03 6.0905262000e+03
6.0597143000e+03 6.0597143000e+03 6.0597143000e+03 6.0905262000e+03 6.0597143000e+03 6.0597143000e+03 6.0597143000e+03 6.0597143000e+03 6.0597143000e+03 6.0597143000e+03 6.0597143000e+03 6.0597143000e+03 6.0597143000e+03 6.0597143000e+03 6.0597143000e+03 6.0597143000e+03 6.0597143000e+03 6.0597143000e+03 6.0597143000e+03 6.0597143000e+03 6.0597143000e+03 6.0597143000e+03 6.0597143000e+03 6.0597143000e+03 6.0905262000e+03
6.0597143000e+03 6.0597143000e+03 6.0597143000e+03 6.0905262000e+03 6.0597143000e+03 6.0597143000e+03 6.0597143000e+03 6.0597143000e+03 6.0597143000e+03 6.0597143000e+03 6.0597143000e+03 6.0597143000e+03 6.0597143000e+03 6.0597143000e+03 6.0597143000e+03 6.0597143000e+03 6.0597143000e+03 6.0597143000e+03 6.0597143000e+03 6.0597143000e+03 6.0597143000e+03 6.0597143000e+03 6.0597143000e+03 6.0597143000e+03 6.0905262000e+03
