1.8559186000e+03 2.0900903000e+03 1.9959726000e+03 2.3263246000e+03 2.0589124000e+03 2.2452404000e+03 1.9415962000e+03 2.1569537000e+03 2.1000479000e+03 2.1135326000e+03 2.1614219000e+03 2.0641149000e+03 2.2368531000e+03 2.9982560000e+03 2.3264547000e+03 1.9290487000e+03 2.6867329000e+03 3.2806763000e+03 2.7636211000e+03 2.1746655000e+03 2.3465611000e+03 2.2326239000e+03 2.0868482000e+03 2.1772880000e+03 1.9070319000e+03
1.6783256000e+03 1.8581444000e+03 1.8326600000e+03 1.9008806000e+03 1.8865389000e+03 1.8798722000e+03 1.8494146000e+03 1.9044767000e+03 1.9549968000e+03 1.9336808000e+03 1.9594236000e+03 1.9312776000e+03 2.0150881000e+03 1.9604122000e+03 1.9711482000e+03 1.7139121000e+03 2.1473735000e+03 2.1819500000e+03 1.7866568000e+03 1.9136431000e+03 2.0276334000e+03 1.9620155000e+03 1.9086680000e+03 1.8976674000e+03 1.7603942000e+03
1.6162691000e+03 1.7934595000e+03 1.7690038000e+03 1.8218876000e+03 1.7939094000e+03 1.7727390000e+03 1.7828660000e+03 1.8202343000e+03 1.8612548000e+03 1.8532636000e+03 1.8352541000e+03 1.8273179000e+03 1.9031968000e+03 1.7523052000e+03 1.8891705000e+03 1.6167992000e+03 2.0303100000e+03 2.1292846000e+03 1.6824082000e+03 1.8466596000e+03 1.9391918000e+03 1.8831689000e+03 1.8124441000e+03 1.7761659000e+03 1.6968338000e+03
1.6161198000e+03 1.7140274000e+03 1.6749699000e+03 1.7508986000e+03 1.7143468000e+03 1.6938341000e+03 1.7328503000e+03 1.7402200000e+03 1.7939762000e+03 1.8120705000e+03 1.7838371000e+03 1.7614380000e+03 1.8220470000e+03 1.6811328000e+03 1.8082633000e+03 1.6161198000e+03 1.9677088000e+03 2.1292846000e+03 1.6161742000e+03 1.8010435000e+03 1.8908656000e+03 1.7691668000e+03 1.7483685000e+03 1.7274007000e+03 1.6169942000e+03
1.6161198000e+03 1.6619734000e+03 1.6290096000e+03 1.6473360000e+03 1.6226787000e+03 1.6161322000e+03 1.6393179000e+03 1.6375119000e+03 1.7387340000e+03 1.7516949000e+03 1.7239703000e+03 1.6718143000e+03 1.7246023000e+03 1.6164472000e+03 1.7374210000e+03 1.6161198000e+03 1.9084482000e+03 2.1292749000e+03 1.6161198000e+03 1.7058919000e+03 1.7964331000e+03 1.6780429000e+03 1.6766375000e+03 1.6510447000e+03 1.6161198000e+03
1.6161198000e+03 1.6161213000e+03 1.6161198000e+03 1.6161200000e+03 1.6161198000e+03 1.6161198000e+03 1.6161198000e+03 1.6161198000e+03 1.6720129000e+03 1.6775129000e+03 1.6540340000e+03 1.6161201000e+03 1.6731495000e+03 1.6161198000e+03 1.6585652000e+03 1.6161198000e+03 1.8441640000e+03 2.1292749000e+03 1.6161198000e+03 1.6163605000e+03 1.7287893000e+03 1.6161208000e+03 1.6161199000e+03 1.6161199000e+03 1.6161198000e+03
1.6161198000e+03 1.6161198000e+03 1.6161198000e+03 1.6161198000e+03 1.6161198000e+03 1.6161198000e+03 1.6161198000e+03 1.6161198000e+03 1.6191237000e+03 1.6335667000e+03 1.6161198000e+03 1.6161198000e+03 1.6252376000e+03 1.6161198000e+03 1.6161228000e+03 1.6161198000e+03 1.8123129000e+03 2.1292749000e+03 1.6161198000e+03 1.6161198000e+03 1.6391360000e+03 1.6161198000e+03 1.6161198000e+03 1.6161198000e+03 1.6161198000e+03
1.6161198000e+03 1.6161198000e+03 1.6161198000e+03 1.6161198000e+03 1.6161198000e+03 1.6161198000e+03 1.6161198000e+03 1.6161198000e+03 1.6161198000e+03 1.6161198000e+03 1.6161198000e+03 1.6161198000e+03 1.6161198000e+03 1.6161198000e+03 1.6161198000e+03 1.6161198000e+03 1.7560546000e+03 2.1292572000e+03 1.6161198000e+03 1.6161198000e+03 1.6161198000e+03 1.6161198000e+03 1.6161198000e+03 1.6161198000e+03 1.6161198000e+03
1.6161198000e+03 1.6161198000e+03 1.6161198000e+03 1.6161198000e+03 1.6161198000e+03 1.6161198000e+03 1.6161198000e+03 1.6161198000e+03 1.6161198000e+03 1.6161198000e+03 1.6161198000e+03 1.6161198000e+03 1.6161198000e+03 1.6161198000e+03 1.6161198000e+03 1.6161198000e+03 1.6761565000e+03 2.1291603000e+03 1.6161198000e+03 1.6161198000e+03 1.6161198000e+03 1.6161198000e+03 1.6161198000e+03 1.6161198000e+03 1.6161198000e+03
1.6161198000e+03 1.6161198000e+03 1.6161198000e+03 1.6161198000e+03 1.6161198000e+03 1.6161198000e+03 1.6161198000e+03 1.6161198000e+03 1.6161198000e+03 1.6161198000e+03 1.6161198000e+03 1.6161198000e+03 1.6161198000e+03 1.6161198000e+03 1.6161198000e+03 1.6161198000e+03 1.6760332000e+03 2.1291452000e+03 1.6161198000e+03 1.6161198000e+03 1.6161198000e+03 1.6161198000e+03 1.6161198000e+03 1.6161198000e+03 1.6161198000e+03
