7.6600899000e+01 5.7570630000e+01 8.3174272000e+01 3.8768218000e+01 9.5624740000e+01 6.5292964000e+01 8.4283329000e+01 7.6104468000e+01 6.7393301000e+01 1.0259482000e+02 7.2204246000e+01 5.0774563000e+01 6.2131795000e+01 1.0647331000e+02 7.5396373000e+01 7.4744086000e+01 8.6717062000e+01 8.7994071000e+01 8.5154368000e+01 7.0548747000e+01 8.7151588000e+01 9.7127233000e+01 1.5619105000e+02 1.1368862000e+02 1.0037581000e+02
7.2775919000e+01 5.0521582000e+01 7.8603232000e+01 6.6782554000e+01 6.7245461000e+01 5.8079071000e+01 4.5322925000e+01 5.1617234000e+01 6.0231818000e+01 8.1854787000e+01 7.4743393000e+01 5.7130692000e+01 8.5810749000e+01 5.1838276000e+01 8.4267435000e+01 1.1583814000e+02 6.6686945000e+01 5.4853256000e+01 7.9700540000e+01 5.6433271000e+01 5.6765631000e+01 4.3462792000e+01 5.3541925000e+01 8.5461522000e+01 6.6480316000e+01
6.3895680000e+01 6.2444699000e+01 5.9914646000e+01 8.2737507000e+01 7.5066082000e+01 6.4028742000e+01 9.3710646000e+01 5.9494157000e+01 6.0606472000e+01 5.3633230000e+01 7.0156443000e+01 5.3433983000e+01 4.8294780000e+01 4.4597247000e+01 5.8919786000e+01 6.2631187000e+01 4.2169435000e+01 4.6564177000e+01 4.8279245000e+01 5.5816948000e+01 6.1311292000e+01 6.1615459000e+01 5.3541925000e+01 7.0552577000e+01 6.3842411000e+01
5.4436960000e+01 6.2379263000e+01 4.7215137000e+01 6.1284404000e+01 4.4662802000e+01 4.9412850000e+01 4.7364570000e+01 5.2959574000e+01 4.1870020000e+01 4.8822679000e+01 4.8973521000e+01 5.3154064000e+01 4.8001157000e+01 4.1969879000e+01 4.5559774000e+01 4.6776052000e+01 4.1783074000e+01 4.6564177000e+01 4.8354095000e+01 4.6417565000e+01 4.7233721000e+01 4.6881500000e+01 4.1399667000e+01 4.8234315000e+01 4.4459925000e+01
4.9733704000e+01 5.4242298000e+01 4.3157535000e+01 4.7305407000e+01 3.9111138000e+01 4.7493749000e+01 4.4661287000e+01 4.2774639000e+01 4.1870020000e+01 4.3097157000e+01 4.1369596000e+01 4.4763853000e+01 4.2963671000e+01 3.8201303000e+01 4.4667602000e+01 3.9136359000e+01 4.0149057000e+01 4.2110594000e+01 4.5544407000e+01 4.2994822000e+01 4.6533685000e+01 4.1807443000e+01 4.1224534000e+01 4.6239816000e+01 4.2867561000e+01
4.8478300000e+01 4.5181800000e+01 4.0168530000e+01 4.4559436000e+01 3.6260327000e+01 4.3842050000e+01 3.8986729000e+01 3.9426425000e+01 3.9079029000e+01 4.3097157000e+01 3.9094912000e+01 4.4601152000e+01 4.2827336000e+01 3.8184672000e+01 4.1866848000e+01 3.9097618000e+01 3.6249045000e+01 4.1069622000e+01 4.1132361000e+01 4.2939334000e+01 3.7533633000e+01 3.8205668000e+01 4.0620302000e+01 4.1141146000e+01 3.9049177000e+01
3.9092624000e+01 4.1297255000e+01 3.8150436000e+01 4.0934558000e+01 3.5360662000e+01 4.2086111000e+01 3.7284760000e+01 3.9284041000e+01 3.8162764000e+01 4.1683455000e+01 3.7326402000e+01 3.9134041000e+01 3.9060132000e+01 3.6251590000e+01 3.9090066000e+01 3.8320391000e+01 3.6248244000e+01 4.0100004000e+01 3.7368557000e+01 4.1779747000e+01 3.7494434000e+01 3.6253772000e+01 3.9193310000e+01 3.6274698000e+01 3.8280409000e+01
3.8141000000e+01 3.6257336000e+01 3.8150436000e+01 3.9192183000e+01 3.5360662000e+01 3.8267098000e+01 3.5359232000e+01 3.9284041000e+01 3.7313252000e+01 4.0931153000e+01 3.7262438000e+01 3.6252091000e+01 3.9055200000e+01 3.6248757000e+01 3.9090066000e+01 3.8265464000e+01 3.6248244000e+01 3.8249775000e+01 3.7287771000e+01 3.9098764000e+01 3.7454902000e+01 3.6248244000e+01 3.9115595000e+01 3.6247981000e+01 3.6254615000e+01
3.7263000000e+01 3.5363560000e+01 3.6284748000e+01 3.7355739000e+01 3.5359997000e+01 3.8267098000e+01 3.5359232000e+01 3.9284041000e+01 3.6249291000e+01 4.0931153000e+01 3.5367691000e+01 3.5367691000e+01 3.8161425000e+01 3.6247981000e+01 3.7379924000e+01 3.8160248000e+01 3.6248244000e+01 3.6267092000e+01 3.6267911000e+01 3.9038996000e+01 3.7454475000e+01 3.6248244000e+01 3.7401085000e+01 3.5359232000e+01 3.6248244000e+01
3.7263000000e+01 3.5363560000e+01 3.6248244000e+01 3.7355739000e+01 3.5359997000e+01 3.8267098000e+01 3.5359232000e+01 3.9284041000e+01 3.6249291000e+01 4.0931153000e+01 3.5360662000e+01 3.5359232000e+01 3.8113433000e+01 3.6247981000e+01 3.6297237000e+01 3.5359232000e+01 3.6248244000e+01 3.6267092000e+01 3.6267911000e+01 3.6249737000e+01 3.7454475000e+01 3.5359232000e+01 3.7401085000e+01 3.5359232000e+01 3.6248244000e+01
