5.3993437000e+02 5.3733229000e+02 5.4144905000e+02 5.3842795000e+02 5.3847677000e+02 5.4113673000e+02 5.3779511000e+02 5.3765547000e+02 5.3676934000e+02 5.3906356000e+02 5.3629112000e+02 5.3971956000e+02 5.3915111000e+02 5.3655717000e+02 5.3560089000e+02 5.3726928000e+02 5.3528402000e+02 5.4095844000e+02 5.3682582000e+02 5.4021343000e+02 5.3261877000e+02 5.3958807000e+02 5.3763605000e+02 5.3756650000e+02 5.4533467000e+02
5.2478833000e+02 5.2583656000e+02 5.2498087000e+02 5.2516970000e+02 5.2482322000e+02 5.2513451000e+02 5.2513095000e+02 5.2488244000e+02 5.2494502000e+02 5.2494874000e+02 5.2492606000e+02 5.2491940000e+02 5.2520801000e+02 5.2487228000e+02 5.2506967000e+02 5.2498691000e+02 5.2494556000e+02 5.2511444000e+02 5.2469173000e+02 5.2490155000e+02 5.2482362000e+02 5.2503611000e+02 5.2487862000e+02 5.2526755000e+02 5.2582512000e+02
5.2446127000e+02 5.2447960000e+02 5.2446752000e+02 5.2446523000e+02 5.2446446000e+02 5.2446526000e+02 5.2447114000e+02 5.2445833000e+02 5.2446273000e+02 5.2446285000e+02 5.2447524000e+02 5.2446820000e+02 5.2446829000e+02 5.2446487000e+02 5.2445974000e+02 5.2446251000e+02 5.2446302000e+02 5.2447102000e+02 5.2446426000e+02 5.2446672000e+02 5.2446359000e+02 5.2446160000e+02 5.2446512000e+02 5.2447543000e+02 5.2447405000e+02
5.2445095000e+02 5.2445117000e+02 5.2445093000e+02 5.2445096000e+02 5.2445113000e+02 5.2445091000e+02 5.2445097000e+02 5.2445092000e+02 5.2445088000e+02 5.2445088000e+02 5.2445112000e+02 5.2445102000e+02 5.2445114000e+02 5.2445098000e+02 5.2445091000e+02 5.2445091000e+02 5.2445102000e+02 5.2445094000e+02 5.2445101000e+02 5.2445105000e+02 5.2445088000e+02 5.2445092000e+02 5.2445100000e+02 5.2445108000e+02 5.2445103000e+02
5.2445076000e+02 5.2445076000e+02 5.2445076000e+02 5.2445076000e+02 5.2445076000e+02 5.2445076000e+02 5.2445076000e+02 5.2445076000e+02 5.2445076000e+02 5.2445076000e+02 5.2445076000e+02 5.2445076000e+02 5.2445077000e+02 5.2445076000e+02 5.2445076000e+02 5.2445076000e+02 5.2445076000e+02 5.2445076000e+02 5.2445076000e+02 5.2445076000e+02 5.2445076000e+02 5.2445076000e+02 5.2445076000e+02 5.2445076000e+02 5.2445076000e+02
5.2445076000e+02 5.2445076000e+02 5.2445076000e+02 5.2445076000e+02 5.2445076000e+02 5.2445076000e+02 5.2445076000e+02 5.2445076000e+02 5.2445076000e+02 5.2445076000e+02 5.2445076000e+02 5.2445076000e+02 5.2445076000e+02 5.2445076000e+02 5.2445076000e+02 5.2445076000e+02 5.2445076000e+02 5.2445076000e+02 5.2445076000e+02 5.2445076000e+02 5.2445076000e+02 5.2445076000e+02 5.2445076000e+02 5.2445076000e+02 5.2445076000e+02
5.2445076000e+02 5.2445076000e+02 5.2445076000e+02 5.2445076000e+02 5.2445076000e+02 5.2445076000e+02 5.2445076000e+02 5.2445076000e+02 5.2445076000e+02 5.2445076000e+02 5.2445076000e+02 5.2445076000e+02 5.2445076000e+02 5.2445076000e+02 5.2445076000e+02 5.2445076000e+02 5.2445076000e+02 5.2445076000e+02 5.2445076000e+02 5.2445076000e+02 5.2445076000e+02 5.2445076000e+02 5.2445076000e+02 5.2445076000e+02 5.2445076000e+02
5.2445076000e+02 5.2445076000e+02 5.2445076000e+02 5.2445076000e+02 5.2445076000e+02 5.2445076000e+02 5.2445076000e+02 5.2445076000e+02 5.2445076000e+02 5.2445076000e+02 5.2445076000e+02 5.2445076000e+02 5.2445076000e+02 5.2445076000e+02 5.2445076000e+02 5.2445076000e+02 5.2445076000e+02 5.2445076000e+02 5.2445076000e+02 5.2445076000e+02 5.2445076000e+02 5.2445076000e+02 5.2445076000e+02 5.2445076000e+02 5.2445076000e+02
5.2445076000e+02 5.2445076000e+02 5.2445076000e+02 5.2445076000e+02 5.2445076000e+02 5.2445076000e+02 5.2445076000e+02 5.2445076000e+02 5.2445076000e+02 5.2445076000e+02 5.2445076000e+02 5.2445076000e+02 5.2445076000e+02 5.2445076000e+02 5.2445076000e+02 5.2445076000e+02 5.2445076000e+02 5.2445076000e+02 5.2445076000e+02 5.2445076000e+02 5.2445076000e+02 5.2445076000e+02 5.2445076000e+02 5.2445076000e+02 5.2445076000e+02
5.2445076000e+02 5.2445076000e+02 5.2445076000e+02 5.2445076000e+02 5.2445076000e+02 5.2445076000e+02 5.2445076000e+02 5.2445076000e+02 5.2445076000e+02 5.2445076000e+02 5.2445076000e+02 5.2445076000e+02 5.2445076000e+02 5.2445076000e+02 5.2445076000e+02 5.2445076000e+02 5.2445076000e+02 5.2445076000e+02 5.2445076000e+02 5.2445076000e+02 5.2445076000e+02 5.2445076000e+02 5.2445076000e+02 5.2445076000e+02 5.2445076000e+02
