2.2950308258e+00 2.1169291891e+00 2.0782897348e+00 2.0023291102e+00 2.2004758246e+00 2.1656068644e+00 2.3648510605e+00 2.4370562244e+00 2.2195837979e+00 2.2536341338e+00 2.0631210293e+00 1.8098426348e+00 2.1182300631e+00 2.2275690738e+00 2.2303614510e+00 2.1341072527e+00 2.0693393874e+00 2.1516613377e+00 1.8163726841e+00 2.0253633709e+00 2.3811428208e+00 2.0655774485e+00 2.1682399156e+00 2.0561253398e+00 2.1118375560e+00
8.1551341709e-01 9.0608967169e-01 8.6821107960e-01 8.1727145573e-01 9.2675354223e-01 9.3373550791e-01 1.0130527855e+00 1.0270580188e+00 9.7815079459e-01 9.6198238892e-01 8.6303509004e-01 9.0150573309e-01 8.7859829350e-01 7.3900109758e-01 9.5563956583e-01 9.1331805017e-01 1.0012796404e+00 9.3870889103e-01 8.1797132012e-01 8.8987799372e-01 1.0527470614e+00 9.2662035579e-01 8.0725677072e-01 8.8736274307e-01 9.0799593992e-01
2.4521748124e-01 2.4891666256e-01 2.7605152316e-01 3.0776284623e-01 2.8147349314e-01 2.8195456918e-01 3.7314799058e-01 3.0603059787e-01 3.5111903045e-01 3.1217876824e-01 2.6558584135e-01 3.0202074811e-01 2.7778272195e-01 2.6063773548e-01 2.6091462704e-01 2.7385505097e-01 3.1042644992e-01 3.3498691219e-01 2.8140286267e-01 3.1917796065e-01 2.8201861549e-01 3.0372252438e-01 3.1335485487e-01 2.5870936833e-01 3.1814806506e-01
1.0038670344e-01 8.7246140668e-02 9.4697301286e-02 1.4410849066e-01 9.7963024316e-02 1.2351768509e-01 1.3320005961e-01 1.0501862461e-01 1.2165056025e-01 1.2349989891e-01 1.2947932657e-01 1.4169668293e-01 1.0294786206e-01 8.5181370841e-02 9.4764266463e-02 1.0061147555e-01 1.3326499274e-01 1.1776888032e-01 9.6335338299e-02 1.4077546468e-01 1.0368336661e-01 9.6674381044e-02 1.0061808248e-01 1.0675995814e-01 1.5283487242e-01
4.7338658237e-02 5.8779968363e-02 5.0457150420e-02 1.0887646800e-01 5.1973386198e-02 6.6873198714e-02 1.0453967238e-01 5.1018701710e-02 5.9467850291e-02 7.8264599874e-02 1.0105656516e-01 9.5792296728e-02 6.4383530908e-02 4.6835272319e-02 5.5749828961e-02 5.8217866283e-02 9.2369487485e-02 1.0181138257e-01 5.7917042094e-02 1.0120927222e-01 5.7405437855e-02 4.8034898283e-02 6.0259509919e-02 6.7608144670e-02 1.1548620072e-01
3.8364815271e-02 4.0590599474e-02 4.0159614194e-02 7.6156547407e-02 2.5118688312e-02 5.5205120978e-02 9.6240326235e-02 3.5461721975e-02 4.2146333157e-02 6.5119008974e-02 8.2997203987e-02 8.8701340010e-02 4.9268349781e-02 3.0649353226e-02 4.0265820584e-02 3.3953947986e-02 9.2257056394e-02 8.5118262441e-02 4.9374627164e-02 8.0153889097e-02 3.9242622061e-02 2.7273769275e-02 4.0763838282e-02 5.2065909265e-02 1.1217296218e-01
2.4283016247e-02 2.3925036540e-02 2.2485137994e-02 2.7907137744e-02 1.6401297262e-02 2.0571016438e-02 6.5878350538e-02 1.7266242893e-02 2.1516797880e-02 2.6115331637e-02 7.3104650699e-02 6.4869533146e-02 2.2117555340e-02 1.3740324144e-02 2.2463503185e-02 1.5891740892e-02 6.1034770555e-02 6.9217606766e-02 1.9907683630e-02 4.2982654218e-02 1.8893991545e-02 1.3540139034e-02 1.9701322271e-02 2.8003357255e-02 3.9186485616e-02
2.0953859107e-02 1.5614721463e-02 1.9460258479e-02 2.2677297885e-02 1.2175771043e-02 1.8661363972e-02 4.1462531721e-02 1.6026947898e-02 1.9101075410e-02 1.9940969060e-02 5.8948264587e-02 4.3192914760e-02 1.9431018780e-02 1.1455853736e-02 1.9246789824e-02 1.3292747830e-02 4.2436086278e-02 4.3234246849e-02 1.7044265756e-02 2.8940953767e-02 1.4416853216e-02 1.1828206136e-02 1.6994053806e-02 2.2058134300e-02 3.3959848594e-02
1.4203743553e-02 1.2609295186e-02 1.7589335876e-02 1.9942243233e-02 1.1052708242e-02 1.6087248659e-02 3.9452457597e-02 1.4245184047e-02 1.6204892826e-02 1.8119769567e-02 4.5482669945e-02 3.3153031576e-02 1.7480721899e-02 9.9879366633e-03 1.4869974076e-02 1.2394850973e-02 3.4289324742e-02 3.5135605780e-02 1.3910142557e-02 2.6058911262e-02 1.2947718419e-02 1.0824325260e-02 1.3864031334e-02 1.9759695051e-02 2.9715959191e-02
1.3573575198e-02 1.0946367352e-02 1.5907281547e-02 1.6608229287e-02 9.8826830022e-03 1.5124802513e-02 3.6008670361e-02 1.2021894046e-02 1.3895616262e-02 1.6080381147e-02 3.5989845483e-02 3.2265748739e-02 1.6309396266e-02 8.9352569715e-03 1.3464690858e-02 1.1597348092e-02 3.3026069457e-02 3.2659495185e-02 1.3028881313e-02 2.4428391324e-02 1.1882615602e-02 1.0243404445e-02 1.0781606506e-02 1.7394683328e-02 2.6708929550e-02
