8.8130132528e+01 8.7454973407e+01 8.5922927683e+01 8.4318622403e+01 7.5144650893e+01 8.4853479498e+01 7.8969527075e+01 8.7256589153e+01 8.4735824051e+01 8.5076650886e+01 8.0689856799e+01 8.5069484755e+01 8.0695702630e+01 9.2298175046e+01 7.7947230526e+01 8.2033861576e+01 7.9676912145e+01 7.7297929538e+01 9.0354639891e+01 7.9324247890e+01 9.4969033357e+01 8.5558576133e+01 8.3861949862e+01 9.4925772884e+01 8.1758516957e+01
9.9993595909e+00 8.7801408792e+00 9.7592790337e+00 9.6438869553e+00 7.5366437964e+00 1.0759455429e+01 1.3162128044e+01 1.2827480364e+01 1.3794235114e+01 9.7661205242e+00 9.9580880061e+00 8.7689198438e+00 1.1954897955e+01 1.1710824052e+01 9.8013081113e+00 8.6377435965e+00 1.0216155925e+01 1.0284106710e+01 1.2461710035e+01 1.0816850220e+01 1.0660868694e+01 1.1269530396e+01 9.4861396403e+00 1.4157258284e+01 1.0577793998e+01
4.0687522201e+00 3.9991905940e+00 3.7389714542e+00 4.1284402791e+00 3.2752069949e+00 4.4521533437e+00 4.5187310809e+00 5.2992096317e+00 5.1860516638e+00 3.7384862070e+00 4.0109905097e+00 3.0629571512e+00 3.7512138825e+00 3.0602696613e+00 4.1035796668e+00 3.5128831927e+00 4.8177020919e+00 3.5883384520e+00 4.7053761135e+00 4.2469922901e+00 3.7767794899e+00 4.3218076951e+00 3.1650048283e+00 4.8438052157e+00 4.4380233374e+00
2.6106026337e+00 2.5754272598e+00 1.9159348271e+00 3.0251659434e+00 2.5013055336e+00 3.1086946492e+00 3.1785838429e+00 3.6278670536e+00 4.0547623570e+00 2.6727053084e+00 2.9617378170e+00 2.1501999573e+00 2.4119324856e+00 2.3201767925e+00 2.7415616125e+00 2.2859555213e+00 3.1045190870e+00 2.3609827651e+00 2.7410994756e+00 2.3937489902e+00 2.4663944937e+00 2.4941156751e+00 2.5220101636e+00 3.6196244082e+00 3.2860614376e+00
1.7603949504e+00 2.3379810294e+00 1.0307103829e+00 2.4889904430e+00 2.1888014046e+00 2.3543745421e+00 2.3751962305e+00 2.0316015751e+00 2.3481618092e+00 2.1165222572e+00 2.3904098274e+00 1.7620423066e+00 1.7283032687e+00 1.7492216135e+00 2.0399835584e+00 1.6441566093e+00 1.6091354249e+00 1.7707378655e+00 2.2571174564e+00 1.5679600961e+00 1.8359912004e+00 2.1768072964e+00 2.2397338519e+00 2.8893345859e+00 2.7462200302e+00
1.2580714665e+00 1.9361523422e+00 8.8149227888e-01 2.2363351341e+00 1.7601100594e+00 1.7106690091e+00 2.0512404301e+00 1.4648934490e+00 1.4132147347e+00 1.8496477978e+00 1.9289294594e+00 1.3750723003e+00 1.3451198766e+00 1.0739871004e+00 1.5520609756e+00 1.1735108252e+00 1.1655876785e+00 1.4670480302e+00 1.8267259603e+00 1.2045565387e+00 1.6559182041e+00 1.8099958171e+00 1.6316558866e+00 2.1902741026e+00 2.4718472291e+00
8.5766440920e-01 1.2831066547e+00 6.7884661839e-01 1.8704520395e+00 1.3009983404e+00 1.0829641124e+00 1.7026391044e+00 1.1536229905e+00 1.0104651085e+00 1.5428557173e+00 1.4412468637e+00 1.0569049725e+00 1.0476529366e+00 7.5222090038e-01 1.1622256605e+00 9.5139921190e-01 9.6729612161e-01 1.1887636149e+00 1.4631949744e+00 8.7279097588e-01 1.3789617844e+00 1.1152973388e+00 1.0946647422e+00 1.4446463797e+00 2.0119322597e+00
8.0996267752e-01 1.0817017524e+00 6.0212214587e-01 1.6464757348e+00 1.0713443645e+00 9.6199630879e-01 1.4251413654e+00 9.8841526172e-01 8.5928684633e-01 1.1264593577e+00 1.2467417034e+00 9.2151861676e-01 8.8777724043e-01 7.3226326814e-01 9.3889990097e-01 8.9527543443e-01 8.9647855104e-01 1.1637763878e+00 1.3772870143e+00 7.7251114929e-01 1.2527965975e+00 7.8786892536e-01 9.7485827587e-01 1.2898023635e+00 1.9215596217e+00
7.4707423755e-01 1.0215867782e+00 5.6947230468e-01 1.6020501932e+00 9.5032411488e-01 8.4798839738e-01 1.2014990335e+00 8.8029323655e-01 8.0209682560e-01 1.0471973966e+00 1.1185649809e+00 8.2658349727e-01 7.9647815009e-01 7.2174162262e-01 8.7615881213e-01 8.7399110351e-01 8.3354670583e-01 1.1390476455e+00 8.8654629258e-01 7.4158249128e-01 1.1888983166e+00 6.0613458661e-01 9.1199432374e-01 1.2184587331e+00 1.5678760167e+00
7.1217275189e-01 1.0108196493e+00 5.3161237856e-01 1.5906939224e+00 9.2493293120e-01 8.3847826346e-01 1.0298251261e+00 8.6928889984e-01 7.7169940231e-01 1.0163544961e+00 1.0225702260e+00 8.0601743356e-01 7.7599094499e-01 7.2091473770e-01 7.9780157803e-01 8.6934038005e-01 8.1204265158e-01 1.1295134265e+00 7.4060447305e-01 7.3122880299e-01 1.1358531619e+00 5.6517805456e-01 9.0328382293e-01 1.1954321578e+00 1.4903852194e+00
