3.1081286000e+02 3.0392550000e+02 -5.0290041000e-01 2.4705582000e+02 1.9852790000e+02 3.2956111000e+02 1.0330427000e+02 6.9241294000e+02 3.6427135000e+02 2.8074827000e+02 2.6245287000e+02 4.0672816000e+01 2.4153503000e+02 2.1773974000e+02 5.7659183000e+02 3.8714500000e+02 2.9912653000e+02 1.9281556000e+02 5.0353140000e+02 3.7212873000e+02 4.9770696000e+02 5.4559900000e+01 3.1094485000e+02 4.9338975000e+02 2.2950511000e+02
1.6949126000e+02 2.0596722000e+02 1.6487667000e+02 1.6707518000e+02 1.6625923000e+02 2.2645026000e+02 9.1895933000e+01 1.6338410000e+02 1.4646858000e+02 1.4921103000e+02 1.7384707000e+02 1.9285296000e+02 1.3784862000e+02 8.1273486000e+01 1.2370522000e+02 1.3993198000e+02 2.1203130000e+02 2.0928297000e+02 1.9892808000e+02 1.8068101000e+02 2.7239147000e+02 1.8574830000e+02 1.7569801000e+02 1.4652599000e+02 1.9692614000e+02
1.4018057000e+02 1.4556677000e+02 1.3545582000e+02 1.6036476000e+02 1.2947952000e+02 1.3597487000e+02 1.4347389000e+02 1.4654875000e+02 1.3910967000e+02 1.5266000000e+02 1.4734891000e+02 1.3867205000e+02 1.4556228000e+02 1.4158882000e+02 1.4745646000e+02 1.5706555000e+02 1.3157247000e+02 1.4015264000e+02 1.3729324000e+02 1.4760373000e+02 1.4359902000e+02 1.5129130000e+02 1.4168841000e+02 1.6294978000e+02 1.4503206000e+02
1.0972182000e+02 1.3217344000e+02 1.1821666000e+02 1.1908163000e+02 1.1936288000e+02 1.1147676000e+02 1.1225127000e+02 1.2016308000e+02 1.2026082000e+02 1.2709869000e+02 1.2760032000e+02 1.1795855000e+02 1.2148820000e+02 1.2332834000e+02 1.1360132000e+02 1.3561672000e+02 9.8966827000e+01 1.1866063000e+02 1.1726572000e+02 1.1992819000e+02 1.1119076000e+02 1.2197706000e+02 1.2242544000e+02 1.3181459000e+02 1.1327530000e+02
9.5224929000e+01 1.2121635000e+02 9.4917753000e+01 1.0306533000e+02 1.0106584000e+02 1.0169389000e+02 1.0158435000e+02 1.0663959000e+02 1.0975190000e+02 1.1720824000e+02 1.1191964000e+02 1.1244240000e+02 1.0396263000e+02 1.1060876000e+02 1.0313995000e+02 1.2429199000e+02 8.9228243000e+01 1.0627025000e+02 1.0420281000e+02 1.0357138000e+02 1.0185381000e+02 1.0473919000e+02 1.0564013000e+02 1.1817346000e+02 1.0899442000e+02
8.9480440000e+01 1.2204186000e+02 9.0664845000e+01 9.5948892000e+01 1.0004001000e+02 9.6204560000e+01 9.3602721000e+01 1.0314453000e+02 9.4141296000e+01 1.0119858000e+02 1.0040288000e+02 8.8247319000e+01 9.6094394000e+01 1.0611236000e+02 9.3767546000e+01 1.1951345000e+02 7.9681313000e+01 1.0412347000e+02 9.9912683000e+01 1.0136618000e+02 9.6549757000e+01 9.5339682000e+01 9.6051621000e+01 1.1670788000e+02 1.0500209000e+02
8.0660808000e+01 1.2194963000e+02 8.1990171000e+01 7.7617047000e+01 9.4530756000e+01 9.2441254000e+01 9.2774282000e+01 9.9382604000e+01 7.1432648000e+01 9.3821201000e+01 9.7770171000e+01 6.6244359000e+01 8.6447885000e+01 1.0502090000e+02 8.7113613000e+01 1.1598056000e+02 7.0593912000e+01 1.0227033000e+02 9.5413729000e+01 9.3280170000e+01 9.2255475000e+01 9.1640498000e+01 8.8581157000e+01 1.1055806000e+02 9.7904287000e+01
6.6144998000e+01 1.2245889000e+02 7.7034797000e+01 5.6946166000e+01 9.1798531000e+01 9.1288764000e+01 9.2372366000e+01 9.6695820000e+01 5.9410203000e+01 8.8122366000e+01 9.7476514000e+01 5.3815433000e+01 8.5161161000e+01 1.0535380000e+02 8.7063225000e+01 1.1592063000e+02 5.9166884000e+01 1.0144084000e+02 9.4496910000e+01 8.8918075000e+01 9.2131465000e+01 9.0888208000e+01 7.9732835000e+01 1.0648291000e+02 9.6565022000e+01
6.2272851000e+01 1.2266033000e+02 7.0715861000e+01 5.3893230000e+01 7.7833093000e+01 9.0223727000e+01 9.3019193000e+01 9.5364517000e+01 5.6965676000e+01 8.3988111000e+01 9.7771428000e+01 5.4791964000e+01 8.3875248000e+01 1.0656822000e+02 8.7168741000e+01 1.1624038000e+02 5.3753543000e+01 1.0102015000e+02 9.5294286000e+01 8.4799270000e+01 9.2588206000e+01 9.0636281000e+01 7.7428033000e+01 1.0203569000e+02 9.8078937000e+01
6.0683311000e+01 1.2313223000e+02 5.5949902000e+01 5.1971769000e+01 7.4808569000e+01 8.5145189000e+01 9.3461778000e+01 9.5368002000e+01 5.7396190000e+01 7.4243849000e+01 9.7897258000e+01 5.6072350000e+01 7.8925304000e+01 1.0731607000e+02 8.8632283000e+01 1.1630845000e+02 5.4355727000e+01 1.0126686000e+02 9.5427563000e+01 8.4074297000e+01 9.2817673000e+01 9.1388714000e+01 7.7126910000e+01 9.6476402000e+01 9.7849560000e+01
