1.6038854000e+00 1.6334687000e+00 1.9176697000e+00 1.6120711000e+00 1.6353159000e+00 1.8046394000e+00 1.7482240000e+00 1.7231997000e+00 1.5548579000e+00 1.5695977000e+00 1.6661546000e+00 1.8371654000e+00 1.4965254000e+00 1.8617564000e+00 1.5309371000e+00 1.7629470000e+00 1.9011040000e+00 1.4792231000e+00 1.5043547000e+00 1.5941962000e+00 1.5230898000e+00 1.6372814000e+00 1.5989180000e+00 1.7025337000e+00 1.5618527000e+00
1.8688001000e+00 1.7563360000e+00 1.9362798000e+00 1.7721840000e+00 1.8348235000e+00 1.8733604000e+00 1.9534127000e+00 1.8557527000e+00 1.8348346000e+00 1.7414664000e+00 1.8975775000e+00 1.7801648000e+00 1.7511530000e+00 1.8351321000e+00 1.8814571000e+00 1.9306726000e+00 1.7874356000e+00 1.9783985000e+00 1.8314670000e+00 1.8921206000e+00 1.8071795000e+00 1.8935165000e+00 1.8309158000e+00 1.9311041000e+00 1.8775393000e+00
2.0291740000e+00 1.9213718000e+00 1.9948253000e+00 1.9144976000e+00 1.9631971000e+00 2.1118365000e+00 1.9914710000e+00 1.9567937000e+00 1.8888245000e+00 1.9725690000e+00 2.0475247000e+00 1.9971134000e+00 1.9766880000e+00 1.8978253000e+00 1.9354602000e+00 1.9919312000e+00 1.9815579000e+00 1.9880888000e+00 1.7914857000e+00 2.0097723000e+00 2.1081992000e+00 2.1854067000e+00 1.9708362000e+00 1.9834812000e+00 1.9392371000e+00
2.0385856000e+00 1.9126831000e+00 2.1054546000e+00 1.9827224000e+00 1.9744968000e+00 2.1152327000e+00 2.1112818000e+00 1.9999027000e+00 1.8964685000e+00 1.9731987000e+00 2.1528517000e+00 1.9380476000e+00 1.9766880000e+00 1.8978593000e+00 1.9527381000e+00 1.9919312000e+00 2.0101334000e+00 2.1575658000e+00 2.0714125000e+00 2.0097723000e+00 2.0408621000e+00 2.1509935000e+00 1.9186597000e+00 1.9214443000e+00 1.9800811000e+00
2.0385856000e+00 1.9968743000e+00 2.1025797000e+00 1.9571402000e+00 1.9744968000e+00 2.1152327000e+00 2.1113387000e+00 1.9924080000e+00 2.0454858000e+00 1.9731987000e+00 2.2879915000e+00 1.9134085000e+00 1.9766880000e+00 1.9241241000e+00 1.9840929000e+00 2.0210427000e+00 2.0101334000e+00 2.1378919000e+00 2.0467216000e+00 1.9613653000e+00 2.2104195000e+00 2.0404649000e+00 1.9317874000e+00 1.9214443000e+00 1.9800811000e+00
2.0823261000e+00 1.9973335000e+00 2.0763041000e+00 1.9634513000e+00 1.9744968000e+00 2.1152327000e+00 2.1277418000e+00 1.9928335000e+00 2.0094312000e+00 1.9732277000e+00 2.2630881000e+00 2.0046606000e+00 1.9766880000e+00 1.8886728000e+00 1.9840929000e+00 2.1030591000e+00 2.0097108000e+00 2.0016434000e+00 2.0467216000e+00 1.9613653000e+00 2.2104195000e+00 2.0205109000e+00 1.9317874000e+00 1.9214443000e+00 2.0496934000e+00
2.0873201000e+00 2.0255367000e+00 2.0635574000e+00 2.0800764000e+00 2.0187183000e+00 1.9659577000e+00 2.0816290000e+00 2.0671810000e+00 1.9642164000e+00 2.0586223000e+00 2.2761914000e+00 2.0063592000e+00 2.0148537000e+00 2.0355235000e+00 1.9987414000e+00 2.1062260000e+00 2.0816258000e+00 2.0652662000e+00 2.0644063000e+00 1.9917328000e+00 2.0561387000e+00 2.0666324000e+00 1.9877003000e+00 2.0066146000e+00 1.9620305000e+00
2.0898389000e+00 2.0735593000e+00 2.0990570000e+00 2.0680235000e+00 2.0219547000e+00 1.9557871000e+00 2.0510033000e+00 2.1426117000e+00 1.9564185000e+00 2.0861382000e+00 2.2896613000e+00 1.9966614000e+00 1.9784105000e+00 2.0081452000e+00 2.0545424000e+00 2.1365751000e+00 2.1151901000e+00 2.1078297000e+00 1.9973144000e+00 2.0466962000e+00 2.0365337000e+00 2.1558412000e+00 1.9992333000e+00 1.9944902000e+00 1.9333688000e+00
2.0885530000e+00 2.0410284000e+00 2.0953771000e+00 2.0705553000e+00 2.0136842000e+00 1.9581899000e+00 2.0186024000e+00 2.2868502000e+00 1.9547444000e+00 2.0841329000e+00 2.2884003000e+00 2.0362904000e+00 1.9789680000e+00 2.0017598000e+00 2.0560086000e+00 2.1528803000e+00 2.1379198000e+00 2.1149165000e+00 1.9673933000e+00 2.0496321000e+00 2.0465544000e+00 2.1396061000e+00 1.9764902000e+00 2.0090767000e+00 1.9236784000e+00
2.0884144000e+00 2.0197315000e+00 2.0958702000e+00 2.0705701000e+00 2.0070187000e+00 1.9573032000e+00 2.0198357000e+00 2.3786465000e+00 1.9529896000e+00 2.0851400000e+00 2.2830150000e+00 2.0334340000e+00 1.9806326000e+00 1.9918977000e+00 2.0563691000e+00 2.1550650000e+00 2.1645448000e+00 2.1447569000e+00 1.9434198000e+00 2.0461628000e+00 2.0795773000e+00 2.1236073000e+00 1.9744541000e+00 2.0148663000e+00 1.9176288000e+00
