2.9371934000e+00 2.9258507000e+00 2.9593765000e+00 2.9474180000e+00 3.2383703000e+00 4.0035936000e+00 2.9497891000e+00 2.9850971000e+00 3.0780693000e+00 3.1234955000e+00 3.0150004000e+00 3.3053383000e+00 2.9282124000e+00 2.9511308000e+00 3.7497839000e+00 5.8884432000e+00 3.1198860000e+00 4.0864699000e+00 3.1926228000e+00 3.3491496000e+00 3.1496374000e+00 2.9347129000e+00 4.9892085000e+00 4.3255522000e+00 2.9932610000e+00
2.9248943000e+00 2.9248345000e+00 2.9254907000e+00 2.9249323000e+00 2.9252949000e+00 2.9258643000e+00 2.9248488000e+00 2.9250597000e+00 2.9249652000e+00 2.9248820000e+00 2.9249330000e+00 2.9249450000e+00 2.9248315000e+00 2.9248441000e+00 2.9258981000e+00 2.9284567000e+00 2.9253362000e+00 2.9259713000e+00 2.9254868000e+00 2.9256894000e+00 2.9255688000e+00 2.9248353000e+00 2.9259026000e+00 2.9283187000e+00 2.9248563000e+00
2.9248306000e+00 2.9248306000e+00 2.9248313000e+00 2.9248306000e+00 2.9248306000e+00 2.9248311000e+00 2.9248306000e+00 2.9248306000e+00 2.9248306000e+00 2.9248306000e+00 2.9248306000e+00 2.9248306000e+00 2.9248306000e+00 2.9248306000e+00 2.9248311000e+00 2.9248310000e+00 2.9248307000e+00 2.9248310000e+00 2.9248307000e+00 2.9248307000e+00 2.9248306000e+00 2.9248306000e+00 2.9248307000e+00 2.9248310000e+00 2.9248306000e+00
2.9248306000e+00 2.9248306000e+00 2.9248306000e+00 2.9248306000e+00 2.9248306000e+00 2.9248306000e+00 2.9248306000e+00 2.9248306000e+00 2.9248306000e+00 2.9248306000e+00 2.9248306000e+00 2.9248306000e+00 2.9248306000e+00 2.9248306000e+00 2.9248306000e+00 2.9248306000e+00 2.9248306000e+00 2.9248306000e+00 2.9248306000e+00 2.9248306000e+00 2.9248306000e+00 2.9248306000e+00 2.9248306000e+00 2.9248306000e+00 2.9248306000e+00
2.9248306000e+00 2.9248306000e+00 2.9248306000e+00 2.9248306000e+00 2.9248306000e+00 2.9248306000e+00 2.9248306000e+00 2.9248306000e+00 2.9248306000e+00 2.9248306000e+00 2.9248306000e+00 2.9248306000e+00 2.9248306000e+00 2.9248306000e+00 2.9248306000e+00 2.9248306000e+00 2.9248306000e+00 2.9248306000e+00 2.9248306000e+00 2.9248306000e+00 2.9248306000e+00 2.9248306000e+00 2.9248306000e+00 2.9248306000e+00 2.9248306000e+00
2.9248306000e+00 2.9248306000e+00 2.9248306000e+00 2.9248306000e+00 2.9248306000e+00 2.9248306000e+00 2.9248306000e+00 2.9248306000e+00 2.9248306000e+00 2.9248306000e+00 2.9248306000e+00 2.9248306000e+00 2.9248306000e+00 2.9248306000e+00 2.9248306000e+00 2.9248306000e+00 2.9248306000e+00 2.9248306000e+00 2.9248306000e+00 2.9248306000e+00 2.9248306000e+00 2.9248306000e+00 2.9248306000e+00 2.9248306000e+00 2.9248306000e+00
2.9248306000e+00 2.9248306000e+00 2.9248306000e+00 2.9248306000e+00 2.9248306000e+00 2.9248306000e+00 2.9248306000e+00 2.9248306000e+00 2.9248306000e+00 2.9248306000e+00 2.9248306000e+00 2.9248306000e+00 2.9248306000e+00 2.9248306000e+00 2.9248306000e+00 2.9248306000e+00 2.9248306000e+00 2.9248306000e+00 2.9248306000e+00 2.9248306000e+00 2.9248306000e+00 2.9248306000e+00 2.9248306000e+00 2.9248306000e+00 2.9248306000e+00
2.9248306000e+00 2.9248306000e+00 2.9248306000e+00 2.9248306000e+00 2.9248306000e+00 2.9248306000e+00 2.9248306000e+00 2.9248306000e+00 2.9248306000e+00 2.9248306000e+00 2.9248306000e+00 2.9248306000e+00 2.9248306000e+00 2.9248306000e+00 2.9248306000e+00 2.9248306000e+00 2.9248306000e+00 2.9248306000e+00 2.9248306000e+00 2.9248306000e+00 2.9248306000e+00 2.9248306000e+00 2.9248306000e+00 2.9248306000e+00 2.9248306000e+00
2.9248306000e+00 2.9248306000e+00 2.9248306000e+00 2.9248306000e+00 2.9248306000e+00 2.9248306000e+00 2.9248306000e+00 2.9248306000e+00 2.9248306000e+00 2.9248306000e+00 2.9248306000e+00 2.9248306000e+00 2.9248306000e+00 2.9248306000e+00 2.9248306000e+00 2.9248306000e+00 2.9248306000e+00 2.9248306000e+00 2.9248306000e+00 2.9248306000e+00 2.9248306000e+00 2.9248306000e+00 2.9248306000e+00 2.9248306000e+00 2.9248306000e+00
2.9248306000e+00 2.9248306000e+00 2.9248306000e+00 2.9248306000e+00 2.9248306000e+00 2.9248306000e+00 2.9248306000e+00 2.9248306000e+00 2.9248306000e+00 2.9248306000e+00 2.9248306000e+00 2.9248306000e+00 2.9248306000e+00 2.9248306000e+00 2.9248306000e+00 2.9248306000e+00 2.9248306000e+00 2.9248306000e+00 2.9248306000e+00 2.9248306000e+00 2.9248306000e+00 2.9248306000e+00 2.9248306000e+00 2.9248306000e+00 2.9248306000e+00
