7.5068787000e-01 7.8747546000e-01 3.9132726000e-01 8.2678985000e-01 1.0289483000e+00 8.7018442000e-01 8.4567715000e-01 5.9475282000e-01 6.0335177000e-01 8.2060380000e-01 1.2876841000e+00 7.8258912000e-01 3.9925118000e-01 4.9689348000e-01 1.1578565000e+00 1.0215105000e+00 7.7693750000e-01 9.0661867000e-01 7.5415217000e-01 5.0316561000e-01 5.3101974000e-01 6.4171141000e-01 1.0360566000e+00 4.1361312000e-01 5.8539146000e-01
1.7874852000e-01 2.4502090000e-01 3.0755948000e-01 3.5339996000e-01 3.1164942000e-01 2.5047387000e-01 3.1550879000e-01 3.1427789000e-01 2.2865264000e-01 4.1922369000e-01 2.6120891000e-01 1.8772552000e-01 2.8452629000e-01 2.7309735000e-01 2.7939195000e-01 1.7625581000e-01 4.0828838000e-01 3.5188089000e-01 2.3749766000e-01 1.9423148000e-01 3.4339642000e-01 2.5514645000e-01 3.4202697000e-01 2.3089873000e-01 2.0262354000e-01
8.0677404000e-02 7.5791330000e-02 8.9753455000e-02 1.0040283000e-01 8.7519044000e-02 1.0173720000e-01 7.1010306000e-02 6.9921309000e-02 1.0111017000e-01 8.8340347000e-02 1.0466239000e-01 7.7008565000e-02 9.8095036000e-02 1.1463876000e-01 5.5632060000e-02 5.8423923000e-02 1.1830605000e-01 1.5167735000e-01 1.0296771000e-01 1.1482896000e-01 9.6606694000e-02 8.3385968000e-02 1.2482657000e-01 8.4348125000e-02 5.7359536000e-02
4.3701816000e-02 4.1558751000e-02 4.3613604000e-02 5.5892748000e-02 5.4618346000e-02 4.5149861000e-02 3.9675008000e-02 3.7666071000e-02 5.3704103000e-02 4.4805210000e-02 5.9737509000e-02 4.6111402000e-02 6.8662101000e-02 4.8954731000e-02 3.8325325000e-02 3.6481787000e-02 4.7984628000e-02 7.8195979000e-02 5.8282182000e-02 6.9345507000e-02 5.0794533000e-02 5.0226606000e-02 5.4182974000e-02 4.4466235000e-02 4.1853361000e-02
2.9472839000e-02 2.8544222000e-02 3.0478493000e-02 3.2657930000e-02 2.7096594000e-02 3.3302092000e-02 2.6475504000e-02 2.6979584000e-02 3.4129540000e-02 2.5170379000e-02 3.2211230000e-02 3.0751618000e-02 4.2435846000e-02 3.1372223000e-02 2.8643729000e-02 2.5292152000e-02 2.7562503000e-02 3.1039903000e-02 3.1882732000e-02 3.5296385000e-02 3.3003119000e-02 3.0063584000e-02 2.6089224000e-02 2.9269328000e-02 2.9553290000e-02
2.0553787000e-02 2.3744814000e-02 1.9787065000e-02 2.1234288000e-02 1.7748949000e-02 2.4317256000e-02 1.7217109000e-02 1.6477223000e-02 2.6614302000e-02 1.5982022000e-02 2.4191667000e-02 2.3043598000e-02 1.8818193000e-02 1.3756721000e-02 1.6609050000e-02 1.8672267000e-02 1.5503546000e-02 2.5555835000e-02 2.1803846000e-02 2.0960188000e-02 2.2429686000e-02 2.1712957000e-02 1.8999741000e-02 2.2752526000e-02 1.7019923000e-02
2.0370510000e-02 2.1621860000e-02 1.8956050000e-02 2.0918457000e-02 1.5884651000e-02 2.4010597000e-02 1.5461747000e-02 1.5187386000e-02 2.5912737000e-02 1.5173544000e-02 2.3692227000e-02 2.0105663000e-02 1.3046864000e-02 1.2788689000e-02 1.5172843000e-02 1.8243828000e-02 1.5170031000e-02 2.4380845000e-02 1.8545171000e-02 1.8942060000e-02 2.1328131000e-02 2.1133357000e-02 1.8928177000e-02 2.0814475000e-02 1.5203001000e-02
2.0369895000e-02 2.0774899000e-02 1.8953648000e-02 2.0917910000e-02 1.5727730000e-02 2.3626226000e-02 1.5170527000e-02 1.5171008000e-02 2.5910859000e-02 1.5165210000e-02 2.0927936000e-02 1.9383347000e-02 1.2879066000e-02 1.2783144000e-02 1.5165662000e-02 1.5335002000e-02 1.5164913000e-02 2.0298986000e-02 1.8381535000e-02 1.8932005000e-02 2.1227521000e-02 2.1130870000e-02 1.8926072000e-02 2.0773557000e-02 1.5166187000e-02
2.0369427000e-02 2.0772740000e-02 1.8953648000e-02 2.0917909000e-02 1.5709885000e-02 2.2396837000e-02 1.5165673000e-02 1.5166187000e-02 2.5910852000e-02 1.5164922000e-02 2.0794239000e-02 1.9382606000e-02 1.2783603000e-02 1.2783083000e-02 1.5165114000e-02 1.5177967000e-02 1.5164839000e-02 1.9960253000e-02 1.8377565000e-02 1.8931917000e-02 2.1226477000e-02 2.1130854000e-02 1.8926068000e-02 2.0773009000e-02 1.5165098000e-02
2.0369419000e-02 2.0771782000e-02 1.8953648000e-02 2.0917909000e-02 1.5708856000e-02 2.1433669000e-02 1.5165496000e-02 1.5165769000e-02 2.5910852000e-02 1.5164911000e-02 2.0793471000e-02 1.9382572000e-02 1.2783202000e-02 1.2783068000e-02 1.5165013000e-02 1.5165114000e-02 1.5164826000e-02 1.9959452000e-02 1.8377463000e-02 1.8931908000e-02 2.1226453000e-02 2.1130854000e-02 1.8926067000e-02 2.0772827000e-02 1.5165053000e-02
