7.6340245000e-01 3.3117683000e+00 9.3546994000e-01 1.8900000000e+00 2.1342424000e+00 1.6504858000e+00 1.4596399000e+00 1.4078723000e+00 1.7081845000e+00 2.8311765000e+00 1.9539850000e+00 2.6547059000e+00 1.0961711000e+00 1.6900000000e+00 2.1279310000e+00 8.8010870000e-01 1.6345902000e+00 1.9898701000e+00 1.9350000000e+00 1.5527083000e+00 3.5370588000e+00 1.5385714000e+00 3.9470166000e+00 1.7300000000e+00 2.1252941000e+00
7.6340245000e-01 3.3117683000e+00 9.3546994000e-01 1.8900000000e+00 2.1342424000e+00 1.6504858000e+00 1.4596399000e+00 1.4078723000e+00 1.7081845000e+00 2.8311765000e+00 1.9539850000e+00 2.6547059000e+00 1.0961711000e+00 1.6900000000e+00 2.1279310000e+00 8.8010870000e-01 1.6345902000e+00 1.9898701000e+00 1.9350000000e+00 1.5527083000e+00 3.5370588000e+00 1.5385714000e+00 3.9470166000e+00 1.7300000000e+00 2.1252941000e+00
7.6340245000e-01 3.3117683000e+00 9.3546994000e-01 1.8900000000e+00 2.1342424000e+00 1.6504858000e+00 1.4596399000e+00 1.4078723000e+00 1.7081845000e+00 2.8311765000e+00 1.9539850000e+00 2.6547059000e+00 1.0961711000e+00 1.6900000000e+00 2.1279310000e+00 8.8010870000e-01 1.6345902000e+00 1.9898701000e+00 1.9350000000e+00 1.5527083000e+00 3.5370588000e+00 1.5385714000e+00 3.9470166000e+00 1.7300000000e+00 2.1252941000e+00
7.6340245000e-01 3.3117683000e+00 9.3546994000e-01 1.8900000000e+00 2.1342424000e+00 1.6504858000e+00 1.4596399000e+00 1.4078723000e+00 1.7081845000e+00 2.8311765000e+00 1.9539850000e+00 2.6547059000e+00 1.0961711000e+00 1.6900000000e+00 2.1279310000e+00 8.8010870000e-01 1.6345902000e+00 1.9898701000e+00 1.9350000000e+00 1.5527083000e+00 3.5370588000e+00 1.5385714000e+00 3.9470166000e+00 1.7300000000e+00 2.1252941000e+00
7.6340245000e-01 3.3117683000e+00 9.3546994000e-01 1.8900000000e+00 2.1342424000e+00 1.6504858000e+00 1.4596399000e+00 1.4078723000e+00 1.7081845000e+00 2.8311765000e+00 1.9539850000e+00 2.6547059000e+00 1.0961711000e+00 1.6900000000e+00 2.1279310000e+00 8.8010870000e-01 1.6345902000e+00 1.9898701000e+00 1.9350000000e+00 1.5527083000e+00 3.5370588000e+00 1.5385714000e+00 3.9470166000e+00 1.7300000000e+00 2.1252941000e+00
7.6340245000e-01 3.3117683000e+00 9.3546994000e-01 1.8900000000e+00 2.1342424000e+00 1.6504858000e+00 1.4596399000e+00 1.4078723000e+00 1.7081845000e+00 2.8311765000e+00 1.9539850000e+00 2.6547059000e+00 1.0961711000e+00 1.6900000000e+00 2.1279310000e+00 8.8010870000e-01 1.6345902000e+00 1.9898701000e+00 1.9350000000e+00 1.5527083000e+00 3.5370588000e+00 1.5385714000e+00 3.9470166000e+00 1.7300000000e+00 2.1252941000e+00
7.6340245000e-01 3.3117683000e+00 9.3546994000e-01 1.8900000000e+00 2.1342424000e+00 1.6504858000e+00 1.4596399000e+00 1.4078723000e+00 1.7081845000e+00 2.8311765000e+00 1.9539850000e+00 2.6547059000e+00 1.0961711000e+00 1.6900000000e+00 2.1279310000e+00 8.8010870000e-01 1.6345902000e+00 1.9898701000e+00 1.9350000000e+00 1.5527083000e+00 3.5370588000e+00 1.5385714000e+00 3.9470166000e+00 1.7300000000e+00 2.1252941000e+00
7.6340245000e-01 3.3117683000e+00 9.3546994000e-01 1.8900000000e+00 2.1342424000e+00 1.6504858000e+00 1.4596399000e+00 1.4078723000e+00 1.7081845000e+00 2.8311765000e+00 1.9539850000e+00 2.6547059000e+00 1.0961711000e+00 1.6900000000e+00 2.1279310000e+00 1.8627174000e+00 1.6345902000e+00 1.9898701000e+00 1.9350000000e+00 1.5527083000e+00 3.5370588000e+00 1.5385714000e+00 3.9470166000e+00 1.7300000000e+00 2.1252941000e+00
7.6340245000e-01 7.5179400000e-01 9.3546994000e-01 1.8900000000e+00 7.5273879000e-01 1.6504858000e+00 6.1453721000e-01 1.4078723000e+00 1.7081845000e+00 5.4260188000e-01 5.3490967000e-01 5.9484477000e-01 1.0961711000e+00 1.6900000000e+00 2.1279310000e+00 5.3000000000e-01 1.6345902000e+00 1.9898701000e+00 1.9350000000e+00 1.5527083000e+00 3.5370588000e+00 1.5385714000e+00 9.5731893000e-01 7.5363636000e-01 5.4842365000e-01
5.2734694000e-01 5.2576871000e-01 5.2628057000e-01 5.3375169000e-01 5.2628057000e-01 5.2734694000e-01 5.2636364000e-01 7.4666667000e-01 5.4502747000e-01 5.2734694000e-01 5.2689550000e-01 5.2734694000e-01 5.3000000000e-01 5.2636364000e-01 5.3000000000e-01 5.3000000000e-01 5.3037037000e-01 5.3396215000e-01 5.3875910000e-01 5.3000000000e-01 5.4869188000e-01 5.4954481000e-01 5.4095238000e-01 5.3000000000e-01 5.4058824000e-01
