1.0285332529e-01 1.2624084667e-01 1.2483993024e-01 1.1073035533e-01 1.0353035990e-01 1.1642059733e-01 1.2470484467e-01 1.5018809013e-01 1.3052965760e-01 1.1539928080e-01 1.2331886187e-01 1.0105629553e-01 1.1365695073e-01 1.3494708960e-01 1.2332762891e-01 1.2354012293e-01 1.3403110307e-01 1.1151758707e-01 1.3735295820e-01 9.2919246156e-02 1.2738022267e-01 1.3794186820e-01 1.0912165100e-01 1.0185596800e-01 1.2128993167e-01
7.5696165133e-02 8.7701832867e-02 6.4258870100e-02 7.9475905727e-02 7.7232237222e-02 9.3637117067e-02 9.0320611160e-02 9.6636467033e-02 9.3922324267e-02 8.2585175873e-02 6.8083892360e-02 8.6553042933e-02 7.9942156287e-02 8.4327252320e-02 7.5220690762e-02 8.5796895600e-02 8.0759840750e-02 8.5007838873e-02 9.0615893267e-02 7.0297838133e-02 9.0665121780e-02 9.5098580367e-02 7.7326333200e-02 7.7696058867e-02 8.7082885067e-02
5.9920370887e-02 6.5459241200e-02 5.3033603307e-02 5.8703899333e-02 5.9677034000e-02 4.9468755493e-02 6.1899259487e-02 7.0381825333e-02 6.3027411333e-02 4.3821828240e-02 5.5870917973e-02 5.8213228267e-02 5.4952572943e-02 6.4790198867e-02 4.4030578973e-02 6.4996961721e-02 5.8038762667e-02 6.2951970928e-02 5.5109677683e-02 6.1572487291e-02 6.4649541467e-02 6.2403327624e-02 5.7766296987e-02 5.9739961520e-02 6.3153137387e-02
4.4285682860e-02 4.7026328533e-02 3.8369476200e-02 5.2161263867e-02 3.5236841933e-02 4.3525115333e-02 4.4489348847e-02 4.8639921400e-02 3.9852117747e-02 3.8052003587e-02 4.2850220693e-02 5.0224939660e-02 3.5744132400e-02 5.3685599863e-02 4.1045771974e-02 4.3220525447e-02 4.3104207692e-02 3.3255641180e-02 4.0372912977e-02 4.9200566727e-02 4.4097912600e-02 5.3440640533e-02 4.4779529160e-02 4.3693052681e-02 5.0428209287e-02
3.4546517400e-02 3.1262693193e-02 3.7115466873e-02 3.4506037067e-02 3.4097883553e-02 3.4817290007e-02 3.6714268813e-02 3.6463857333e-02 3.3021728913e-02 3.7228135933e-02 4.0454016000e-02 3.5002317753e-02 3.2481205340e-02 4.1022623467e-02 3.3374521253e-02 3.7380115467e-02 3.8699093440e-02 2.9319524000e-02 2.9232687860e-02 3.5827134133e-02 3.9878966291e-02 4.0880662340e-02 2.9179698747e-02 3.7957982253e-02 3.7591302847e-02
3.0479571733e-02 3.1065007273e-02 2.9766378527e-02 3.2164069500e-02 2.5221392540e-02 2.0717644588e-02 3.3112303867e-02 2.8088832133e-02 2.0007922070e-02 2.5985429113e-02 2.5683215227e-02 2.5286825673e-02 2.9713432933e-02 3.6371526933e-02 2.7872433333e-02 3.0258117549e-02 2.3165156713e-02 2.9319524000e-02 1.9062426980e-02 3.1358300267e-02 3.2319631247e-02 2.8805278467e-02 2.2022148747e-02 2.8585725440e-02 3.0255623707e-02
4.0261916867e-04 1.7917370533e-04 6.2155220733e-04 2.8356759933e-04 2.4713860867e-04 3.2263361420e-04 6.7993993333e-04 3.8346999333e-04 4.9600936267e-04 3.4708769400e-04 2.0198045867e-04 1.5286227020e-03 8.1635750267e-04 9.0630076333e-04 5.7128392467e-04 5.4631454400e-04 4.8563333509e-04 6.0393818133e-04 4.1875902533e-04 5.1354257000e-04 8.1518530000e-04 3.6583956400e-04 3.3169294600e-04 3.4251550420e-04 6.5673229867e-04
0.0000000000e+00 0.0000000000e+00 0.0000000000e+00 0.0000000000e+00 0.0000000000e+00 0.0000000000e+00 0.0000000000e+00 0.0000000000e+00 0.0000000000e+00 0.0000000000e+00 0.0000000000e+00 0.0000000000e+00 0.0000000000e+00 0.0000000000e+00 0.0000000000e+00 0.0000000000e+00 0.0000000000e+00 0.0000000000e+00 0.0000000000e+00 0.0000000000e+00 0.0000000000e+00 0.0000000000e+00 0.0000000000e+00 0.0000000000e+00 0.0000000000e+00
0.0000000000e+00 0.0000000000e+00 0.0000000000e+00 0.0000000000e+00 0.0000000000e+00 0.0000000000e+00 0.0000000000e+00 0.0000000000e+00 0.0000000000e+00 0.0000000000e+00 0.0000000000e+00 0.0000000000e+00 0.0000000000e+00 0.0000000000e+00 0.0000000000e+00 0.0000000000e+00 0.0000000000e+00 0.0000000000e+00 0.0000000000e+00 0.0000000000e+00 0.0000000000e+00 0.0000000000e+00 0.0000000000e+00 0.0000000000e+00 0.0000000000e+00
0.0000000000e+00 0.0000000000e+00 0.0000000000e+00 0.0000000000e+00 0.0000000000e+00 0.0000000000e+00 0.0000000000e+00 0.0000000000e+00 0.0000000000e+00 0.0000000000e+00 0.0000000000e+00 0.0000000000e+00 0.0000000000e+00 0.0000000000e+00 0.0000000000e+00 0.0000000000e+00 0.0000000000e+00 0.0000000000e+00 0.0000000000e+00 0.0000000000e+00 0.0000000000e+00 0.0000000000e+00 0.0000000000e+00 0.0000000000e+00 0.0000000000e+00
