3.1716078000e+01 1.8291114000e+01 3.5727391000e+01 1.8869682000e+01 1.4498809000e+01 4.8259455000e+01 1.6237684000e+01 2.0236045000e+01 2.7713496000e+01 1.4285997000e+01 1.1666356000e+01 2.5185038000e+01 1.6534748000e+01 1.9285717000e+01 2.7722505000e+01 3.2815051000e+01 2.7217952000e+01 1.6614501000e+01 1.6681364000e+01 3.1830968000e+01 2.1823531000e+01 1.6843129000e+01 2.0795163000e+01 1.9756895000e+01 1.7367464000e+01
9.5016446000e+00 6.8560341000e+00 7.8223897000e+00 1.9821761000e+01 8.3990784000e+00 2.2060353000e+01 7.6360738000e+00 2.2910828000e+01 8.5908777000e+00 8.9692972000e+00 5.6783889000e+00 1.3049385000e+01 2.0520560000e+01 1.7209825000e+01 1.2330757000e+01 1.7585431000e+01 2.0632563000e+01 1.7570945000e+01 1.1276550000e+01 1.7601519000e+01 7.4282424000e+00 1.5336883000e+01 1.5014175000e+01 1.1779786000e+01 9.1026922000e+00
1.0999263000e+01 1.1298463000e+01 7.2422781000e+00 9.7640562000e+00 5.5152635000e+00 1.0815044000e+01 4.8843729000e+00 7.2188063000e+00 8.5361857000e+00 7.8931338000e+00 2.3652019000e+00 1.1890135000e+01 9.7400220000e+00 1.2104178000e+01 8.9998850000e+00 4.8689942000e+00 8.1719045000e+00 1.7121366000e+01 4.7692264000e+00 8.1155827000e+00 4.0790384000e+00 7.2336917000e+00 5.7710067000e+00 6.5329154000e+00 4.9642031000e+00
7.9801653000e+00 5.0504472000e+00 1.2291638000e+01 6.8260752000e+00 5.6349633000e+00 5.5698850000e+00 9.1953842000e+00 5.5118900000e+00 4.7187928000e+00 4.0704061000e+00 6.9538033000e+00 5.7265585000e+00 4.9459693000e+00 4.0703920000e+00 4.9852013000e+00 4.8279627000e+00 2.5572723000e+00 1.7505193000e+00 6.0648216000e+00 2.0644368000e+00 3.1825408000e+00 7.8913825000e+00 3.8762490000e+00 1.3960083000e+00 4.2116391000e+00
8.1668438000e+00 4.8393728000e+00 7.2873423000e+00 5.7098565000e+00 4.6522262000e+00 6.0132670000e+00 5.5915720000e+00 5.8784973000e+00 5.6999368000e+00 1.6531631000e+00 6.4790801000e+00 5.3248503000e+00 1.5908681000e+00 4.4397291000e+00 5.0626605000e+00 3.9380161000e+00 3.6033954000e+00 2.4948977000e+00 4.2115998000e+00 3.5100111000e+00 5.7760410000e+00 5.4439285000e+00 6.5791123000e+00 2.7221590000e+00 4.1284631000e+00
9.7961955000e+00 7.1787277000e+00 6.8419880000e+00 5.4184140000e+00 4.7231528000e+00 5.7660606000e+00 7.0765708000e+00 3.6305757000e+00 5.2206422000e+00 1.5518873000e+00 7.4122165000e+00 4.3999596000e+00 2.0541617000e+00 4.4726880000e+00 6.6496523000e+00 3.3068510000e+00 3.5070590000e+00 3.8508957000e+00 5.9551484000e+00 5.3288478000e+00 6.9580653000e+00 4.5587277000e+00 7.0712600000e+00 3.0547811000e+00 5.3907916000e+00
9.8502323000e+00 7.4722610000e+00 6.4803399000e+00 6.4193544000e+00 4.3392021000e+00 4.9205281000e+00 7.4267961000e+00 3.3880191000e+00 4.4873490000e+00 1.8467754000e+00 7.4643435000e+00 3.9376065000e+00 1.5135984000e+00 4.5877238000e+00 6.6789028000e+00 3.9947967000e+00 2.6619245000e+00 4.3497689000e+00 6.6235627000e+00 4.6004090000e+00 7.1721728000e+00 4.3790604000e+00 7.6584814000e+00 2.9130437000e+00 5.6573570000e+00
9.1358451000e+00 7.5427140000e+00 6.0995059000e+00 5.5619842000e+00 3.9967512000e+00 4.7903834000e+00 7.3204954000e+00 3.2606672000e+00 4.3633014000e+00 1.7293754000e+00 7.3375803000e+00 3.9173650000e+00 1.1151302000e+00 4.5866336000e+00 6.7065229000e+00 4.0536484000e+00 2.5314813000e+00 4.5890441000e+00 6.7845409000e+00 4.1791070000e+00 6.7532711000e+00 4.3296331000e+00 7.4629846000e+00 2.8404927000e+00 5.4297948000e+00
9.2052209000e+00 7.5599482000e+00 5.8625338000e+00 5.4222095000e+00 3.2907689000e+00 4.7581410000e+00 7.2638045000e+00 3.2305256000e+00 4.3414466000e+00 1.5834565000e+00 7.3327482000e+00 3.9618268000e+00 1.1224401000e+00 4.6039879000e+00 6.7955356000e+00 3.9868285000e+00 2.0522821000e+00 4.6115021000e+00 6.7639550000e+00 3.9897752000e+00 6.5171491000e+00 4.3179219000e+00 7.4665742000e+00 2.8506285000e+00 5.3991193000e+00
9.3099468000e+00 7.6209160000e+00 5.7146953000e+00 5.3253722000e+00 3.1904228000e+00 4.6783318000e+00 7.2463064000e+00 3.2236960000e+00 4.3076149000e+00 1.5616814000e+00 7.3169303000e+00 4.0173782000e+00 1.2428193000e+00 4.6276457000e+00 6.8152797000e+00 3.9477160000e+00 2.0161631000e+00 4.5255313000e+00 6.7311028000e+00 3.9723771000e+00 6.4804458000e+00 4.3160487000e+00 7.4471660000e+00 2.8287185000e+00 5.4061844000e+00
