2.1002360713e+00 2.1586333870e+00 2.0132187859e+00 1.7754241182e+00 2.3235671861e+00 2.0906077468e+00 2.1085804622e+00 2.2868456760e+00 2.3766695921e+00 2.0912376475e+00 2.1755993863e+00 2.0167231738e+00 2.2393854679e+00 1.9791153976e+00 2.2195310855e+00 2.2817875227e+00 2.3126090481e+00 2.0633985435e+00 2.0427427326e+00 1.9853240274e+00 2.1039243697e+00 2.2100036477e+00 2.2873691021e+00 2.2679900176e+00 2.0922740319e+00
9.2675913468e-01 8.1796624234e-01 8.1358154763e-01 7.5518562891e-01 1.0745135088e+00 7.9250081929e-01 9.7008549616e-01 8.2662391124e-01 9.7305522343e-01 9.8665946417e-01 8.6145872811e-01 8.2505551699e-01 9.4610241038e-01 7.9605763933e-01 9.1944231712e-01 8.9791175722e-01 9.5698661033e-01 8.7994952667e-01 7.9591938485e-01 8.1287267936e-01 8.3923703366e-01 9.5713654722e-01 8.6512748391e-01 9.9580076277e-01 8.8285038393e-01
2.7823475833e-01 2.5815080973e-01 2.2475880788e-01 2.3636136421e-01 2.8662166815e-01 3.5204188026e-01 2.8555541639e-01 3.3754183417e-01 3.5432913384e-01 2.6605688928e-01 2.9466193494e-01 2.5192868673e-01 2.9368050618e-01 2.2167389096e-01 3.3533483887e-01 2.5608198995e-01 3.6441505517e-01 3.1167501637e-01 2.8614759946e-01 3.0100299474e-01 2.9883211591e-01 2.9973986758e-01 3.1743242731e-01 2.8337572679e-01 2.8959508648e-01
9.1223261706e-02 9.5455831042e-02 7.3351109686e-02 6.8982902985e-02 1.2872147448e-01 1.6231376411e-01 1.5187069298e-01 1.1068359238e-01 1.7186818334e-01 1.1500376949e-01 1.5520373059e-01 8.5294567228e-02 9.2054391143e-02 8.4707033994e-02 1.2232958563e-01 1.0227445463e-01 1.7510537940e-01 1.5315978185e-01 1.2158010607e-01 1.2241846691e-01 1.3841735125e-01 1.4524795967e-01 1.2409228865e-01 1.1611950132e-01 1.0760172846e-01
4.5219594673e-02 5.6597796234e-02 4.0391833608e-02 3.1365384087e-02 5.8680643324e-02 1.1920005376e-01 1.1718103551e-01 6.1420197644e-02 1.2686483172e-01 9.9381390968e-02 1.2346122080e-01 5.4913408386e-02 4.6689657205e-02 4.7605509882e-02 6.4758080926e-02 5.7125074607e-02 1.2243588019e-01 1.0220842767e-01 7.8306772406e-02 6.8359489186e-02 1.0148809117e-01 7.0211570823e-02 7.4299442067e-02 6.2247010252e-02 5.7330134154e-02
3.5930745624e-02 4.6632268118e-02 2.6154846716e-02 1.8938073422e-02 4.0534266854e-02 9.9657334311e-02 6.8192474189e-02 3.8691318473e-02 7.7193907684e-02 9.0996745823e-02 8.2640585535e-02 3.1540532769e-02 3.8350314352e-02 4.2699967906e-02 3.9637284636e-02 4.2581075344e-02 1.0440878326e-01 9.4737672515e-02 5.9987891101e-02 5.7593982293e-02 7.8829983100e-02 5.4588589282e-02 4.7636255349e-02 3.7301276317e-02 3.3695090057e-02
1.7972418199e-02 2.7990364448e-02 1.2052273054e-02 8.3272470884e-03 2.1768141513e-02 6.4467271916e-02 2.5810875502e-02 2.0182368213e-02 3.0751832142e-02 4.4690905528e-02 4.7505236110e-02 1.7676297553e-02 2.1876009142e-02 2.4148963128e-02 1.6319750883e-02 2.0347912247e-02 6.6807733812e-02 2.6216653820e-02 3.0157169736e-02 2.4876337905e-02 6.1785149587e-02 2.6611057760e-02 2.2252503093e-02 1.5437501274e-02 1.5690627786e-02
1.6358699741e-02 2.3682849888e-02 1.0673468533e-02 7.5605688592e-03 1.6991609781e-02 4.9592668919e-02 1.9783941833e-02 1.5390740987e-02 2.6810406232e-02 3.0984012683e-02 4.0673286131e-02 1.3877426963e-02 1.6663477528e-02 1.5254653880e-02 1.3920803034e-02 1.6420653053e-02 4.6565350883e-02 2.2505296539e-02 2.3126215601e-02 2.2933951464e-02 4.5822627859e-02 2.1814532219e-02 1.9284772910e-02 1.1059833786e-02 1.1191052173e-02
1.5298550478e-02 1.9544961479e-02 9.7126637510e-03 7.0010690515e-03 1.6253928460e-02 2.7843140873e-02 1.7578030129e-02 1.4046096993e-02 2.3862490725e-02 2.9124340100e-02 3.5913303221e-02 1.2647095791e-02 1.5278697513e-02 1.2439477941e-02 1.2747552086e-02 1.4528303875e-02 3.5290338494e-02 2.1837455040e-02 1.8203469556e-02 1.9245563567e-02 3.1373137445e-02 1.8751810584e-02 1.6593839283e-02 9.6344046701e-03 1.0521047830e-02
1.4512065742e-02 1.7707017229e-02 8.0766913113e-03 6.5156933282e-03 1.4769531841e-02 2.6498689137e-02 1.5863588948e-02 1.2889093139e-02 2.2028427055e-02 2.6793083331e-02 2.5320463428e-02 1.1582955739e-02 1.3839704483e-02 1.1524796546e-02 1.1200793996e-02 1.3804774730e-02 3.1957449627e-02 2.0152811059e-02 1.5741528435e-02 1.5002314116e-02 2.9653002783e-02 1.6888678134e-02 1.3937861771e-02 8.7284871497e-03 1.0037775346e-02
