1.4582621000e+02 1.7081946000e+02 1.5925484000e+02 1.2988010000e+02 1.4067197000e+02 1.6183323000e+02 1.3473387000e+02 1.4537359000e+02 1.5605494000e+02 1.7217621000e+02 1.3407190000e+02 1.4832494000e+02 1.3334276000e+02 1.2077506000e+02 1.6421414000e+02 1.6025183000e+02 1.0914986000e+02 1.3618961000e+02 1.6065187000e+02 1.5302000000e+02 1.4229212000e+02 1.0602392000e+02 1.6582847000e+02 1.5073729000e+02 1.3452014000e+02
1.7441435000e+02 1.7008001000e+02 1.5401199000e+02 1.5654929000e+02 1.5546051000e+02 1.3786496000e+02 1.5373018000e+02 1.7462417000e+02 1.2906365000e+02 1.3724470000e+02 1.5440827000e+02 1.4260758000e+02 1.4128531000e+02 1.2254147000e+02 1.3342022000e+02 1.4452838000e+02 1.1438022000e+02 1.3912812000e+02 1.6610836000e+02 1.3368658000e+02 1.4275590000e+02 1.0602392000e+02 1.5472266000e+02 1.3884762000e+02 1.3452014000e+02
1.5672689000e+02 1.7594749000e+02 1.7018090000e+02 1.4215482000e+02 1.4095561000e+02 1.6445272000e+02 1.5319297000e+02 1.8456485000e+02 1.2926425000e+02 1.3983696000e+02 1.6801351000e+02 1.4515688000e+02 1.4128531000e+02 1.2254147000e+02 1.3124519000e+02 1.6161160000e+02 1.1393581000e+02 1.4622797000e+02 1.7354025000e+02 1.3378107000e+02 1.5183115000e+02 1.0635331000e+02 1.5369837000e+02 1.4392626000e+02 1.3225451000e+02
1.6825298000e+02 1.7594749000e+02 1.5443503000e+02 1.6325128000e+02 1.4950423000e+02 1.7788560000e+02 1.5319297000e+02 1.7921143000e+02 1.6074924000e+02 1.3983696000e+02 1.6801351000e+02 1.5047100000e+02 1.4116756000e+02 1.2179295000e+02 1.3015146000e+02 1.6158204000e+02 1.3108053000e+02 1.3973987000e+02 1.7354025000e+02 1.3378107000e+02 1.7325612000e+02 1.0733161000e+02 1.4045229000e+02 1.4156242000e+02 1.1583741000e+02
1.6825298000e+02 1.7594749000e+02 1.3893585000e+02 1.6329249000e+02 1.4776116000e+02 1.7788560000e+02 1.5319297000e+02 1.7921143000e+02 1.6074924000e+02 1.3983696000e+02 1.6801351000e+02 1.5047100000e+02 1.5183494000e+02 1.2121640000e+02 1.3015146000e+02 1.5550281000e+02 1.3108053000e+02 1.3973987000e+02 1.7354025000e+02 1.3378107000e+02 1.7325612000e+02 1.0672460000e+02 1.3332021000e+02 1.4182312000e+02 1.1477062000e+02
1.6825298000e+02 1.7594749000e+02 1.3893585000e+02 1.6329249000e+02 1.4776116000e+02 1.7788560000e+02 1.5319297000e+02 1.7921143000e+02 1.6074924000e+02 1.3983696000e+02 1.6801351000e+02 1.5047100000e+02 1.5183494000e+02 1.2154378000e+02 1.3107359000e+02 1.5550281000e+02 1.3092432000e+02 1.3973987000e+02 1.7354025000e+02 1.3373343000e+02 1.6240197000e+02 1.0777521000e+02 1.3332021000e+02 1.4182312000e+02 1.1477062000e+02
1.6825298000e+02 1.7594749000e+02 1.3893585000e+02 1.6329249000e+02 1.4776116000e+02 1.7788560000e+02 1.5319297000e+02 1.7921143000e+02 1.6074924000e+02 1.3983696000e+02 1.6801351000e+02 1.5047100000e+02 1.5183494000e+02 1.1587646000e+02 1.3212688000e+02 1.5550281000e+02 1.2897603000e+02 1.3973987000e+02 1.7354025000e+02 1.2854916000e+02 1.6240197000e+02 1.0793051000e+02 1.3716741000e+02 1.4182312000e+02 1.1554425000e+02
1.6825298000e+02 1.7594749000e+02 1.3893585000e+02 1.6329249000e+02 1.4776116000e+02 1.7788560000e+02 1.5319297000e+02 1.7921143000e+02 1.6074924000e+02 1.3983696000e+02 1.6801351000e+02 1.5047100000e+02 1.5183494000e+02 1.1620607000e+02 1.3252765000e+02 1.5550281000e+02 1.2765789000e+02 1.3973987000e+02 1.7354025000e+02 1.2322731000e+02 1.6240197000e+02 1.0812912000e+02 1.3716741000e+02 1.4182312000e+02 1.1471935000e+02
1.6825298000e+02 1.7594749000e+02 1.3893585000e+02 1.6329249000e+02 1.4776116000e+02 1.7788560000e+02 1.5319297000e+02 1.7921143000e+02 1.6074924000e+02 1.3983696000e+02 1.6801351000e+02 1.5047100000e+02 1.5183494000e+02 1.1651386000e+02 1.3088633000e+02 1.5550281000e+02 1.2832075000e+02 1.3973987000e+02 1.7354025000e+02 1.2366139000e+02 1.6240197000e+02 1.0826879000e+02 1.3716741000e+02 1.4182312000e+02 1.1364088000e+02
1.6825298000e+02 1.7594749000e+02 1.3893585000e+02 1.6329249000e+02 1.4776116000e+02 1.7788560000e+02 1.5319297000e+02 1.7921143000e+02 1.6074924000e+02 1.3983696000e+02 1.6801351000e+02 1.5047100000e+02 1.5183494000e+02 1.1488364000e+02 1.2806657000e+02 1.5550281000e+02 1.2509184000e+02 1.3973987000e+02 1.7354025000e+02 1.2208960000e+02 1.6240197000e+02 1.0778178000e+02 1.3716741000e+02 1.4182312000e+02 1.1190850000e+02
