2.5219272000e+02 3.1812937000e+02 2.9073035000e+02 2.1888076000e+02 3.7911671000e+02 1.9614667000e+02 2.6219355000e+02 3.6034022000e+02 2.1472058000e+02 2.5243755000e+02 2.1114485000e+02 2.1750861000e+02 4.3368657000e+02 3.7186964000e+02 1.9447846000e+02 5.3504558000e+02 2.1580543000e+02 2.1297227000e+02 2.6913728000e+02 1.9108805000e+02 2.6220787000e+02 2.8920551000e+02 2.0557808000e+02 3.8266225000e+02 2.0800227000e+02
2.1764760000e+02 2.1170721000e+02 2.5131442000e+02 2.0038544000e+02 2.2383514000e+02 2.0472025000e+02 2.0898571000e+02 2.2730885000e+02 2.3010072000e+02 2.1570664000e+02 2.0168481000e+02 1.9107169000e+02 2.8452595000e+02 2.5029951000e+02 2.1991118000e+02 3.6906017000e+02 2.6335876000e+02 1.9489538000e+02 2.4121623000e+02 2.1447175000e+02 2.1556087000e+02 2.2411545000e+02 2.1246549000e+02 3.3364531000e+02 2.1198910000e+02
2.1682918000e+02 2.1802232000e+02 2.4273464000e+02 1.9771818000e+02 2.3243357000e+02 2.0970047000e+02 2.1655029000e+02 3.4468823000e+02 3.2007458000e+02 2.1038677000e+02 1.9864878000e+02 1.9120802000e+02 2.6570169000e+02 2.4578524000e+02 2.1070909000e+02 3.2469846000e+02 3.2524502000e+02 1.9242525000e+02 2.2411362000e+02 1.9866510000e+02 2.2545862000e+02 2.2953052000e+02 2.0289799000e+02 2.8970582000e+02 2.1273048000e+02
2.3138977000e+02 2.1312013000e+02 2.1841439000e+02 1.9475766000e+02 2.1754569000e+02 2.0927028000e+02 2.0764047000e+02 3.3162738000e+02 3.2145744000e+02 2.0994548000e+02 1.9967317000e+02 1.9099922000e+02 2.6144595000e+02 2.4732610000e+02 2.1036969000e+02 2.7734900000e+02 3.3698590000e+02 1.8963090000e+02 2.2754822000e+02 1.9883469000e+02 2.2312673000e+02 2.3216532000e+02 1.9804816000e+02 2.8617204000e+02 2.1904529000e+02
3.3626991000e+02 2.1264382000e+02 2.2603382000e+02 1.9479937000e+02 2.8912087000e+02 2.0771785000e+02 2.0973375000e+02 3.0479048000e+02 2.4133572000e+02 2.1401126000e+02 2.0000123000e+02 1.9151236000e+02 2.6118943000e+02 2.4561135000e+02 2.1044578000e+02 2.5681705000e+02 3.3734449000e+02 1.8954256000e+02 2.3012384000e+02 1.9822537000e+02 2.2204579000e+02 2.4674166000e+02 2.0027147000e+02 2.8503809000e+02 2.8073135000e+02
2.7443637000e+02 2.1262119000e+02 2.2173428000e+02 1.9454309000e+02 2.2921076000e+02 2.6088291000e+02 2.0966405000e+02 3.2557744000e+02 2.1973037000e+02 2.1591646000e+02 1.9993308000e+02 1.9154710000e+02 2.6107853000e+02 2.4783177000e+02 2.1044705000e+02 2.6300469000e+02 3.3756706000e+02 1.8953184000e+02 2.3196901000e+02 1.9831603000e+02 2.2203673000e+02 3.0142821000e+02 1.9771881000e+02 2.8523589000e+02 2.7864730000e+02
1.9760191000e+02 2.1265320000e+02 2.2199762000e+02 1.9453554000e+02 3.5014759000e+02 2.5427900000e+02 2.0943951000e+02 3.4516470000e+02 1.9743452000e+02 2.1780181000e+02 1.9991136000e+02 1.9153495000e+02 2.6107335000e+02 2.4804687000e+02 2.1041683000e+02 2.6256465000e+02 3.2629920000e+02 1.8951921000e+02 2.2495657000e+02 1.9830666000e+02 2.2203080000e+02 2.9253940000e+02 1.9763145000e+02 2.8549553000e+02 2.0423980000e+02
2.0273318000e+02 2.1263650000e+02 2.2198853000e+02 1.9451817000e+02 2.1241792000e+02 2.0703749000e+02 2.0945267000e+02 3.5769922000e+02 1.9739665000e+02 2.0936422000e+02 1.9989308000e+02 1.9151516000e+02 2.6105019000e+02 2.4774816000e+02 2.1040554000e+02 2.6585296000e+02 1.9822353000e+02 1.8950369000e+02 2.2486101000e+02 1.9830363000e+02 2.2201295000e+02 2.0932332000e+02 1.9761039000e+02 2.8547668000e+02 2.0423307000e+02
2.0273318000e+02 2.1261226000e+02 2.2188044000e+02 1.9450581000e+02 2.1239224000e+02 2.0701618000e+02 2.0945267000e+02 2.6213552000e+02 1.9739665000e+02 2.0936386000e+02 1.9987776000e+02 1.9149808000e+02 2.6102450000e+02 2.4782769000e+02 2.1040554000e+02 2.6263061000e+02 1.9820399000e+02 1.8948708000e+02 2.2462852000e+02 1.9829582000e+02 2.2200476000e+02 2.0930903000e+02 1.9759576000e+02 2.8545491000e+02 2.0422135000e+02
2.0273318000e+02 2.1260600000e+02 2.2187296000e+02 1.9450137000e+02 2.1238086000e+02 2.0701228000e+02 2.0945290000e+02 2.6213552000e+02 1.9739665000e+02 2.0936386000e+02 1.9986491000e+02 1.9149482000e+02 2.6101555000e+02 2.4782399000e+02 2.1040554000e+02 2.6263061000e+02 1.9820071000e+02 1.8948406000e+02 2.2462413000e+02 1.9829400000e+02 2.2199445000e+02 2.0930319000e+02 1.9759435000e+02 2.8545362000e+02 2.0421925000e+02
