1.6706976000e+00 1.6708983000e+00 1.6708478000e+00 1.6704381000e+00 1.6707080000e+00 1.6709183000e+00 1.6715908000e+00 1.6713469000e+00 1.6705590000e+00 1.6706020000e+00 1.6708336000e+00 1.6711281000e+00 1.6705594000e+00 1.6704951000e+00 1.6707595000e+00 1.6706130000e+00 1.6706400000e+00 1.6703887000e+00 1.6708354000e+00 1.6703409000e+00 1.6704888000e+00 1.6706394000e+00 1.6707606000e+00 1.6705876000e+00 1.6704489000e+00
1.6702178000e+00 1.6702178000e+00 1.6702178000e+00 1.6702178000e+00 1.6702178000e+00 1.6702178000e+00 1.6702178000e+00 1.6702178000e+00 1.6702177000e+00 1.6702177000e+00 1.6702178000e+00 1.6702178000e+00 1.6702178000e+00 1.6702178000e+00 1.6702178000e+00 1.6702177000e+00 1.6702178000e+00 1.6702177000e+00 1.6702178000e+00 1.6702177000e+00 1.6702178000e+00 1.6702178000e+00 1.6702178000e+00 1.6702178000e+00 1.6702178000e+00
1.6702177000e+00 1.6702177000e+00 1.6702177000e+00 1.6702177000e+00 1.6702177000e+00 1.6702177000e+00 1.6702177000e+00 1.6702177000e+00 1.6702177000e+00 1.6702177000e+00 1.6702177000e+00 1.6702177000e+00 1.6702177000e+00 1.6702177000e+00 1.6702177000e+00 1.6702177000e+00 1.6702177000e+00 1.6702177000e+00 1.6702177000e+00 1.6702177000e+00 1.6702177000e+00 1.6702177000e+00 1.6702177000e+00 1.6702177000e+00 1.6702177000e+00
1.6702177000e+00 1.6702177000e+00 1.6702177000e+00 1.6702177000e+00 1.6702177000e+00 1.6702177000e+00 1.6702177000e+00 1.6702177000e+00 1.6702177000e+00 1.6702177000e+00 1.6702177000e+00 1.6702177000e+00 1.6702177000e+00 1.6702177000e+00 1.6702177000e+00 1.6702177000e+00 1.6702177000e+00 1.6702177000e+00 1.6702177000e+00 1.6702177000e+00 1.6702177000e+00 1.6702177000e+00 1.6702177000e+00 1.6702177000e+00 1.6702177000e+00
1.6702177000e+00 1.6702177000e+00 1.6702177000e+00 1.6702177000e+00 1.6702177000e+00 1.6702177000e+00 1.6702177000e+00 1.6702177000e+00 1.6702177000e+00 1.6702177000e+00 1.6702177000e+00 1.6702177000e+00 1.6702177000e+00 1.6702177000e+00 1.6702177000e+00 1.6702177000e+00 1.6702177000e+00 1.6702177000e+00 1.6702177000e+00 1.6702177000e+00 1.6702177000e+00 1.6702177000e+00 1.6702177000e+00 1.6702177000e+00 1.6702177000e+00
1.6702177000e+00 1.6702177000e+00 1.6702177000e+00 1.6702177000e+00 1.6702177000e+00 1.6702177000e+00 1.6702177000e+00 1.6702177000e+00 1.6702177000e+00 1.6702177000e+00 1.6702177000e+00 1.6702177000e+00 1.6702177000e+00 1.6702177000e+00 1.6702177000e+00 1.6702177000e+00 1.6702177000e+00 1.6702177000e+00 1.6702177000e+00 1.6702177000e+00 1.6702177000e+00 1.6702177000e+00 1.6702177000e+00 1.6702177000e+00 1.6702177000e+00
1.6702177000e+00 1.6702177000e+00 1.6702177000e+00 1.6702177000e+00 1.6702177000e+00 1.6702177000e+00 1.6702177000e+00 1.6702177000e+00 1.6702177000e+00 1.6702177000e+00 1.6702177000e+00 1.6702177000e+00 1.6702177000e+00 1.6702177000e+00 1.6702177000e+00 1.6702177000e+00 1.6702177000e+00 1.6702177000e+00 1.6702177000e+00 1.6702177000e+00 1.6702177000e+00 1.6702177000e+00 1.6702177000e+00 1.6702177000e+00 1.6702177000e+00
1.6702177000e+00 1.6702177000e+00 1.6702177000e+00 1.6702177000e+00 1.6702177000e+00 1.6702177000e+00 1.6702177000e+00 1.6702177000e+00 1.6702177000e+00 1.6702177000e+00 1.6702177000e+00 1.6702177000e+00 1.6702177000e+00 1.6702177000e+00 1.6702177000e+00 1.6702177000e+00 1.6702177000e+00 1.6702177000e+00 1.6702177000e+00 1.6702177000e+00 1.6702177000e+00 1.6702177000e+00 1.6702177000e+00 1.6702177000e+00 1.6702177000e+00
1.6702177000e+00 1.6702177000e+00 1.6702177000e+00 1.6702177000e+00 1.6702177000e+00 1.6702177000e+00 1.6702177000e+00 1.6702177000e+00 1.6702177000e+00 1.6702177000e+00 1.6702177000e+00 1.6702177000e+00 1.6702177000e+00 1.6702177000e+00 1.6702177000e+00 1.6702177000e+00 1.6702177000e+00 1.6702177000e+00 1.6702177000e+00 1.6702177000e+00 1.6702177000e+00 1.6702177000e+00 1.6702177000e+00 1.6702177000e+00 1.6702177000e+00
1.6702177000e+00 1.6702177000e+00 1.6702177000e+00 1.6702177000e+00 1.6702177000e+00 1.6702177000e+00 1.6702177000e+00 1.6702177000e+00 1.6702177000e+00 1.6702177000e+00 1.6702177000e+00 1.6702177000e+00 1.6702177000e+00 1.6702177000e+00 1.6702177000e+00 1.6702177000e+00 1.6702177000e+00 1.6702177000e+00 1.6702177000e+00 1.6702177000e+00 1.6702177000e+00 1.6702177000e+00 1.6702177000e+00 1.6702177000e+00 1.6702177000e+00
