1.1599908845e+00 1.1281688750e+00 1.2993379362e+00 1.1039989617e+00 1.1626084537e+00 1.2541277037e+00 1.1255839157e+00 1.1358882083e+00 1.0623059075e+00 1.1907039233e+00 1.1309291183e+00 1.1578014512e+00 9.9298511467e-01 1.2995188833e+00 1.0472999598e+00 1.0428184967e+00 1.1378271498e+00 1.1753812933e+00 1.1893414050e+00 1.1639684667e+00 1.2471017367e+00 1.1147461183e+00 1.3196813033e+00 1.1124378732e+00 1.1210848940e+00
4.9866968450e-01 4.6256800250e-01 5.1965019967e-01 4.7676473283e-01 4.6427346433e-01 4.9776699033e-01 4.2768549767e-01 4.3387685587e-01 4.1764825433e-01 3.9673328583e-01 3.5011112467e-01 3.5867374200e-01 4.1033129467e-01 4.5376354117e-01 3.7583683717e-01 4.3862306353e-01 3.2811576800e-01 3.8838972183e-01 5.3183043583e-01 5.0451551917e-01 5.2701693388e-01 3.7405115617e-01 5.0319806033e-01 4.8919322733e-01 4.4600832732e-01
5.4700201967e-02 9.0011839333e-02 1.1305531317e-01 3.3250696092e-02 3.5092399033e-02 3.2692376850e-02 3.4221088167e-02 5.1211660150e-02 5.5952900833e-02 3.0805133008e-02 4.3736635350e-02 3.2913136805e-02 5.1681052017e-02 8.8794042667e-02 3.2012086450e-02 3.6687561117e-02 2.6912228883e-02 5.7958360250e-02 4.4767719733e-02 5.1043158450e-02 1.3399423742e-01 3.0397201442e-02 9.3960601167e-02 1.3623583678e-01 4.5211649117e-02
1.4199139200e-02 1.5639272005e-02 1.7735886383e-02 1.3493275017e-02 1.4518284998e-02 1.3454255968e-02 1.2174068333e-02 1.4052592488e-02 1.6249402733e-02 1.3439754150e-02 1.4286057983e-02 1.1814049072e-02 1.3116385917e-02 1.5518535705e-02 1.2755079283e-02 1.0114780373e-02 9.9076149767e-03 1.3198875597e-02 1.6988865917e-02 1.3464680388e-02 1.5880665243e-02 1.2375794933e-02 1.8662843980e-02 2.0339218945e-02 1.8801791155e-02
3.3410128767e-03 9.5395023667e-03 8.0412736883e-03 7.3668340500e-03 8.1788269483e-03 5.6842599450e-03 4.9286955950e-03 5.7760089800e-03 8.4580623350e-03 5.3672068833e-03 8.0701317233e-03 6.1385479733e-03 5.9785939817e-03 7.5661788850e-03 4.9613481850e-03 5.9597988667e-03 4.6409304417e-03 7.6087985450e-03 7.3295446017e-03 6.3984453667e-03 1.0101953703e-02 6.0210455267e-03 5.8529625417e-03 8.6772780600e-03 8.7245067733e-03
1.4236546667e-03 5.1415709583e-03 3.4463859200e-03 2.8474129900e-03 3.8169617567e-03 2.2817487267e-03 1.7886331167e-03 2.3004132717e-03 3.4181633550e-03 2.4466004033e-03 2.7505884033e-03 2.7521053300e-03 1.8556133767e-03 3.3602136300e-03 2.2249032967e-03 3.1127313850e-03 2.9522125550e-03 3.3617711600e-03 3.3944603550e-03 2.5404562467e-03 4.1920046783e-03 2.2833400600e-03 3.1077858550e-03 3.7863938483e-03 3.8502159683e-03
5.1104586500e-04 2.2264051483e-03 1.2213427983e-03 1.3773435683e-03 2.1390587883e-03 9.6318988500e-04 6.6630177000e-04 1.2990598033e-03 1.3957868167e-03 9.8894333333e-04 9.1835988333e-04 1.0937191767e-03 5.7257041667e-04 1.5480766217e-03 1.0088854667e-03 1.3889938417e-03 1.3737326017e-03 1.3747088417e-03 1.6030907450e-03 8.0566749833e-04 1.5795978367e-03 9.2541484167e-04 1.6866032950e-03 1.3655975000e-03 1.5139145367e-03
2.0431733167e-04 1.4620393033e-03 7.8504536667e-04 1.0043345167e-03 1.7450144833e-03 5.4463823333e-04 2.6141682333e-04 7.2897834500e-04 9.7610911000e-04 4.9869204833e-04 4.7045251500e-04 5.4672006333e-04 2.2863455000e-04 1.1734740283e-03 7.3625680667e-04 1.0870694667e-03 8.1191689000e-04 9.7249951333e-04 1.0643280667e-03 4.1440831667e-04 9.8591293667e-04 7.0205108333e-04 1.2608295083e-03 1.0957303017e-03 1.0032851667e-03
5.7017031667e-05 6.3286809333e-04 3.1438356667e-04 6.0408287833e-04 1.0627404717e-03 2.4582590833e-04 1.3191278000e-04 4.3239273333e-04 6.9329777833e-04 2.5844851000e-04 2.0722490667e-04 1.0245191167e-04 4.6240856667e-05 9.5239398167e-04 2.2612288333e-04 7.5733083833e-04 5.2188796500e-04 7.0890233667e-04 7.9081663333e-04 1.8219584167e-04 5.9380150000e-04 4.4009790667e-04 9.2075439667e-04 6.4305205667e-04 4.1750664333e-04
0.0000000000e+00 1.5080834667e-04 0.0000000000e+00 8.8139526667e-05 6.2475047167e-04 0.0000000000e+00 0.0000000000e+00 0.0000000000e+00 3.0643891667e-04 0.0000000000e+00 0.0000000000e+00 0.0000000000e+00 0.0000000000e+00 2.9775288500e-04 0.0000000000e+00 3.3988594667e-04 1.8807923333e-04 4.6704305000e-04 4.3167646333e-04 0.0000000000e+00 7.0710818333e-05 1.1351075333e-04 5.0372856000e-04 2.1393815000e-04 0.0000000000e+00
