7.0491235000e+03 7.5790493000e+03 7.1255533000e+03 7.2721073000e+03 7.0991608000e+03 7.1063253000e+03 7.2810692000e+03 7.2397368000e+03 7.1805344000e+03 7.1132250000e+03 7.0823002000e+03 7.3168451000e+03 7.0935631000e+03 7.0600651000e+03 7.0612245000e+03 7.0337162000e+03 7.1701838000e+03 7.0959536000e+03 7.0870312000e+03 7.9502918000e+03 7.1506017000e+03 7.0496482000e+03 7.5258894000e+03 7.0650662000e+03 7.0811861000e+03
7.0500079000e+03 7.0615088000e+03 7.1043295000e+03 7.0497191000e+03 7.0574990000e+03 7.0489985000e+03 7.0571979000e+03 7.0549362000e+03 7.0490623000e+03 7.0626362000e+03 7.0508111000e+03 7.0661867000e+03 7.0516733000e+03 7.0549148000e+03 7.0497536000e+03 7.0598957000e+03 7.0804117000e+03 7.0626668000e+03 7.0652930000e+03 7.1734708000e+03 7.0550750000e+03 7.0553230000e+03 7.0503712000e+03 7.0549785000e+03 7.0575337000e+03
7.0491061000e+03 7.0490791000e+03 7.0492989000e+03 7.0490387000e+03 7.0490767000e+03 7.0490658000e+03 7.0490983000e+03 7.0490338000e+03 7.0490688000e+03 7.0491173000e+03 7.0492047000e+03 7.0490592000e+03 7.0491491000e+03 7.0492102000e+03 7.0491112000e+03 7.0490386000e+03 7.0491252000e+03 7.0490861000e+03 7.0490649000e+03 7.0490575000e+03 7.0490517000e+03 7.0490791000e+03 7.0491094000e+03 7.0490446000e+03 7.0495933000e+03
7.0490371000e+03 7.0490372000e+03 7.0490381000e+03 7.0490368000e+03 7.0490370000e+03 7.0490373000e+03 7.0490374000e+03 7.0490394000e+03 7.0490374000e+03 7.0490381000e+03 7.0490415000e+03 7.0490372000e+03 7.0490384000e+03 7.0490377000e+03 7.0490372000e+03 7.0490368000e+03 7.0490373000e+03 7.0490373000e+03 7.0490371000e+03 7.0490369000e+03 7.0490373000e+03 7.0490377000e+03 7.0490377000e+03 7.0490374000e+03 7.0490372000e+03
7.0490370000e+03 7.0490370000e+03 7.0490370000e+03 7.0490370000e+03 7.0490370000e+03 7.0490370000e+03 7.0490370000e+03 7.0490370000e+03 7.0490370000e+03 7.0490370000e+03 7.0490370000e+03 7.0490370000e+03 7.0490370000e+03 7.0490370000e+03 7.0490370000e+03 7.0490370000e+03 7.0490370000e+03 7.0490370000e+03 7.0490370000e+03 7.0490370000e+03 7.0490370000e+03 7.0490370000e+03 7.0490370000e+03 7.0490370000e+03 7.0490370000e+03
7.0490370000e+03 7.0490370000e+03 7.0490370000e+03 7.0490370000e+03 7.0490370000e+03 7.0490370000e+03 7.0490370000e+03 7.0490370000e+03 7.0490370000e+03 7.0490370000e+03 7.0490370000e+03 7.0490370000e+03 7.0490370000e+03 7.0490370000e+03 7.0490370000e+03 7.0490370000e+03 7.0490370000e+03 7.0490370000e+03 7.0490370000e+03 7.0490370000e+03 7.0490370000e+03 7.0490370000e+03 7.0490370000e+03 7.0490370000e+03 7.0490370000e+03
7.0490370000e+03 7.0490370000e+03 7.0490370000e+03 7.0490370000e+03 7.0490370000e+03 7.0490370000e+03 7.0490370000e+03 7.0490370000e+03 7.0490370000e+03 7.0490370000e+03 7.0490370000e+03 7.0490370000e+03 7.0490370000e+03 7.0490370000e+03 7.0490370000e+03 7.0490370000e+03 7.0490370000e+03 7.0490370000e+03 7.0490370000e+03 7.0490370000e+03 7.0490370000e+03 7.0490370000e+03 7.0490370000e+03 7.0490370000e+03 7.0490370000e+03
7.0490370000e+03 7.0490370000e+03 7.0490370000e+03 7.0490370000e+03 7.0490370000e+03 7.0490370000e+03 7.0490370000e+03 7.0490370000e+03 7.0490370000e+03 7.0490370000e+03 7.0490370000e+03 7.0490370000e+03 7.0490370000e+03 7.0490370000e+03 7.0490370000e+03 7.0490370000e+03 7.0490370000e+03 7.0490370000e+03 7.0490370000e+03 7.0490370000e+03 7.0490370000e+03 7.0490370000e+03 7.0490370000e+03 7.0490370000e+03 7.0490370000e+03
7.0490370000e+03 7.0490370000e+03 7.0490370000e+03 7.0490370000e+03 7.0490370000e+03 7.0490370000e+03 7.0490370000e+03 7.0490370000e+03 7.0490370000e+03 7.0490370000e+03 7.0490370000e+03 7.0490370000e+03 7.0490370000e+03 7.0490370000e+03 7.0490370000e+03 7.0490370000e+03 7.0490370000e+03 7.0490370000e+03 7.0490370000e+03 7.0490370000e+03 7.0490370000e+03 7.0490370000e+03 7.0490370000e+03 7.0490370000e+03 7.0490370000e+03
7.0490370000e+03 7.0490370000e+03 7.0490370000e+03 7.0490370000e+03 7.0490370000e+03 7.0490370000e+03 7.0490370000e+03 7.0490370000e+03 7.0490370000e+03 7.0490370000e+03 7.0490370000e+03 7.0490370000e+03 7.0490370000e+03 7.0490370000e+03 7.0490370000e+03 7.0490370000e+03 7.0490370000e+03 7.0490370000e+03 7.0490370000e+03 7.0490370000e+03 7.0490370000e+03 7.0490370000e+03 7.0490370000e+03 7.0490370000e+03 7.0490370000e+03
