8.7027218000e-01 9.9542009000e-01 5.5191602000e-01 3.9598485000e-01 8.9007187000e-01 1.1861758000e+00 8.4980840000e-01 1.0553722000e+00 1.1369106000e+00 1.2439897000e+00 3.6079613000e-01 7.7745911000e-01 5.4442174000e-01 6.5235668000e-01 6.0774483000e-01 9.0113840000e-01 8.0390227000e-01 1.0212643000e+00 5.6443259000e-01 9.7608772000e-01 6.0675109000e-01 9.8696264000e-01 6.0198081000e-01 1.0279400000e+00 5.0703098000e-01
4.0497600000e-01 2.4035450000e-01 6.3319540000e-01 5.2942688000e-01 9.2624333000e-01 5.1774995000e-01 4.0809907000e-01 6.8226982000e-01 9.8901970000e-01 3.1499638000e-01 3.0213792000e-01 4.7369488000e-01 3.9185601000e-01 4.5767942000e-01 5.3429612000e-01 4.2034036000e-01 3.1402295000e-01 4.8390352000e-01 3.5185404000e-01 8.0856466000e-01 3.3900325000e-01 5.1860536000e-01 4.5296527000e-01 3.2078508000e-01 3.3995298000e-01
1.2937479000e-01 1.1266943000e-01 1.4752253000e-01 1.2686570000e-01 2.1800005000e-01 1.0948685000e-01 1.1377069000e-01 1.7416145000e-01 4.8817035000e-01 8.3688682000e-02 9.7096932000e-02 1.0813209000e-01 1.0135744000e-01 1.5025430000e-01 2.0303273000e-01 1.1768654000e-01 8.7982875000e-02 1.9165909000e-01 1.0898717000e-01 2.3006069000e-01 1.0123922000e-01 1.3196624000e-01 1.3932351000e-01 1.1721741000e-01 9.9150687000e-02
6.2063310000e-02 6.8938146000e-02 8.1364409000e-02 5.4724430000e-02 9.6865265000e-02 6.0028531000e-02 5.3379000000e-02 6.3795063000e-02 1.8052308000e-01 6.4682074000e-02 5.2222343000e-02 5.3818300000e-02 4.7865951000e-02 6.3313126000e-02 5.5702711000e-02 6.6239001000e-02 4.1566865000e-02 1.1354759000e-01 6.8769839000e-02 1.0159794000e-01 6.5760588000e-02 7.0385961000e-02 6.8028945000e-02 6.6438217000e-02 4.4389778000e-02
4.2641714000e-02 4.1715272000e-02 4.4880841000e-02 3.4141758000e-02 5.1676646000e-02 3.3244047000e-02 3.5452230000e-02 3.8810380000e-02 8.1944035000e-02 4.2400551000e-02 3.5785692000e-02 3.9042545000e-02 3.4306004000e-02 3.8497761000e-02 4.2975230000e-02 3.5383192000e-02 2.9986605000e-02 4.8224848000e-02 4.6317361000e-02 6.6993170000e-02 4.1452416000e-02 4.0127328000e-02 4.8614715000e-02 4.0413429000e-02 3.1439895000e-02
2.9840146000e-02 3.5311838000e-02 3.0935909000e-02 2.2773644000e-02 3.7344485000e-02 2.3133165000e-02 2.7589654000e-02 2.9248720000e-02 3.8390535000e-02 2.8008206000e-02 2.7507889000e-02 2.9152719000e-02 2.6408521000e-02 2.4926229000e-02 2.9646046000e-02 2.5740464000e-02 2.3326314000e-02 2.8357973000e-02 2.9671365000e-02 4.5890056000e-02 3.2681938000e-02 2.7366961000e-02 3.6311448000e-02 3.1541442000e-02 2.1876643000e-02
2.0246638000e-02 3.3986134000e-02 3.0660933000e-02 2.0240868000e-02 3.5239084000e-02 2.2908456000e-02 2.7515256000e-02 2.0535438000e-02 3.1889701000e-02 2.7486963000e-02 2.6760167000e-02 2.8976886000e-02 2.2652399000e-02 2.0247142000e-02 2.2442241000e-02 2.4814317000e-02 2.0286852000e-02 2.1000118000e-02 2.4973190000e-02 4.1640509000e-02 3.1855564000e-02 2.7244250000e-02 3.1340737000e-02 3.0114640000e-02 2.0242465000e-02
2.0240336000e-02 3.3713545000e-02 3.0660491000e-02 2.0240335000e-02 3.5144416000e-02 2.2905771000e-02 2.7515076000e-02 2.0242326000e-02 3.0857315000e-02 2.4944809000e-02 2.6752696000e-02 2.8976375000e-02 2.0241901000e-02 2.0240338000e-02 2.1002865000e-02 2.4814015000e-02 2.0240355000e-02 2.0996704000e-02 2.4797938000e-02 4.0495077000e-02 3.1826506000e-02 2.7243773000e-02 3.1317327000e-02 3.0080048000e-02 2.0240336000e-02
2.0240335000e-02 3.3713252000e-02 3.0660490000e-02 2.0240335000e-02 3.5144104000e-02 2.2905700000e-02 2.7515075000e-02 2.0240346000e-02 3.0789947000e-02 2.1642577000e-02 2.6752693000e-02 2.8976372000e-02 2.0240339000e-02 2.0240336000e-02 2.1002367000e-02 2.4814014000e-02 2.0240335000e-02 2.0996694000e-02 2.4797412000e-02 4.0493576000e-02 3.1824915000e-02 2.7243771000e-02 3.1317101000e-02 3.0080001000e-02 2.0240335000e-02
2.0240335000e-02 3.3713251000e-02 3.0660490000e-02 2.0240335000e-02 3.5144099000e-02 2.2905697000e-02 2.7515075000e-02 2.0240338000e-02 3.0789926000e-02 2.1338645000e-02 2.6752692000e-02 2.8976372000e-02 2.0240336000e-02 2.0240336000e-02 2.1002365000e-02 2.4814014000e-02 2.0240335000e-02 2.0996693000e-02 2.4797404000e-02 4.0493575000e-02 3.1824839000e-02 2.7243771000e-02 3.1317074000e-02 3.0080000000e-02 2.0240335000e-02
