-5.2483504000e+03 -5.1796466000e+03 -5.1996482000e+03 -5.2731261000e+03 -5.2692868000e+03 -5.2178569000e+03 -5.1991828000e+03 -5.2479814000e+03 -5.3965540000e+03 -5.4058370000e+03 -5.1587177000e+03 -5.2026769000e+03 -5.1604573000e+03 -5.2052809000e+03 -5.2077198000e+03 -5.3075434000e+03 -5.1941337000e+03 -5.2080897000e+03 -5.1845693000e+03 -5.2264589000e+03 -5.2463685000e+03 -5.2108545000e+03 -5.2252392000e+03 -5.3365771000e+03 -5.2044201000e+03
-5.3202331000e+03 -5.4812682000e+03 -5.3136372000e+03 -5.3259569000e+03 -5.3363817000e+03 -5.3416435000e+03 -5.3260354000e+03 -5.3536699000e+03 -5.3965540000e+03 -5.4723697000e+03 -5.3317475000e+03 -5.3686354000e+03 -5.3075076000e+03 -5.3947384000e+03 -5.2930501000e+03 -5.3241992000e+03 -5.2982754000e+03 -5.2465580000e+03 -5.3102389000e+03 -5.3294799000e+03 -5.3504097000e+03 -5.4121503000e+03 -5.2890854000e+03 -5.3766812000e+03 -5.3229315000e+03
-5.5146075000e+03 -5.5598120000e+03 -5.5321596000e+03 -5.4413860000e+03 -5.3644081000e+03 -5.4197425000e+03 -5.4310906000e+03 -5.4921909000e+03 -5.4195910000e+03 -5.6241268000e+03 -5.3485767000e+03 -5.5251670000e+03 -5.3384726000e+03 -5.4714592000e+03 -5.4691934000e+03 -5.3808448000e+03 -5.4630807000e+03 -5.4363532000e+03 -5.4109927000e+03 -5.3993293000e+03 -5.4286964000e+03 -5.6055360000e+03 -5.3788388000e+03 -5.4680456000e+03 -5.3727380000e+03
-5.6051360000e+03 -5.7710058000e+03 -5.5938985000e+03 -5.5181558000e+03 -5.4883262000e+03 -5.4937682000e+03 -5.5438936000e+03 -5.6704021000e+03 -5.4831866000e+03 -5.6241268000e+03 -5.4595705000e+03 -5.6040102000e+03 -5.4548473000e+03 -5.5229828000e+03 -5.5270447000e+03 -5.5032623000e+03 -5.5745453000e+03 -5.5118162000e+03 -5.5041090000e+03 -5.5006299000e+03 -5.5620619000e+03 -5.6758252000e+03 -5.4885573000e+03 -5.6050154000e+03 -5.4907163000e+03
-5.6609735000e+03 -5.8197450000e+03 -5.7591985000e+03 -5.6097189000e+03 -5.5364785000e+03 -5.5854372000e+03 -5.6360107000e+03 -5.7304188000e+03 -5.5699399000e+03 -5.6241268000e+03 -5.7137521000e+03 -5.6443756000e+03 -5.5632304000e+03 -5.6505372000e+03 -5.6396136000e+03 -5.5706666000e+03 -5.7125912000e+03 -5.6629844000e+03 -5.5770194000e+03 -5.6158469000e+03 -5.6240633000e+03 -5.8066917000e+03 -5.6272357000e+03 -5.6927418000e+03 -5.6852869000e+03
-5.7283762000e+03 -5.8276737000e+03 -5.8478735000e+03 -5.7360180000e+03 -5.5963581000e+03 -5.7098443000e+03 -5.7795017000e+03 -5.8322281000e+03 -5.6054825000e+03 -5.6542555000e+03 -5.7636688000e+03 -5.7379134000e+03 -5.6822041000e+03 -5.6772481000e+03 -5.7552363000e+03 -5.7432464000e+03 -5.8089637000e+03 -5.7464650000e+03 -5.6752284000e+03 -5.7226478000e+03 -5.6633948000e+03 -5.8467952000e+03 -5.7290232000e+03 -5.8080251000e+03 -5.7148372000e+03
-5.8656969000e+03 -5.9116270000e+03 -5.9280933000e+03 -5.9076365000e+03 -5.6822628000e+03 -5.8115440000e+03 -5.8222685000e+03 -5.8913101000e+03 -5.7041544000e+03 -5.6939192000e+03 -5.7735873000e+03 -5.8459664000e+03 -5.7067071000e+03 -5.7164929000e+03 -5.7693162000e+03 -5.7825137000e+03 -5.8920993000e+03 -5.8357774000e+03 -5.7006627000e+03 -5.8328587000e+03 -5.7428078000e+03 -5.9226259000e+03 -5.7598563000e+03 -5.8458265000e+03 -5.7347084000e+03
-6.0110229000e+03 -5.9536114000e+03 -6.0502160000e+03 -5.9497065000e+03 -5.7640942000e+03 -5.8234633000e+03 -5.8536258000e+03 -5.9641218000e+03 -5.7659561000e+03 -5.7815783000e+03 -5.8036218000e+03 -5.9486800000e+03 -5.7314856000e+03 -5.7832865000e+03 -5.8188685000e+03 -5.7918438000e+03 -5.9327970000e+03 -5.8868308000e+03 -5.8098247000e+03 -5.9137426000e+03 -5.8301111000e+03 -5.9995043000e+03 -5.7837531000e+03 -5.8977412000e+03 -5.7588302000e+03
-6.0450022000e+03 -6.0460970000e+03 -6.0808013000e+03 -6.0189216000e+03 -5.8569432000e+03 -5.8755462000e+03 -5.8883086000e+03 -6.0634670000e+03 -5.8324106000e+03 -5.8532304000e+03 -5.8960315000e+03 -6.0236278000e+03 -5.8105058000e+03 -5.8266463000e+03 -5.8628831000e+03 -5.8354787000e+03 -6.0484787000e+03 -5.9859377000e+03 -5.8754311000e+03 -5.9873837000e+03 -5.9325217000e+03 -6.0368841000e+03 -5.8817036000e+03 -6.0171839000e+03 -5.8427437000e+03
-6.1579555000e+03 -6.1772414000e+03 -6.1447967000e+03 -6.1452892000e+03 -5.9141317000e+03 -5.9447556000e+03 -5.9446750000e+03 -6.1972807000e+03 -5.9538004000e+03 -6.0448122000e+03 -5.9756495000e+03 -6.1239661000e+03 -5.9642853000e+03 -5.9283967000e+03 -5.8890798000e+03 -5.9448506000e+03 -6.1086705000e+03 -6.1111979000e+03 -5.9449747000e+03 -6.1067588000e+03 -5.9528594000e+03 -6.1645014000e+03 -5.9127833000e+03 -6.1679167000e+03 -5.8898479000e+03
